model name,query index,answer,crash,colored reduce time,unfold time,reduce time,verification time,verification memory,solved by query simplification,state space size,original place count,original transition count,colored reduce place count,colored reduce transition count,unfolded place count,unfolded transition count,reduced place count,reduced transition count,rule A,rule B,rule C,rule D,rule E,rule F,rule G,rule H,rule I,rule J,rule K,rule L,rule M,rule N,rule O,rule P,rule Q,rule R,rule S,rule 0,rule 1,rule 2,rule 3,rule 4,rule 5,rule 6
AirplaneLD-COL-0010,1,TRUE,NONE,1.7e-05,0.000383,0.000237,0.002402,6628,FALSE,0,20,15,20,15,29,27,15,14,0,1,0,1,0,0,0,0,1,0,0,0,0,0,0,0,0,0,7,0,0,0,0,0,0,0
AirplaneLD-COL-0010,2,TRUE,NONE,1.7e-05,0.000376,0.000308,0.002397,6628,FALSE,0,20,15,20,15,29,27,15,15,0,1,1,1,0,0,0,0,1,0,0,1,0,0,0,0,0,0,7,0,0,0,0,0,0,0
AirplaneLD-COL-0010,3,TRUE,NONE,1.6e-05,0.000361,0.000322,0.002281,6628,FALSE,0,20,15,20,15,29,27,17,19,0,1,1,1,0,0,0,0,1,0,0,0,0,0,0,0,0,0,4,0,0,0,0,0,0,0
AirplaneLD-COL-0010,4,TRUE,NONE,1.7e-05,0.000383,0.000269,0.002405,6780,FALSE,0,20,15,20,15,29,27,17,17,0,1,0,1,0,0,0,0,1,0,0,0,0,0,0,0,0,0,4,0,0,0,0,0,0,0
AirplaneLD-COL-0010,5,FALSE,NONE,1.6e-05,0.00036,0.000246,0.002282,6780,FALSE,0,20,15,20,15,29,27,17,19,0,0,1,1,0,0,0,0,1,0,0,0,0,0,0,0,0,0,6,0,0,0,0,0,0,0
AirplaneLD-COL-0010,6,FALSE,NONE,1.7e-05,0.000377,0.000298,0.002251,6636,FALSE,0,20,15,20,15,29,27,18,21,0,1,1,0,0,0,0,0,1,0,0,0,0,0,0,0,0,0,4,0,0,0,0,0,0,0
AirplaneLD-COL-0010,7,TRUE,NONE,1.8e-05,0.00037,0.000347,0.002618,6624,FALSE,0,20,15,20,15,29,27,15,15,0,1,1,1,0,0,0,0,1,0,0,1,0,0,0,0,0,0,7,0,0,0,0,0,0,0
AirplaneLD-COL-0010,8,TRUE,NONE,1.7e-05,0.000375,5.8e-05,0.0,4844,TRUE,0,20,15,20,15,29,27,0,0,0,0,0,0,0,0,0,0,1,0,0,0,0,0,0,0,0,0,0,0,0,0,0,0,0,0
AirplaneLD-COL-0010,9,TRUE,NONE,1.6e-05,0.000372,0.000294,0.002604,6628,FALSE,0,20,15,20,15,29,27,17,18,1,0,1,1,0,0,0,0,1,0,0,0,0,0,0,0,0,0,3,0,0,0,0,0,0,0
AirplaneLD-COL-0010,10,TRUE,NONE,1.6e-05,0.000331,0.00026,0.002521,6624,FALSE,0,20,15,20,15,29,27,16,15,1,0,0,1,0,0,0,0,1,0,0,0,0,0,0,0,0,0,5,0,0,0,0,0,0,0
AirplaneLD-COL-0010,11,FALSE,NONE,1.7e-05,0.000378,0.000351,0.002381,6780,FALSE,0,20,15,20,15,29,27,18,20,0,1,1,0,0,0,0,0,1,0,0,1,0,0,0,0,0,0,5,0,0,0,0,0,0,0
AirplaneLD-COL-0010,12,FALSE,NONE,1.5e-05,0.000376,7.6e-05,0.0,4852,TRUE,0,20,15,20,15,29,27,0,0,0,0,0,0,0,0,0,0,1,0,0,0,0,0,0,0,0,0,0,0,0,0,0,0,0,0
AirplaneLD-COL-0010,13,TRUE,NONE,1.7e-05,0.000383,0.000108,0.002255,6628,FALSE,0,20,15,20,15,29,27,8,10,0,0,0,0,0,0,0,0,1,0,0,0,0,0,0,0,0,0,0,0,0,0,0,0,0,0
AirplaneLD-COL-0010,14,FALSE,NONE,1.7e-05,0.000374,8e-05,0.0,4904,TRUE,0,20,15,20,15,29,27,0,0,0,0,0,0,0,0,0,0,1,0,0,0,0,0,0,0,0,0,0,0,0,0,0,0,0,0
AirplaneLD-COL-0010,15,TRUE,NONE,1.7e-05,0.000378,7.8e-05,0.0,4892,TRUE,0,20,15,20,15,29,27,0,0,0,0,0,0,0,0,0,0,1,0,0,0,0,0,0,0,0,0,0,0,0,0,0,0,0,0
AirplaneLD-COL-0010,16,TRUE,NONE,1.7e-05,0.000382,0.000345,0.002263,6628,FALSE,0,20,15,20,15,29,27,15,15,0,1,1,1,0,0,0,0,1,0,0,1,0,0,0,0,0,0,7,0,0,0,0,0,0,0
AirplaneLD-COL-0020,1,FALSE,NONE,1.8e-05,0.000352,8.3e-05,0.0,4744,TRUE,0,20,15,20,15,29,27,0,0,0,0,0,0,0,0,0,0,1,0,0,0,0,0,0,0,0,0,0,0,0,0,0,0,0,0
AirplaneLD-COL-0020,2,TRUE,NONE,1.7e-05,0.000383,6.3e-05,0.0,4800,TRUE,0,20,15,20,15,29,27,0,0,0,0,0,0,0,0,0,0,1,0,0,0,0,0,0,0,0,0,0,0,0,0,0,0,0,0
AirplaneLD-COL-0020,3,FALSE,NONE,6e-06,0.000389,8.7e-05,0.0,4792,TRUE,0,20,15,20,15,29,27,0,0,0,0,0,0,0,0,0,0,1,0,0,0,0,0,0,0,0,0,0,0,0,0,0,0,0,0
AirplaneLD-COL-0020,4,TRUE,NONE,1.7e-05,0.000344,5.8e-05,0.0,4756,TRUE,0,20,15,20,15,29,27,0,0,0,0,0,0,0,0,0,0,1,0,0,0,0,0,0,0,0,0,0,0,0,0,0,0,0,0
AirplaneLD-COL-0020,5,TRUE,NONE,2e-05,0.000406,0.000163,0.002544,6680,FALSE,0,20,15,20,15,29,27,7,5,1,0,0,0,0,0,0,0,1,0,0,0,0,0,0,0,0,0,0,0,0,0,0,0,0,0
AirplaneLD-COL-0020,6,FALSE,NONE,6e-06,0.000411,9.6e-05,0.0,4796,TRUE,0,20,15,20,15,29,27,0,0,0,0,0,0,0,0,0,0,1,0,0,0,0,0,0,0,0,0,0,0,0,0,0,0,0,0
AirplaneLD-COL-0020,7,TRUE,NONE,1.6e-05,0.000337,0.000119,0.002722,6524,FALSE,0,20,15,20,15,29,27,7,5,1,0,0,0,0,0,0,0,1,0,0,0,0,0,0,0,0,0,0,0,0,0,0,0,0,0
AirplaneLD-COL-0020,8,FALSE,NONE,1.5e-05,0.000343,0.000224,0.002169,6524,FALSE,0,20,15,20,15,29,27,4,2,0,1,0,0,6,4,3,0,2,1,0,0,9,0,0,0,0,0,2,0,0,0,0,0,0,0
AirplaneLD-COL-0020,9,FALSE,NONE,1.9e-05,0.000408,9e-05,0.0,4788,TRUE,0,20,15,20,15,29,27,0,0,0,0,0,0,0,0,0,0,1,0,0,0,0,0,0,0,0,0,0,0,0,0,0,0,0,0
AirplaneLD-COL-0020,10,TRUE,NONE,1.5e-05,0.000366,0.000129,0.002148,6524,FALSE,0,20,15,20,15,29,27,7,5,1,0,0,0,0,0,0,0,1,0,0,0,0,0,0,0,0,0,0,0,0,0,0,0,0,0
AirplaneLD-COL-0020,11,TRUE,NONE,1.7e-05,0.000402,0.000165,0.002671,6536,FALSE,0,20,15,20,15,29,27,10,6,1,0,0,0,6,5,4,0,1,1,0,0,8,0,0,0,0,0,0,0,0,0,0,0,0,0
AirplaneLD-COL-0020,12,FALSE,NONE,1.8e-05,0.000371,6.3e-05,0.0,4744,TRUE,0,20,15,20,15,29,27,0,0,0,0,0,0,0,0,0,0,1,0,0,0,0,0,0,0,0,0,0,0,0,0,0,0,0,0
AirplaneLD-COL-0020,13,TRUE,NONE,1.7e-05,0.000366,0.000137,0.002806,6524,FALSE,0,20,15,20,15,29,27,7,5,1,0,0,0,0,0,0,0,1,0,0,0,0,0,0,0,0,0,0,0,0,0,0,0,0,0
AirplaneLD-COL-0020,14,FALSE,NONE,1.6e-05,0.000471,8.5e-05,0.0,4772,TRUE,0,20,15,20,15,29,27,0,0,0,0,0,0,0,0,0,0,1,0,0,0,0,0,0,0,0,0,0,0,0,0,0,0,0,0
AirplaneLD-COL-0020,15,TRUE,NONE,1.9e-05,0.000415,0.000216,0.002945,6528,FALSE,0,20,15,20,15,29,27,3,1,0,1,0,0,6,5,4,0,2,1,0,0,9,0,0,0,0,0,2,0,0,0,0,0,0,0
AirplaneLD-COL-0020,16,FALSE,NONE,1.7e-05,0.000331,8.6e-05,0.0,4800,TRUE,0,20,15,20,15,29,27,0,0,0,0,0,0,0,0,0,0,1,0,0,0,0,0,0,0,0,0,0,0,0,0,0,0,0,0
AirplaneLD-COL-0050,1,TRUE,NONE,1.8e-05,0.000398,8.1e-05,0.0,4812,TRUE,0,20,15,20,15,30,27,0,0,0,0,0,0,0,0,0,0,1,0,0,0,0,0,0,0,0,0,0,0,0,0,0,0,0,0
AirplaneLD-COL-0050,2,FALSE,NONE,1.7e-05,0.000404,0.0003,0.002303,6660,FALSE,0,20,15,20,15,30,27,18,17,1,0,1,2,0,0,0,0,1,0,0,0,0,0,0,2,0,0,3,0,0,0,0,0,0,0
AirplaneLD-COL-0050,3,FALSE,NONE,1.6e-05,0.000386,0.000341,0.002139,6656,FALSE,0,20,15,20,15,30,27,18,17,1,0,1,2,0,0,0,0,1,0,0,0,0,0,0,2,0,0,3,0,0,0,0,0,0,0
AirplaneLD-COL-0050,4,TRUE,NONE,1.9e-05,0.0004,0.00035,0.002509,6660,FALSE,0,20,15,20,15,30,27,14,11,1,1,1,3,0,0,0,0,1,0,0,0,0,0,0,2,0,0,5,0,0,0,0,0,0,0
AirplaneLD-COL-0050,5,TRUE,NONE,1.7e-05,0.000411,0.000312,0.002362,6660,FALSE,0,20,15,20,15,30,27,17,14,1,0,0,3,0,0,0,0,1,0,0,0,0,0,0,2,0,0,5,0,0,0,0,0,0,0
AirplaneLD-COL-0050,6,TRUE,NONE,1.7e-05,0.000353,0.000331,0.002324,6656,FALSE,0,20,15,20,15,30,27,15,13,1,1,1,3,0,0,0,0,1,0,0,0,0,0,0,2,0,0,5,0,0,0,0,0,0,0
AirplaneLD-COL-0050,7,TRUE,NONE,1.6e-05,0.000346,0.00034,0.002328,6660,FALSE,0,20,15,20,15,30,27,13,8,1,3,0,3,0,0,0,0,1,0,0,0,0,0,0,2,0,0,5,0,0,0,0,0,0,0
AirplaneLD-COL-0050,8,TRUE,NONE,1.7e-05,0.000418,0.00031,0.002524,6660,FALSE,0,20,15,20,15,30,27,17,16,0,0,1,3,0,0,0,0,1,0,0,0,0,0,0,2,0,0,5,0,0,0,0,0,0,0
AirplaneLD-COL-0050,9,TRUE,NONE,1.5e-05,0.000375,0.00029,0.00238,6660,FALSE,0,20,15,20,15,30,27,20,20,0,0,1,2,0,0,0,0,1,0,0,0,0,0,0,2,0,0,3,0,0,0,0,0,0,0
AirplaneLD-COL-0050,10,TRUE,NONE,1.5e-05,0.000414,0.000278,0.002725,6660,FALSE,0,20,15,20,15,30,27,14,11,1,1,1,3,0,0,0,0,1,0,0,0,0,0,0,2,0,0,5,0,0,0,0,0,0,0
AirplaneLD-COL-0050,11,TRUE,NONE,5e-06,0.000358,6.9e-05,0.0,4816,TRUE,0,20,15,20,15,30,27,0,0,0,0,0,0,0,0,0,0,1,0,0,0,0,0,0,0,0,0,0,0,0,0,0,0,0,0
AirplaneLD-COL-0050,12,TRUE,NONE,1.9e-05,0.000406,9.1e-05,0.0,4808,TRUE,0,20,15,20,15,30,27,0,0,0,0,0,0,0,0,0,0,1,0,0,0,0,0,0,0,0,0,0,0,0,0,0,0,0,0
AirplaneLD-COL-0050,13,FALSE,NONE,1.7e-05,0.000335,9.5e-05,0.0,4812,TRUE,0,20,15,20,15,30,27,0,0,0,0,0,0,0,0,0,0,1,0,0,0,0,0,0,0,0,0,0,0,0,0,0,0,0,0
AirplaneLD-COL-0050,14,TRUE,NONE,1.6e-05,0.000349,0.000405,0.00245,6660,FALSE,0,20,15,20,15,30,27,13,8,1,3,0,3,0,0,0,0,1,0,0,0,0,0,0,2,0,0,5,0,0,0,0,0,0,0
AirplaneLD-COL-0050,15,FALSE,NONE,2.2e-05,0.000401,7.2e-05,0.0,4808,TRUE,0,20,15,20,15,30,27,0,0,0,0,0,0,0,0,0,0,1,0,0,0,0,0,0,0,0,0,0,0,0,0,0,0,0,0
AirplaneLD-COL-0050,16,FALSE,NONE,1.6e-05,0.000401,8.4e-05,0.0,4812,TRUE,0,20,15,20,15,30,27,0,0,0,0,0,0,0,0,0,0,1,0,0,0,0,0,0,0,0,0,0,0,0,0,0,0,0,0
AirplaneLD-COL-0100,1,FALSE,NONE,1.8e-05,0.000365,0.000215,0.002307,6660,FALSE,0,20,15,20,15,28,27,19,21,0,0,0,1,0,0,0,0,1,0,0,2,0,0,0,0,0,0,0,0,0,0,0,0,0,0
AirplaneLD-COL-0100,2,FALSE,NONE,1.8e-05,0.000386,0.000106,0.0,4864,TRUE,0,20,15,20,15,28,27,0,0,0,0,0,0,0,0,0,0,1,0,0,0,0,0,0,0,0,0,0,0,0,0,0,0,0,0
AirplaneLD-COL-0100,3,TRUE,NONE,1.8e-05,0.000394,0.000221,0.002256,6660,FALSE,0,20,15,20,15,28,27,12,10,1,0,0,2,0,0,0,0,1,1,0,0,0,0,0,0,0,0,3,0,0,0,0,0,0,0
AirplaneLD-COL-0100,4,FALSE,NONE,1.9e-05,0.000394,0.000105,0.0,4860,TRUE,0,20,15,20,15,28,27,0,0,0,0,0,0,0,0,0,0,1,0,0,0,0,0,0,0,0,0,0,0,0,0,0,0,0,0
AirplaneLD-COL-0100,5,FALSE,NONE,6e-06,0.000443,0.000217,0.002703,6660,FALSE,0,20,15,20,15,28,27,12,12,0,0,0,1,0,0,0,0,1,0,0,0,0,0,0,0,0,0,1,0,0,0,0,0,0,0
AirplaneLD-COL-0100,6,FALSE,NONE,1.9e-05,0.000525,0.00024,0.003019,6660,FALSE,0,20,15,20,15,28,27,15,16,0,0,0,1,0,0,0,0,1,0,0,0,0,0,0,0,0,0,3,0,0,0,0,0,0,0
AirplaneLD-COL-0100,7,TRUE,NONE,1.8e-05,0.000415,9.2e-05,0.0,4860,TRUE,0,20,15,20,15,28,27,0,0,0,0,0,0,0,0,0,0,1,0,0,0,0,0,0,0,0,0,0,0,0,0,0,0,0,0
AirplaneLD-COL-0100,8,FALSE,NONE,2e-05,0.000465,0.000208,0.002734,6660,FALSE,0,20,15,20,15,28,27,10,11,1,0,0,0,0,0,0,0,1,0,0,0,0,0,0,0,0,0,1,0,0,0,0,0,0,0
AirplaneLD-COL-0100,9,TRUE,NONE,1.6e-05,0.000398,0.000295,0.002143,6660,FALSE,0,20,15,20,15,28,27,14,12,1,3,0,3,0,0,0,0,1,1,0,0,0,0,0,0,0,0,2,0,0,0,0,0,0,0
AirplaneLD-COL-0100,10,TRUE,NONE,1.6e-05,0.000406,0.000231,0.002649,6660,FALSE,0,20,15,20,15,28,27,12,10,1,0,0,2,0,0,0,0,1,1,0,0,0,0,0,0,0,0,3,0,0,0,0,0,0,0
AirplaneLD-COL-0100,11,TRUE,NONE,1.6e-05,0.000397,0.000198,0.002798,6656,FALSE,0,20,15,20,15,28,27,10,10,0,0,0,1,0,0,0,0,1,1,0,0,0,0,0,0,0,0,3,0,0,0,0,0,0,0
AirplaneLD-COL-0100,12,TRUE,NONE,1.8e-05,0.000427,0.000226,0.003165,6660,FALSE,0,20,15,20,15,28,27,12,10,1,0,0,2,0,0,0,0,1,1,0,0,0,0,0,0,0,0,3,0,0,0,0,0,0,0
AirplaneLD-COL-0100,13,TRUE,NONE,6e-06,0.000432,0.000284,0.002545,6660,FALSE,0,20,15,20,15,28,27,13,12,1,0,0,2,0,0,0,0,1,1,0,2,0,0,0,0,0,0,3,0,0,0,0,0,0,0
AirplaneLD-COL-0100,14,TRUE,NONE,1.7e-05,0.000425,0.000206,0.002424,6656,FALSE,0,20,15,20,15,28,27,12,10,1,0,0,2,0,0,0,0,1,1,0,0,0,0,0,0,0,0,3,0,0,0,0,0,0,0
AirplaneLD-COL-0100,15,FALSE,NONE,2.1e-05,0.000452,0.000281,0.002386,6660,FALSE,0,20,15,20,15,28,27,20,21,0,0,0,2,0,0,0,0,1,1,0,0,0,0,0,0,0,0,2,0,0,0,0,0,0,0
AirplaneLD-COL-0100,16,FALSE,NONE,1.6e-05,0.000386,0.000201,0.001883,6660,FALSE,0,20,15,20,15,28,27,11,8,1,0,0,3,0,0,0,0,1,1,0,0,0,0,0,0,0,0,4,0,0,0,0,0,0,0
AirplaneLD-COL-0200,1,FALSE,NONE,8e-06,0.000477,0.000107,0.0,4972,TRUE,0,20,15,20,15,30,27,0,0,0,0,0,0,0,0,0,0,1,0,0,0,0,0,0,0,0,0,0,0,0,0,0,0,0,0
AirplaneLD-COL-0200,2,TRUE,NONE,1.7e-05,0.00039,0.000278,0.002466,6920,FALSE,0,20,15,20,15,30,27,15,13,0,1,0,1,0,0,0,0,2,0,0,0,0,0,0,1,0,0,2,0,0,0,0,0,0,0
AirplaneLD-COL-0200,3,TRUE,NONE,1.7e-05,0.000396,8.2e-05,0.0,4972,TRUE,0,20,15,20,15,30,27,0,0,0,0,0,0,0,0,0,0,1,0,0,0,0,0,0,0,0,0,0,0,0,0,0,0,0,0
AirplaneLD-COL-0200,4,FALSE,NONE,2.2e-05,0.000424,0.000202,0.0,4968,TRUE,0,20,15,20,15,30,27,0,0,0,0,0,0,0,0,0,0,1,0,0,0,0,0,0,0,0,0,0,0,0,0,0,0,0,0
AirplaneLD-COL-0200,5,TRUE,NONE,1.5e-05,0.00039,0.000311,0.002399,6920,FALSE,0,20,15,20,15,30,27,16,14,1,0,0,2,0,0,0,0,1,0,0,0,0,0,0,1,0,0,2,0,0,0,0,0,0,0
AirplaneLD-COL-0200,6,TRUE,NONE,1.8e-05,0.000385,8.8e-05,0.0,4972,TRUE,0,20,15,20,15,30,27,0,0,0,0,0,0,0,0,0,0,1,0,0,0,0,0,0,0,0,0,0,0,0,0,0,0,0,0
AirplaneLD-COL-0200,7,FALSE,NONE,5e-06,0.000392,8.1e-05,0.0,4968,TRUE,0,20,15,20,15,30,27,0,0,0,0,0,0,0,0,0,0,1,0,0,0,0,0,0,0,0,0,0,0,0,0,0,0,0,0
AirplaneLD-COL-0200,8,FALSE,NONE,1.7e-05,0.000355,0.000257,0.002308,6920,FALSE,0,20,15,20,15,30,27,15,13,0,1,0,1,0,0,0,0,2,0,0,0,0,0,0,1,0,0,2,0,0,0,0,0,0,0
AirplaneLD-COL-0200,9,TRUE,NONE,1.9e-05,0.000401,0.000248,0.003015,6920,FALSE,0,20,15,20,15,30,27,11,9,0,1,0,1,0,0,0,0,1,0,0,0,0,0,0,1,0,0,1,0,0,0,0,0,0,0
AirplaneLD-COL-0200,10,TRUE,NONE,1.7e-05,0.000405,8e-05,0.0,4972,TRUE,0,20,15,20,15,30,27,0,0,0,0,0,0,0,0,0,0,1,0,0,0,0,0,0,0,0,0,0,0,0,0,0,0,0,0
AirplaneLD-COL-0200,11,TRUE,NONE,2.7e-05,0.000523,0.000222,0.004292,6920,FALSE,0,20,15,20,15,30,27,13,11,1,0,0,1,0,0,0,0,1,0,0,0,0,0,0,1,0,0,0,0,0,0,0,0,0,0
AirplaneLD-COL-0200,12,TRUE,NONE,1.6e-05,0.000361,0.000285,0.002468,6920,FALSE,0,20,15,20,15,30,27,20,18,1,0,0,2,0,0,0,0,1,0,0,0,0,0,0,1,0,0,2,0,0,0,0,0,0,0
AirplaneLD-COL-0200,13,TRUE,NONE,2e-05,0.000429,0.000384,0.003186,6920,FALSE,0,20,15,20,15,30,27,18,15,1,0,0,3,0,0,0,0,1,0,0,0,0,0,0,1,0,0,4,0,0,0,0,0,0,0
AirplaneLD-COL-0200,14,TRUE,NONE,1.5e-05,0.000397,0.000288,0.002403,6920,FALSE,0,20,15,20,15,30,27,17,14,0,1,0,2,0,0,0,0,2,0,0,0,0,0,0,1,0,0,4,0,0,0,0,0,0,0
AirplaneLD-COL-0200,15,TRUE,NONE,1.9e-05,0.000353,0.000267,0.003148,6920,FALSE,0,20,15,20,15,30,27,22,22,1,0,0,1,0,0,0,0,1,0,0,0,0,0,0,1,0,0,1,0,0,0,0,0,0,0
AirplaneLD-COL-0200,16,FALSE,NONE,1.7e-05,0.000356,0.000337,0.002789,6920,FALSE,0,20,15,20,15,30,27,20,18,1,0,0,2,0,0,0,0,1,0,0,0,0,0,0,1,0,0,2,0,0,0,0,0,0,0
AirplaneLD-COL-0500,1,FALSE,NONE,1.9e-05,0.000417,5.2e-05,0.0,5308,TRUE,0,20,15,20,15,28,27,0,0,0,0,0,0,0,0,0,0,1,0,0,0,0,0,0,0,0,0,0,0,0,0,0,0,0,0
AirplaneLD-COL-0500,2,FALSE,NONE,1.7e-05,0.000367,6.9e-05,0.0,5308,TRUE,0,20,15,20,15,28,27,0,0,0,0,0,0,0,0,0,0,1,0,0,0,0,0,0,0,0,0,0,0,0,0,0,0,0,0
AirplaneLD-COL-0500,3,TRUE,NONE,1.7e-05,0.000414,8e-05,0.0,5308,TRUE,0,20,15,20,15,28,27,0,0,0,0,0,0,0,0,0,0,1,0,0,0,0,0,0,0,0,0,0,0,0,0,0,0,0,0
AirplaneLD-COL-0500,4,TRUE,NONE,5e-06,0.000412,7.8e-05,0.0,5312,TRUE,0,20,15,20,15,28,27,0,0,0,0,0,0,0,0,0,0,1,0,0,0,0,0,0,0,0,0,0,0,0,0,0,0,0,0
AirplaneLD-COL-0500,5,TRUE,NONE,1.7e-05,0.00038,0.00011,0.003187,7260,FALSE,0,20,15,20,15,28,27,2,4,0,0,0,2,2,0,0,0,1,1,0,0,1,0,0,0,0,0,0,0,0,0,0,0,0,0
AirplaneLD-COL-0500,6,FALSE,NONE,1.6e-05,0.000389,8.1e-05,0.0,5312,TRUE,0,20,15,20,15,28,27,0,0,0,0,0,0,0,0,0,0,1,0,0,0,0,0,0,0,0,0,0,0,0,0,0,0,0,0
AirplaneLD-COL-0500,7,TRUE,NONE,1.8e-05,0.000413,7.8e-05,0.0,5308,TRUE,0,20,15,20,15,28,27,0,0,0,0,0,0,0,0,0,0,1,0,0,0,0,0,0,0,0,0,0,0,0,0,0,0,0,0
AirplaneLD-COL-0500,8,TRUE,NONE,1.5e-05,0.000413,7.9e-05,0.0,5312,TRUE,0,20,15,20,15,28,27,0,0,0,0,0,0,0,0,0,0,1,0,0,0,0,0,0,0,0,0,0,0,0,0,0,0,0,0
AirplaneLD-COL-0500,9,TRUE,NONE,1.4e-05,0.0004,7.8e-05,0.0,5308,TRUE,0,20,15,20,15,28,27,0,0,0,0,0,0,0,0,0,0,1,0,0,0,0,0,0,0,0,0,0,0,0,0,0,0,0,0
AirplaneLD-COL-0500,10,FALSE,NONE,1.9e-05,0.0004,8e-05,0.0,5308,TRUE,0,20,15,20,15,28,27,0,0,0,0,0,0,0,0,0,0,1,0,0,0,0,0,0,0,0,0,0,0,0,0,0,0,0,0
AirplaneLD-COL-0500,11,TRUE,NONE,1.6e-05,0.000432,7.7e-05,0.0,5308,TRUE,0,20,15,20,15,28,27,0,0,0,0,0,0,0,0,0,0,1,0,0,0,0,0,0,0,0,0,0,0,0,0,0,0,0,0
AirplaneLD-COL-0500,12,FALSE,NONE,1.7e-05,0.00037,5.2e-05,0.0,5276,TRUE,0,20,15,20,15,28,27,0,0,0,0,0,0,0,0,0,0,1,0,0,0,0,0,0,0,0,0,0,0,0,0,0,0,0,0
AirplaneLD-COL-0500,13,FALSE,NONE,2.4e-05,0.000727,0.000107,0.0,5312,TRUE,0,20,15,20,15,28,27,0,0,0,0,0,0,0,0,0,0,1,0,0,0,0,0,0,0,0,0,0,0,0,0,0,0,0,0
AirplaneLD-COL-0500,14,FALSE,NONE,1.9e-05,0.000519,9.7e-05,0.0,5304,TRUE,0,20,15,20,15,28,27,0,0,0,0,0,0,0,0,0,0,1,0,0,0,0,0,0,0,0,0,0,0,0,0,0,0,0,0
AirplaneLD-COL-0500,15,FALSE,NONE,1.5e-05,0.000424,7.8e-05,0.0,5308,TRUE,0,20,15,20,15,28,27,0,0,0,0,0,0,0,0,0,0,1,0,0,0,0,0,0,0,0,0,0,0,0,0,0,0,0,0
AirplaneLD-COL-0500,16,FALSE,NONE,1.6e-05,0.000422,5.8e-05,0.0,5312,TRUE,0,20,15,20,15,28,27,0,0,0,0,0,0,0,0,0,0,1,0,0,0,0,0,0,0,0,0,0,0,0,0,0,0,0,0
AirplaneLD-COL-1000,1,FALSE,NONE,1.8e-05,0.000447,8e-05,0.0,5664,TRUE,0,20,15,20,15,29,27,0,0,0,0,0,0,0,0,0,0,1,0,0,0,0,0,0,0,0,0,0,0,0,0,0,0,0,0
AirplaneLD-COL-1000,2,NONE,NONE,1.9e-05,0.000608,0.00026,0.0,5808,FALSE,0,20,15,20,15,29,27,16,16,0,0,0,1,0,0,0,0,2,0,0,0,0,0,0,1,0,0,1,0,0,0,0,0,0,0
AirplaneLD-COL-1000,3,NONE,NONE,1.8e-05,0.000492,0.000144,0.0,5812,FALSE,0,20,15,20,15,29,27,15,15,0,0,0,3,0,0,0,0,1,0,0,0,0,0,0,1,0,0,0,0,0,0,0,0,0,0
AirplaneLD-COL-1000,4,NONE,NONE,1.8e-05,0.00045,0.000128,0.0,5808,FALSE,0,20,15,20,15,29,27,9,7,0,0,0,0,0,0,0,0,1,0,0,0,0,0,0,1,0,0,0,0,0,0,0,0,0,0
AirplaneLD-COL-1000,5,NONE,NONE,1.7e-05,0.000474,0.000274,0.0,5812,FALSE,0,20,15,20,15,29,27,15,14,0,0,0,2,0,0,0,0,2,0,0,0,0,0,0,1,0,0,2,0,0,0,0,0,0,0
AirplaneLD-COL-1000,6,NONE,NONE,1.6e-05,0.00046,0.000275,0.0,5816,FALSE,0,20,15,20,15,29,27,21,22,0,0,0,1,0,0,0,0,2,0,0,0,0,0,0,1,0,0,1,0,0,0,0,0,0,0
AirplaneLD-COL-1000,7,TRUE,NONE,2.2e-05,0.000541,8.8e-05,0.0,5668,TRUE,0,20,15,20,15,29,27,0,0,0,0,0,0,0,0,0,0,1,0,0,0,0,0,0,0,0,0,0,0,0,0,0,0,0,0
AirplaneLD-COL-1000,8,NONE,NONE,1.7e-05,0.000451,0.000258,0.0,5808,FALSE,0,20,15,20,15,29,27,16,16,0,0,0,2,0,0,0,0,1,0,0,0,0,0,0,1,0,0,2,0,0,0,0,0,0,0
AirplaneLD-COL-1000,9,NONE,NONE,1.7e-05,0.00042,0.000166,0.0,5808,FALSE,0,20,15,20,15,29,27,13,13,0,0,0,1,0,0,0,0,1,0,0,0,0,0,0,1,0,0,0,0,0,0,0,0,0,0
AirplaneLD-COL-1000,10,TRUE,NONE,1.7e-05,0.000441,0.0001,0.0,5664,TRUE,0,20,15,20,15,29,27,0,0,0,0,0,0,0,0,0,0,1,0,0,0,0,0,0,0,0,0,0,0,0,0,0,0,0,0
AirplaneLD-COL-1000,11,NONE,NONE,1.7e-05,0.000466,0.000224,0.0,5804,FALSE,0,20,15,20,15,29,27,15,14,0,0,0,2,0,0,0,0,2,0,0,0,0,0,0,1,0,0,2,0,0,0,0,0,0,0
AirplaneLD-COL-1000,12,NONE,NONE,1.5e-05,0.000482,0.000134,0.0,5804,FALSE,0,20,15,20,15,29,27,13,13,0,0,0,1,0,0,0,0,1,0,0,0,0,0,0,1,0,0,0,0,0,0,0,0,0,0
AirplaneLD-COL-1000,13,TRUE,NONE,1.8e-05,0.000416,5.6e-05,0.0,5668,TRUE,0,20,15,20,15,29,27,0,0,0,0,0,0,0,0,0,0,1,0,0,0,0,0,0,0,0,0,0,0,0,0,0,0,0,0
AirplaneLD-COL-1000,14,NONE,NONE,2.1e-05,0.000493,0.000301,0.0,5804,FALSE,0,20,15,20,15,29,27,16,14,0,0,0,4,0,0,0,0,2,0,0,0,0,0,0,1,0,0,6,0,0,0,0,0,0,0
AirplaneLD-COL-1000,15,TRUE,NONE,1.8e-05,0.000483,7.8e-05,0.0,5664,TRUE,0,20,15,20,15,29,27,0,0,0,0,0,0,0,0,0,0,1,0,0,0,0,0,0,0,0,0,0,0,0,0,0,0,0,0
AirplaneLD-COL-1000,16,NONE,NONE,1.9e-05,0.000519,0.000297,0.0,5812,FALSE,0,20,15,20,15,29,27,21,21,0,0,0,3,0,0,0,0,1,0,0,0,0,0,0,1,0,0,2,0,0,0,0,0,0,0
AirplaneLD-COL-2000,1,TRUE,NONE,1.9e-05,0.00057,0.000255,0.001821,8228,FALSE,0,20,15,20,15,29,27,14,10,1,0,0,5,0,0,0,0,1,0,0,0,0,0,0,0,0,0,7,0,0,0,0,0,0,0
AirplaneLD-COL-2000,2,TRUE,NONE,1.9e-05,0.000741,0.000303,0.003001,8228,FALSE,0,20,15,20,15,29,27,16,14,0,0,0,4,0,0,0,0,1,0,0,0,0,0,0,0,0,0,6,0,0,0,0,0,0,0
AirplaneLD-COL-2000,3,TRUE,NONE,1.6e-05,0.00047,0.000314,0.001715,8228,FALSE,0,20,15,20,15,29,27,17,15,0,2,0,3,0,0,0,0,1,0,0,0,0,0,0,0,0,0,4,0,0,0,0,0,0,0
AirplaneLD-COL-2000,4,TRUE,NONE,1.7e-05,0.000534,0.000312,0.0017,8228,FALSE,0,20,15,20,15,29,27,14,11,1,2,0,3,0,0,0,0,1,0,0,0,0,0,0,0,0,0,5,0,0,0,0,0,0,0
AirplaneLD-COL-2000,5,TRUE,NONE,2e-05,0.000641,0.000295,0.00204,8224,FALSE,0,20,15,20,15,29,27,13,9,1,2,0,4,0,0,0,0,1,0,0,0,0,0,0,0,0,0,6,0,0,0,0,0,0,0
AirplaneLD-COL-2000,6,TRUE,NONE,2.2e-05,0.000645,0.000329,0.002009,8228,FALSE,0,20,15,20,15,29,27,13,9,1,2,0,4,0,0,0,0,1,0,0,0,0,0,0,0,0,0,6,0,0,0,0,0,0,0
AirplaneLD-COL-2000,7,FALSE,NONE,2.1e-05,0.000726,0.000105,0.0,6660,TRUE,0,20,15,20,15,29,27,0,0,0,0,0,0,0,0,0,0,1,0,0,0,0,0,0,0,0,0,0,0,0,0,0,0,0,0
AirplaneLD-COL-2000,8,FALSE,NONE,2e-05,0.000532,0.000305,0.002034,8228,FALSE,0,20,15,20,15,29,27,20,20,0,0,0,2,0,0,0,0,1,0,0,0,0,0,0,0,0,0,3,0,0,0,0,0,0,0
AirplaneLD-COL-2000,9,FALSE,NONE,1.7e-05,0.000466,0.000459,0.00211,8228,FALSE,0,20,15,20,15,29,27,15,12,1,0,0,4,0,0,0,0,1,0,0,0,0,0,0,0,0,0,6,0,0,0,0,0,0,0
AirplaneLD-COL-2000,10,TRUE,NONE,2.1e-05,0.000653,0.000289,0.002044,8228,FALSE,0,20,15,20,15,29,27,18,17,0,0,0,3,0,0,0,0,1,0,0,0,0,0,0,0,0,0,5,0,0,0,0,0,0,0
AirplaneLD-COL-2000,11,TRUE,NONE,1.8e-05,0.000596,8.4e-05,0.0,6660,TRUE,0,20,15,20,15,29,27,0,0,0,0,0,0,0,0,0,0,1,0,0,0,0,0,0,0,0,0,0,0,0,0,0,0,0,0
AirplaneLD-COL-2000,12,FALSE,NONE,1.5e-05,0.000472,0.000324,0.001637,8228,FALSE,0,20,15,20,15,29,27,16,14,0,2,0,3,0,0,0,0,1,0,0,0,0,0,0,0,0,0,5,0,0,0,0,0,0,0
AirplaneLD-COL-2000,13,TRUE,NONE,1.6e-05,0.000589,0.000317,0.002014,8228,FALSE,0,20,15,20,15,29,27,13,9,0,2,0,5,0,0,0,0,1,0,0,0,0,0,0,0,0,0,8,0,0,0,0,0,0,0
AirplaneLD-COL-2000,14,FALSE,NONE,1.9e-05,0.000566,0.000104,0.0,6656,TRUE,0,20,15,20,15,29,27,0,0,0,0,0,0,0,0,0,0,1,0,0,0,0,0,0,0,0,0,0,0,0,0,0,0,0,0
AirplaneLD-COL-2000,15,FALSE,NONE,1.7e-05,0.000515,0.000274,0.001837,8228,FALSE,0,20,15,20,15,29,27,13,9,0,2,0,5,0,0,0,0,1,0,0,0,0,0,0,0,0,0,8,0,0,0,0,0,0,0
AirplaneLD-COL-2000,16,TRUE,NONE,2e-05,0.000588,0.000301,0.001997,8228,FALSE,0,20,15,20,15,29,27,20,21,1,0,0,1,0,0,0,0,1,0,0,0,0,0,0,0,0,0,2,0,0,0,0,0,0,0
AirplaneLD-COL-4000,1,TRUE,NONE,1.9e-05,0.000804,0.000234,0.000895,8640,FALSE,0,20,15,20,15,29,27,8,6,0,0,0,0,8,8,6,0,1,0,0,0,13,0,0,0,0,0,1,0,0,0,0,0,0,0
AirplaneLD-COL-4000,2,FALSE,NONE,1.7e-05,0.00067,0.000116,0.000759,8640,FALSE,0,20,15,20,15,29,27,1,1,0,0,0,1,0,0,0,0,1,0,0,0,0,0,0,0,0,0,0,0,0,0,0,0,0,0
AirplaneLD-COL-4000,3,TRUE,NONE,1.7e-05,0.000731,0.000249,0.000784,8640,FALSE,0,20,15,20,15,29,27,16,13,0,0,0,0,9,5,2,0,1,0,0,0,14,0,0,0,0,0,1,0,0,0,0,0,0,0
AirplaneLD-COL-4000,4,FALSE,NONE,2.2e-05,0.000917,0.000212,0.000833,8644,FALSE,0,20,15,20,15,29,27,11,10,0,0,0,4,3,2,2,0,1,0,0,0,1,0,0,0,0,0,2,0,0,0,0,0,0,0
AirplaneLD-COL-4000,5,FALSE,NONE,1.8e-05,0.000878,0.000105,0.0,8320,TRUE,0,20,15,20,15,29,27,0,0,0,0,0,0,0,0,0,0,1,0,0,0,0,0,0,0,0,0,0,0,0,0,0,0,0,0
AirplaneLD-COL-4000,6,TRUE,NONE,2e-05,0.000757,0.000158,0.000724,8640,FALSE,0,20,15,20,15,29,27,5,4,1,0,0,0,0,0,0,0,1,0,0,0,0,0,0,0,0,0,1,0,0,0,0,0,0,0
AirplaneLD-COL-4000,7,FALSE,NONE,5e-06,0.000759,0.00018,0.000664,8640,FALSE,0,20,15,20,15,29,27,10,7,0,0,0,2,9,8,4,0,1,0,0,0,12,0,0,0,0,0,1,0,0,0,0,0,0,0
AirplaneLD-COL-4000,8,TRUE,NONE,1.9e-05,0.00073,0.000156,0.000668,8640,FALSE,0,20,15,20,15,29,27,5,3,0,0,0,0,8,9,8,0,1,0,0,0,16,0,0,0,0,0,0,0,0,0,0,0,0,0
AirplaneLD-COL-4000,9,TRUE,NONE,1.9e-05,0.000731,5.7e-05,0.0,8644,TRUE,0,20,15,20,15,29,27,0,0,0,0,0,0,0,0,0,0,1,0,0,0,0,0,0,0,0,0,0,0,0,0,0,0,0,0
AirplaneLD-COL-4000,10,FALSE,NONE,1.7e-05,0.000713,0.000167,0.000682,8640,FALSE,0,20,15,20,15,29,27,6,3,0,0,0,2,9,10,7,0,1,0,0,0,15,0,0,0,0,0,0,0,0,0,0,0,0,0
AirplaneLD-COL-4000,11,TRUE,NONE,1.8e-05,0.000728,8.5e-05,0.0,8640,TRUE,0,20,15,20,15,29,27,0,0,0,0,0,0,0,0,0,0,1,0,0,0,0,0,0,0,0,0,0,0,0,0,0,0,0,0
AirplaneLD-COL-4000,12,TRUE,NONE,1.7e-05,0.000754,0.000132,0.000796,8644,FALSE,0,20,15,20,15,29,27,6,6,0,0,0,4,0,0,0,0,1,0,0,0,0,0,0,0,0,0,0,0,0,0,0,0,0,0
AirplaneLD-COL-4000,13,TRUE,NONE,1.7e-05,0.000709,0.000193,0.000677,8640,FALSE,0,20,15,20,15,29,27,6,4,0,0,0,4,8,10,5,0,1,0,0,0,14,0,0,0,0,0,0,0,0,0,0,0,0,0
AirplaneLD-COL-4000,14,TRUE,NONE,1.9e-05,0.000664,8.4e-05,0.0,8644,TRUE,0,20,15,20,15,29,27,0,0,0,0,0,0,0,0,0,0,1,0,0,0,0,0,0,0,0,0,0,0,0,0,0,0,0,0
AirplaneLD-COL-4000,15,TRUE,NONE,1.8e-05,0.000759,0.000221,0.000768,8640,FALSE,0,20,15,20,15,29,27,16,13,0,0,0,3,9,6,1,0,1,0,0,0,6,0,0,0,0,0,1,0,0,0,0,0,0,0
AirplaneLD-COL-4000,16,FALSE,NONE,1.9e-05,0.00069,0.00013,0.000913,8644,FALSE,0,20,15,20,15,29,27,3,3,0,0,0,0,0,0,0,0,1,0,0,0,0,0,0,0,0,0,1,0,0,0,0,0,0,0
BART-COL-002,1,TRUE,NONE,3.3e-05,0.005185,0.000244,0.0,5528,TRUE,0,4,7,4,7,160,287,0,0,0,0,0,0,0,0,0,0,1,0,0,0,0,0,0,0,0,0,0,0,0,0,0,0,0,0
BART-COL-002,2,FALSE,NONE,3.2e-05,0.005435,0.013771,0.002848,7720,FALSE,0,4,7,4,7,160,287,2,2,0,209,0,129,19,0,0,0,1,0,0,0,13,0,0,0,0,0,0,0,0,0,0,0,0,0
BART-COL-002,3,FALSE,NONE,3.3e-05,0.005371,0.000211,0.0,5528,TRUE,0,4,7,4,7,160,287,0,0,0,0,0,0,0,0,0,0,1,0,0,0,0,0,0,0,0,0,0,0,0,0,0,0,0,0
BART-COL-002,4,FALSE,NONE,2.5e-05,0.005356,0.000228,0.0,5536,TRUE,0,4,7,4,7,160,287,0,0,0,0,0,0,0,0,0,0,1,0,0,0,0,0,0,0,0,0,0,0,0,0,0,0,0,0
BART-COL-002,5,TRUE,NONE,3e-05,0.005501,0.013327,0.002257,7760,FALSE,0,4,7,4,7,160,287,3,3,0,208,0,129,19,0,0,0,1,0,0,0,13,0,0,0,0,0,0,0,0,0,0,0,0,0
BART-COL-002,6,TRUE,NONE,2.9e-05,0.005273,0.000358,0.0,5896,TRUE,0,4,7,4,7,160,287,0,0,0,0,0,0,0,0,0,0,1,0,0,0,0,0,0,0,0,0,0,0,0,0,0,0,0,0
BART-COL-002,7,TRUE,NONE,3.6e-05,0.005536,0.014355,0.002692,7724,FALSE,0,4,7,4,7,160,287,2,2,0,209,0,129,19,0,0,0,1,0,0,0,13,0,0,0,0,0,0,0,0,0,0,0,0,0
BART-COL-002,8,FALSE,NONE,2.4e-05,0.005391,0.000262,0.0,5532,TRUE,0,4,7,4,7,160,287,0,0,0,0,0,0,0,0,0,0,1,0,0,0,0,0,0,0,0,0,0,0,0,0,0,0,0,0
BART-COL-002,9,FALSE,NONE,3.2e-05,0.005211,0.000254,0.0,5528,TRUE,0,4,7,4,7,160,287,0,0,0,0,0,0,0,0,0,0,1,0,0,0,0,0,0,0,0,0,0,0,0,0,0,0,0,0
BART-COL-002,10,FALSE,NONE,3.3e-05,0.005612,0.013012,0.002773,7720,FALSE,0,4,7,4,7,160,287,2,2,0,209,0,129,19,0,0,0,1,0,0,0,13,0,0,0,0,0,0,0,0,0,0,0,0,0
BART-COL-002,11,TRUE,NONE,3.4e-05,0.005366,0.000247,0.0,5532,TRUE,0,4,7,4,7,160,287,0,0,0,0,0,0,0,0,0,0,1,0,0,0,0,0,0,0,0,0,0,0,0,0,0,0,0,0
BART-COL-002,12,FALSE,NONE,3.1e-05,0.005304,0.000315,0.0,5868,TRUE,0,4,7,4,7,160,287,0,0,0,0,0,0,0,0,0,0,1,0,0,0,0,0,0,0,0,0,0,0,0,0,0,0,0,0
BART-COL-002,13,TRUE,NONE,3.6e-05,0.006594,0.000388,0.0,5528,TRUE,0,4,7,4,7,160,287,0,0,0,0,0,0,0,0,0,0,1,0,0,0,0,0,0,0,0,0,0,0,0,0,0,0,0,0
BART-COL-002,14,FALSE,NONE,3e-05,0.005835,0.000305,0.0,5528,TRUE,0,4,7,4,7,160,287,0,0,0,0,0,0,0,0,0,0,1,0,0,0,0,0,0,0,0,0,0,0,0,0,0,0,0,0
BART-COL-002,15,TRUE,NONE,3.2e-05,0.00572,0.000234,0.0,5528,TRUE,0,4,7,4,7,160,287,0,0,0,0,0,0,0,0,0,0,1,0,0,0,0,0,0,0,0,0,0,0,0,0,0,0,0,0
BART-COL-002,16,TRUE,NONE,2.9e-05,0.005302,0.014021,0.002256,7720,FALSE,0,4,7,4,7,160,287,2,2,0,209,0,129,19,0,0,0,1,0,0,0,13,0,0,0,0,0,0,0,0,0,0,0,0,0
BART-COL-005,1,FALSE,NONE,3.9e-05,0.007272,0.013323,0.002454,7956,FALSE,0,4,7,4,7,160,287,2,2,0,231,0,129,19,0,0,0,1,0,0,0,13,0,0,0,0,0,0,0,0,0,0,0,0,0
BART-COL-005,2,TRUE,NONE,3e-05,0.006784,2.30085,0.002817,7956,FALSE,0,4,7,4,7,160,287,90,159,0,108,0,60,19,0,0,1,1,0,0,0,13,0,0,0,0,0,0,0,0,0,0,0,0,0
BART-COL-005,3,FALSE,NONE,3.3e-05,0.007522,0.012604,0.002471,7956,FALSE,0,4,7,4,7,160,287,2,2,0,242,0,129,19,0,0,0,1,0,0,0,13,0,0,0,0,0,0,0,0,0,0,0,0,0
BART-COL-005,4,TRUE,NONE,3.1e-05,0.006763,0.013309,0.002468,7956,FALSE,0,4,7,4,7,160,287,2,2,0,231,0,129,19,0,0,0,1,0,0,0,13,0,0,0,0,0,0,0,0,0,0,0,0,0
BART-COL-005,5,TRUE,NONE,3.1e-05,0.006664,0.006789,0.00254,7956,FALSE,0,4,7,4,7,160,287,10,18,0,89,0,65,19,0,1,49,2,0,0,0,13,0,0,0,0,0,0,0,0,0,0,0,0,0
BART-COL-005,6,FALSE,NONE,2.8e-05,0.007192,0.097361,0.002759,7956,FALSE,0,4,7,4,7,160,287,108,178,0,38,0,59,19,0,0,1,1,0,0,0,13,0,0,0,0,0,0,0,0,0,0,0,0,0
BART-COL-005,7,FALSE,NONE,3.2e-05,0.006565,0.006784,0.002509,7956,FALSE,0,4,7,4,7,160,287,10,18,0,89,0,65,19,0,1,49,2,0,0,0,13,0,0,0,0,0,0,0,0,0,0,0,0,0
BART-COL-005,8,FALSE,NONE,2.8e-05,0.006746,0.000249,0.0,5700,TRUE,0,4,7,4,7,160,287,0,0,0,0,0,0,0,0,0,0,1,0,0,0,0,0,0,0,0,0,0,0,0,0,0,0,0,0
BART-COL-005,9,TRUE,NONE,2.4e-05,0.006677,0.000335,0.0,6024,TRUE,0,4,7,4,7,160,287,0,0,0,0,0,0,0,0,0,0,1,0,0,0,0,0,0,0,0,0,0,0,0,0,0,0,0,0
BART-COL-005,10,FALSE,NONE,2.2e-05,0.006823,0.000248,0.0,5704,TRUE,0,4,7,4,7,160,287,0,0,0,0,0,0,0,0,0,0,1,0,0,0,0,0,0,0,0,0,0,0,0,0,0,0,0,0
BART-COL-005,11,FALSE,NONE,3.2e-05,0.007031,0.02247,0.003288,7956,FALSE,0,4,7,4,7,160,287,99,169,0,38,0,59,19,0,0,0,1,0,0,0,13,0,0,0,0,0,0,0,0,0,0,0,0,0
BART-COL-005,12,TRUE,NONE,3.1e-05,0.006904,0.013441,0.002695,7956,FALSE,0,4,7,4,7,160,287,2,2,0,231,0,129,19,0,0,0,1,0,0,0,13,0,0,0,0,0,0,0,0,0,0,0,0,0
BART-COL-005,13,TRUE,NONE,2.3e-05,0.006744,0.00022,0.0,5708,TRUE,0,4,7,4,7,160,287,0,0,0,0,0,0,0,0,0,0,1,0,0,0,0,0,0,0,0,0,0,0,0,0,0,0,0,0
BART-COL-005,14,FALSE,NONE,2.6e-05,0.006922,0.013612,0.002995,7956,FALSE,0,4,7,4,7,160,287,2,2,0,231,0,129,19,0,0,0,1,0,0,0,13,0,0,0,0,0,0,0,0,0,0,0,0,0
BART-COL-005,15,TRUE,NONE,2.6e-05,0.006807,0.023552,0.002986,8024,FALSE,0,4,7,4,7,160,287,109,179,0,23,0,59,19,0,0,0,1,0,0,0,13,0,0,0,0,0,0,0,0,0,0,0,0,0
BART-COL-005,16,TRUE,NONE,3.4e-05,0.007066,0.006841,0.00286,7956,FALSE,0,4,7,4,7,160,287,10,18,0,89,0,65,19,0,1,49,2,0,0,0,13,0,0,0,0,0,0,0,0,0,0,0,0,0
BART-COL-010,1,FALSE,NONE,3.4e-05,0.009616,0.000261,0.0,6300,TRUE,0,4,7,4,7,160,287,0,0,0,0,0,0,0,0,0,0,1,0,0,0,0,0,0,0,0,0,0,0,0,0,0,0,0,0
BART-COL-010,2,TRUE,NONE,3.8e-05,0.009872,0.000245,0.0,5976,TRUE,0,4,7,4,7,160,287,0,0,0,0,0,0,0,0,0,0,1,0,0,0,0,0,0,0,0,0,0,0,0,0,0,0,0,0
BART-COL-010,3,FALSE,NONE,2.9e-05,0.010933,0.000253,0.0,5984,TRUE,0,4,7,4,7,160,287,0,0,0,0,0,0,0,0,0,0,1,0,0,0,0,0,0,0,0,0,0,0,0,0,0,0,0,0
BART-COL-010,4,FALSE,NONE,3.1e-05,0.009756,0.008364,0.002536,8232,FALSE,0,4,7,4,7,160,287,12,20,0,80,0,679,20,5,7,0,1,1,0,0,14,0,0,0,0,0,642,0,0,0,0,0,0,0
BART-COL-010,5,TRUE,NONE,2.7e-05,0.011613,0.000242,0.0,5976,TRUE,0,4,7,4,7,160,287,0,0,0,0,0,0,0,0,0,0,1,0,0,0,0,0,0,0,0,0,0,0,0,0,0,0,0,0
BART-COL-010,6,FALSE,NONE,2.7e-05,0.010139,0.000219,0.0,5976,TRUE,0,4,7,4,7,160,287,0,0,0,0,0,0,0,0,0,0,1,0,0,0,0,0,0,0,0,0,0,0,0,0,0,0,0,0
BART-COL-010,7,FALSE,NONE,3e-05,0.010074,0.00844,0.002662,8232,FALSE,0,4,7,4,7,160,287,1,1,0,0,0,93,20,131,166,0,1,1,0,0,14,0,0,0,0,0,0,0,0,0,0,0,0,0
BART-COL-010,8,FALSE,NONE,3.2e-05,0.010247,0.00021,0.0,5976,TRUE,0,4,7,4,7,160,287,0,0,0,0,0,0,0,0,0,0,1,0,0,0,0,0,0,0,0,0,0,0,0,0,0,0,0,0
BART-COL-010,9,FALSE,NONE,2.7e-05,0.009289,0.000232,0.0,5980,TRUE,0,4,7,4,7,160,287,0,0,0,0,0,0,0,0,0,0,1,0,0,0,0,0,0,0,0,0,0,0,0,0,0,0,0,0
BART-COL-010,10,FALSE,NONE,2.7e-05,0.009208,0.004411,0.0035,8232,FALSE,0,4,7,4,7,160,287,107,176,0,32,0,58,20,5,6,0,1,1,0,0,14,0,0,0,0,0,0,0,0,0,0,0,0,0
BART-COL-010,11,FALSE,NONE,4.3e-05,0.01054,0.000248,0.0,5980,TRUE,0,4,7,4,7,160,287,0,0,0,0,0,0,0,0,0,0,1,0,0,0,0,0,0,0,0,0,0,0,0,0,0,0,0,0
BART-COL-010,12,TRUE,NONE,2.9e-05,0.009628,0.000208,0.0,5976,TRUE,0,4,7,4,7,160,287,0,0,0,0,0,0,0,0,0,0,1,0,0,0,0,0,0,0,0,0,0,0,0,0,0,0,0,0
BART-COL-010,13,FALSE,NONE,2.9e-05,0.009756,0.000252,0.0,5976,TRUE,0,4,7,4,7,160,287,0,0,0,0,0,0,0,0,0,0,1,0,0,0,0,0,0,0,0,0,0,0,0,0,0,0,0,0
BART-COL-010,14,FALSE,NONE,3e-05,0.009836,0.000236,0.0,5972,TRUE,0,4,7,4,7,160,287,0,0,0,0,0,0,0,0,0,0,1,0,0,0,0,0,0,0,0,0,0,0,0,0,0,0,0,0
BART-COL-010,15,FALSE,NONE,3.2e-05,0.009791,0.007859,0.003321,8232,FALSE,0,4,7,4,7,160,287,43,110,0,80,0,64,20,5,6,0,1,1,0,0,14,0,0,0,0,8,12,0,0,0,0,0,0,0
BART-COL-010,16,FALSE,NONE,2.7e-05,0.009385,0.000234,0.0,5980,TRUE,0,4,7,4,7,160,287,0,0,0,0,0,0,0,0,0,0,1,0,0,0,0,0,0,0,0,0,0,0,0,0,0,0,0,0
BART-COL-020,1,TRUE,NONE,2.5e-05,0.014566,0.000263,0.0,6444,TRUE,0,4,7,4,7,160,287,0,0,0,0,0,0,0,0,0,0,1,0,0,0,0,0,0,0,0,0,0,0,0,0,0,0,0,0
BART-COL-020,2,FALSE,NONE,3.3e-05,0.018759,0.00023,0.0,6436,TRUE,0,4,7,4,7,160,287,0,0,0,0,0,0,0,0,0,0,1,0,0,0,0,0,0,0,0,0,0,0,0,0,0,0,0,0
BART-COL-020,3,FALSE,NONE,3.2e-05,0.014707,0.000388,0.00227,8520,FALSE,0,4,7,4,7,160,287,1,0,0,0,0,0,280,0,0,0,1,0,0,0,148,0,0,0,0,0,0,0,0,0,0,0,0,0
BART-COL-020,4,FALSE,NONE,3.1e-05,0.014628,0.000411,0.002377,8516,FALSE,0,4,7,4,7,160,287,1,0,0,0,0,0,280,0,0,0,1,0,0,0,148,0,0,0,0,0,0,0,0,0,0,0,0,0
BART-COL-020,5,FALSE,NONE,6e-06,0.01479,0.000422,0.002524,8520,FALSE,0,4,7,4,7,160,287,9,0,0,0,0,0,280,0,0,0,1,0,0,0,164,0,0,0,0,0,0,0,0,0,0,0,0,0
BART-COL-020,6,FALSE,NONE,2.3e-05,0.023217,0.000491,0.002511,8520,FALSE,0,4,7,4,7,160,287,89,0,0,0,0,0,280,0,0,0,1,0,0,0,324,0,0,0,0,0,0,0,0,0,0,0,0,0
BART-COL-020,7,TRUE,NONE,2.8e-05,0.015883,0.000251,0.0,6440,TRUE,0,4,7,4,7,160,287,0,0,0,0,0,0,0,0,0,0,1,0,0,0,0,0,0,0,0,0,0,0,0,0,0,0,0,0
BART-COL-020,8,FALSE,NONE,1.7e-05,0.017134,0.000514,0.002769,8652,FALSE,0,4,7,4,7,160,287,130,0,0,0,0,0,280,0,0,0,1,0,0,0,406,0,0,0,0,0,0,0,0,0,0,0,0,0
BART-COL-020,9,FALSE,NONE,2.9e-05,0.015348,0.000403,0.002533,8516,FALSE,0,4,7,4,7,160,287,10,0,0,0,0,0,280,0,0,0,1,0,0,0,166,0,0,0,0,0,0,0,0,0,0,0,0,0
BART-COL-020,10,FALSE,NONE,1.4e-05,0.014715,0.000482,0.002344,8516,FALSE,0,4,7,4,7,160,287,130,0,0,0,0,0,280,0,0,0,1,0,0,0,406,0,0,0,0,0,0,0,0,0,0,0,0,0
BART-COL-020,11,TRUE,NONE,1.7e-05,0.015361,0.000285,0.0,6760,TRUE,0,4,7,4,7,160,287,0,0,0,0,0,0,0,0,0,0,1,0,0,0,0,0,0,0,0,0,0,0,0,0,0,0,0,0
BART-COL-020,12,FALSE,NONE,3.3e-05,0.017966,0.000237,0.0,6440,TRUE,0,4,7,4,7,160,287,0,0,0,0,0,0,0,0,0,0,1,0,0,0,0,0,0,0,0,0,0,0,0,0,0,0,0,0
BART-COL-020,13,FALSE,NONE,2.9e-05,0.015287,0.000227,0.0,6760,TRUE,0,4,7,4,7,160,287,0,0,0,0,0,0,0,0,0,0,1,0,0,0,0,0,0,0,0,0,0,0,0,0,0,0,0,0
BART-COL-020,14,TRUE,NONE,2.9e-05,0.014756,0.000226,0.0,6440,TRUE,0,4,7,4,7,160,287,0,0,0,0,0,0,0,0,0,0,1,0,0,0,0,0,0,0,0,0,0,0,0,0,0,0,0,0
BART-COL-020,15,FALSE,NONE,2.7e-05,0.014962,0.000495,0.002492,8516,FALSE,0,4,7,4,7,160,287,77,0,0,0,0,0,280,0,0,0,1,0,0,0,300,0,0,0,0,0,0,0,0,0,0,0,0,0
BART-COL-020,16,FALSE,NONE,2.9e-05,0.015422,0.000243,0.0,6440,TRUE,0,4,7,4,7,160,287,0,0,0,0,0,0,0,0,0,0,1,0,0,0,0,0,0,0,0,0,0,0,0,0,0,0,0,0
BART-COL-030,1,FALSE,NONE,3.6e-05,0.022179,1.72054,0.00262,9172,FALSE,0,4,7,4,7,160,287,90,159,0,86,0,60,19,0,0,1,1,0,0,0,13,0,0,0,0,0,0,0,0,0,0,0,0,0
BART-COL-030,2,FALSE,NONE,2.7e-05,0.022608,0.032241,0.002609,9068,FALSE,0,4,7,4,7,160,287,12,21,0,85,0,100,19,0,0,49,2,0,0,0,13,0,0,0,0,0,0,0,0,0,0,0,0,0
BART-COL-030,3,TRUE,NONE,3.1e-05,0.023089,0.0247,0.006741,9068,FALSE,0,4,7,4,7,160,287,90,159,0,88,0,60,19,0,0,0,1,0,0,0,13,0,0,0,0,0,0,0,0,0,0,0,0,0
BART-COL-030,4,FALSE,NONE,3.2e-05,0.020675,0.005886,0.002597,9068,FALSE,0,4,7,4,7,160,287,10,18,0,89,0,65,19,0,1,49,2,0,0,0,13,0,0,0,0,0,0,0,0,0,0,0,0,0
BART-COL-030,5,TRUE,NONE,2.9e-05,0.025321,0.008093,0.003038,9068,FALSE,0,4,7,4,7,160,287,11,20,0,85,0,65,19,0,0,50,2,0,0,0,13,0,0,0,0,0,0,0,0,0,0,0,0,0
BART-COL-030,6,TRUE,NONE,2.4e-05,0.028594,0.000296,0.0,7272,TRUE,0,4,7,4,7,160,287,0,0,0,0,0,0,0,0,0,0,1,0,0,0,0,0,0,0,0,0,0,0,0,0,0,0,0,0
BART-COL-030,7,TRUE,NONE,3.1e-05,0.021936,0.000243,0.0,6952,TRUE,0,4,7,4,7,160,287,0,0,0,0,0,0,0,0,0,0,1,0,0,0,0,0,0,0,0,0,0,0,0,0,0,0,0,0
BART-COL-030,8,FALSE,NONE,3.2e-05,0.021542,0.000243,0.0,6948,TRUE,0,4,7,4,7,160,287,0,0,0,0,0,0,0,0,0,0,1,0,0,0,0,0,0,0,0,0,0,0,0,0,0,0,0,0
BART-COL-030,9,FALSE,NONE,3.3e-05,0.02255,0.013556,0.002508,9068,FALSE,0,4,7,4,7,160,287,2,2,0,210,0,129,19,0,0,0,1,0,0,0,13,0,0,0,0,0,0,0,0,0,0,0,0,0
BART-COL-030,10,FALSE,NONE,3.2e-05,0.022318,0.005956,0.002345,9068,FALSE,0,4,7,4,7,160,287,10,18,0,89,0,65,19,0,1,49,2,0,0,0,13,0,0,0,0,0,0,0,0,0,0,0,0,0
BART-COL-030,11,TRUE,NONE,3.2e-05,0.026753,0.005894,0.002274,9020,FALSE,0,4,7,4,7,160,287,10,18,0,89,0,65,19,0,1,49,2,0,0,0,13,0,0,0,0,0,0,0,0,0,0,0,0,0
BART-COL-030,12,FALSE,NONE,3.2e-05,0.027166,0.000242,0.0,6948,TRUE,0,4,7,4,7,160,287,0,0,0,0,0,0,0,0,0,0,1,0,0,0,0,0,0,0,0,0,0,0,0,0,0,0,0,0
BART-COL-030,13,FALSE,NONE,3.2e-05,0.018522,0.023459,0.005028,9068,FALSE,0,4,7,4,7,160,287,99,169,0,38,0,59,19,0,0,0,1,0,0,0,13,0,0,0,0,0,0,0,0,0,0,0,0,0
BART-COL-030,14,FALSE,NONE,1.4e-05,0.017619,0.00023,0.0,6952,TRUE,0,4,7,4,7,160,287,0,0,0,0,0,0,0,0,0,0,1,0,0,0,0,0,0,0,0,0,0,0,0,0,0,0,0,0
BART-COL-030,15,FALSE,NONE,3.2e-05,0.02281,0.026143,0.003105,9072,FALSE,0,4,7,4,7,160,287,99,169,0,38,0,59,19,0,0,0,1,0,0,0,13,0,0,0,0,0,0,0,0,0,0,0,0,0
BART-COL-030,16,TRUE,NONE,1.8e-05,0.042846,0.000283,0.0,6956,TRUE,0,4,7,4,7,160,287,0,0,0,0,0,0,0,0,0,0,1,0,0,0,0,0,0,0,0,0,0,0,0,0,0,0,0,0
BART-COL-040,1,FALSE,NONE,3.7e-05,0.032003,0.000253,0.0,7416,TRUE,0,4,7,4,7,160,287,0,0,0,0,0,0,0,0,0,0,1,0,0,0,0,0,0,0,0,0,0,0,0,0,0,0,0,0
BART-COL-040,2,TRUE,NONE,1.8e-05,0.035165,0.000268,0.0,7420,TRUE,0,4,7,4,7,160,287,0,0,0,0,0,0,0,0,0,0,1,0,0,0,0,0,0,0,0,0,0,0,0,0,0,0,0,0
BART-COL-040,3,FALSE,NONE,2.8e-05,0.033379,0.000259,0.0,7416,TRUE,0,4,7,4,7,160,287,0,0,0,0,0,0,0,0,0,0,1,0,0,0,0,0,0,0,0,0,0,0,0,0,0,0,0,0
BART-COL-040,4,FALSE,NONE,3.2e-05,0.036593,0.000386,0.003041,9616,FALSE,0,4,7,4,7,160,287,1,0,0,0,0,0,280,0,0,0,1,0,0,0,148,0,0,0,0,0,0,0,0,0,0,0,0,0
BART-COL-040,5,TRUE,NONE,3.2e-05,0.029476,0.000417,0.002662,9620,FALSE,0,4,7,4,7,160,287,1,0,0,0,0,0,280,0,0,0,1,0,0,0,148,0,0,0,0,0,0,0,0,0,0,0,0,0
BART-COL-040,6,FALSE,NONE,3.1e-05,0.032128,0.000262,0.0,7412,TRUE,0,4,7,4,7,160,287,0,0,0,0,0,0,0,0,0,0,1,0,0,0,0,0,0,0,0,0,0,0,0,0,0,0,0,0
BART-COL-040,7,FALSE,NONE,1.6e-05,0.029026,0.000281,0.0,7420,TRUE,0,4,7,4,7,160,287,0,0,0,0,0,0,0,0,0,0,1,0,0,0,0,0,0,0,0,0,0,0,0,0,0,0,0,0
BART-COL-040,8,FALSE,NONE,4.3e-05,0.031821,0.000438,0.002843,9616,FALSE,0,4,7,4,7,160,287,9,0,0,0,0,0,280,0,0,0,1,0,0,0,164,0,0,0,0,0,0,0,0,0,0,0,0,0
BART-COL-040,9,FALSE,NONE,3.5e-05,0.03581,0.00025,0.0,7416,TRUE,0,4,7,4,7,160,287,0,0,0,0,0,0,0,0,0,0,1,0,0,0,0,0,0,0,0,0,0,0,0,0,0,0,0,0
BART-COL-040,10,FALSE,NONE,3.2e-05,0.035182,0.000262,0.0,7420,TRUE,0,4,7,4,7,160,287,0,0,0,0,0,0,0,0,0,0,1,0,0,0,0,0,0,0,0,0,0,0,0,0,0,0,0,0
BART-COL-040,11,FALSE,NONE,2.8e-05,0.031083,0.000257,0.0,7416,TRUE,0,4,7,4,7,160,287,0,0,0,0,0,0,0,0,0,0,1,0,0,0,0,0,0,0,0,0,0,0,0,0,0,0,0,0
BART-COL-040,12,TRUE,NONE,2.5e-05,0.04338,0.000535,0.003661,9620,FALSE,0,4,7,4,7,160,287,122,0,0,0,0,0,280,0,0,0,1,0,0,0,390,0,0,0,0,0,0,0,0,0,0,0,0,0
BART-COL-040,13,FALSE,NONE,3.6e-05,0.043569,0.000275,0.0,7416,TRUE,0,4,7,4,7,160,287,0,0,0,0,0,0,0,0,0,0,1,0,0,0,0,0,0,0,0,0,0,0,0,0,0,0,0,0
BART-COL-040,14,FALSE,NONE,3.2e-05,0.049113,0.000209,0.0,7416,TRUE,0,4,7,4,7,160,287,0,0,0,0,0,0,0,0,0,0,1,0,0,0,0,0,0,0,0,0,0,0,0,0,0,0,0,0
BART-COL-040,15,FALSE,NONE,3.4e-05,0.034396,0.000373,0.002343,9616,FALSE,0,4,7,4,7,160,287,9,0,0,0,0,0,280,0,0,0,1,0,0,0,164,0,0,0,0,0,0,0,0,0,0,0,0,0
BART-COL-040,16,TRUE,NONE,3.4e-05,0.028381,0.000257,0.0,7420,TRUE,0,4,7,4,7,160,287,0,0,0,0,0,0,0,0,0,0,1,0,0,0,0,0,0,0,0,0,0,0,0,0,0,0,0,0
BART-COL-050,1,FALSE,NONE,4e-05,0.081545,0.000308,0.0,8068,TRUE,0,4,7,4,7,160,287,0,0,0,0,0,0,0,0,0,0,1,0,0,0,0,0,0,0,0,0,0,0,0,0,0,0,0,0
BART-COL-050,2,TRUE,NONE,3e-05,0.078659,0.000222,0.0,8068,TRUE,0,4,7,4,7,160,287,0,0,0,0,0,0,0,0,0,0,1,0,0,0,0,0,0,0,0,0,0,0,0,0,0,0,0,0
BART-COL-050,3,TRUE,NONE,2.7e-05,0.066289,0.000225,0.0,8080,TRUE,0,4,7,4,7,160,287,0,0,0,0,0,0,0,0,0,0,1,0,0,0,0,0,0,0,0,0,0,0,0,0,0,0,0,0
BART-COL-050,4,TRUE,NONE,2.8e-05,0.072668,0.000505,0.0,8392,TRUE,0,4,7,4,7,160,287,0,0,0,0,0,0,0,0,0,0,1,0,0,0,0,0,0,0,0,0,0,0,0,0,0,0,0,0
BART-COL-050,5,TRUE,NONE,3.1e-05,0.05961,0.008474,0.003018,10156,FALSE,0,4,7,4,7,160,287,12,20,0,80,0,679,20,5,7,0,1,0,0,0,14,0,0,0,0,0,642,0,0,0,0,0,0,0
BART-COL-050,6,FALSE,NONE,2.6e-05,0.042915,0.000237,0.0,8080,TRUE,0,4,7,4,7,160,287,0,0,0,0,0,0,0,0,0,0,1,0,0,0,0,0,0,0,0,0,0,0,0,0,0,0,0,0
BART-COL-050,7,FALSE,NONE,3.1e-05,0.048922,0.008106,0.002957,10156,FALSE,0,4,7,4,7,160,287,12,20,0,80,0,679,20,5,7,0,1,0,0,0,14,0,0,0,0,0,642,0,0,0,0,0,0,0
BART-COL-050,8,FALSE,NONE,3.2e-05,0.049115,0.000242,0.0,8072,TRUE,0,4,7,4,7,160,287,0,0,0,0,0,0,0,0,0,0,1,0,0,0,0,0,0,0,0,0,0,0,0,0,0,0,0,0
BART-COL-050,9,FALSE,NONE,2.7e-05,0.074718,0.000259,0.0,8072,TRUE,0,4,7,4,7,160,287,0,0,0,0,0,0,0,0,0,0,1,0,0,0,0,0,0,0,0,0,0,0,0,0,0,0,0,0
BART-COL-050,10,TRUE,NONE,3.5e-05,0.053801,0.004261,0.00898,10348,FALSE,0,4,7,4,7,160,287,107,177,0,32,0,58,20,5,5,0,1,0,0,0,14,0,0,0,0,0,0,0,0,0,0,0,0,0
BART-COL-050,11,TRUE,NONE,4e-05,0.217572,0.00922,0.004865,10160,FALSE,0,4,7,4,7,160,287,1,1,0,0,0,93,20,131,166,0,1,0,0,0,14,0,0,0,0,0,0,0,0,0,0,0,0,0
BART-COL-050,12,FALSE,NONE,2.4e-05,0.048488,0.000245,0.0,8080,TRUE,0,4,7,4,7,160,287,0,0,0,0,0,0,0,0,0,0,1,0,0,0,0,0,0,0,0,0,0,0,0,0,0,0,0,0
BART-COL-050,13,FALSE,NONE,6e-06,0.041537,0.003415,0.004699,10160,FALSE,0,4,7,4,7,160,287,131,201,0,0,0,59,20,1,0,0,1,0,0,0,14,0,0,0,0,0,0,0,0,0,0,0,0,0
BART-COL-050,14,FALSE,NONE,3e-05,0.05584,0.000276,0.0,8068,TRUE,0,4,7,4,7,160,287,0,0,0,0,0,0,0,0,0,0,1,0,0,0,0,0,0,0,0,0,0,0,0,0,0,0,0,0
BART-COL-050,15,FALSE,NONE,2.8e-05,0.040361,0.00025,0.0,8072,TRUE,0,4,7,4,7,160,287,0,0,0,0,0,0,0,0,0,0,1,0,0,0,0,0,0,0,0,0,0,0,0,0,0,0,0,0
BART-COL-050,16,FALSE,NONE,1.5e-05,0.060886,0.002934,0.007728,10156,FALSE,0,4,7,4,7,160,287,131,201,0,0,0,59,20,1,0,0,1,0,0,0,14,0,0,0,0,0,0,0,0,0,0,0,0,0
BART-COL-060,1,FALSE,NONE,3.5e-05,0.075245,0.109002,0.015166,10652,FALSE,0,4,7,4,7,160,287,108,178,0,37,0,59,19,0,0,1,1,0,0,0,13,0,0,0,0,0,0,0,0,0,0,0,0,0
BART-COL-060,2,TRUE,NONE,2.8e-05,0.053309,0.013097,0.002458,10712,FALSE,0,4,7,4,7,160,287,2,2,0,209,0,129,19,0,0,0,1,0,0,0,13,0,0,0,0,0,0,0,0,0,0,0,0,0
BART-COL-060,3,TRUE,NONE,1.7e-05,0.058639,0.000354,0.0,8820,TRUE,0,4,7,4,7,160,287,0,0,0,0,0,0,0,0,0,0,1,0,0,0,0,0,0,0,0,0,0,0,0,0,0,0,0,0
BART-COL-060,4,TRUE,NONE,2.8e-05,0.060464,0.000229,0.0,8500,TRUE,0,4,7,4,7,160,287,0,0,0,0,0,0,0,0,0,0,1,0,0,0,0,0,0,0,0,0,0,0,0,0,0,0,0,0
BART-COL-060,5,TRUE,NONE,1.5e-05,0.064648,0.054753,0.007088,10712,FALSE,0,4,7,4,7,160,287,132,202,0,0,0,59,19,0,0,0,1,0,0,0,13,0,0,0,0,0,0,0,0,0,0,0,0,0
BART-COL-060,6,TRUE,NONE,2.9e-05,0.095145,0.007273,0.003643,10708,FALSE,0,4,7,4,7,160,287,11,20,0,85,0,65,19,0,0,50,2,0,0,0,13,0,0,0,0,0,0,0,0,0,0,0,0,0
BART-COL-060,7,FALSE,NONE,2.5e-05,0.062074,0.026931,0.003724,10712,FALSE,0,4,7,4,7,160,287,109,179,0,23,0,59,19,0,0,0,1,0,0,0,13,0,0,0,0,0,0,0,0,0,0,0,0,0
BART-COL-060,8,TRUE,NONE,3.3e-05,0.060491,0.005997,0.002555,10712,FALSE,0,4,7,4,7,160,287,10,18,0,89,0,65,19,0,1,49,2,0,0,0,13,0,0,0,0,0,0,0,0,0,0,0,0,0
BART-COL-060,9,FALSE,NONE,3.4e-05,0.05627,0.006022,0.00274,10708,FALSE,0,4,7,4,7,160,287,10,18,0,89,0,65,19,0,1,49,2,0,0,0,13,0,0,0,0,0,0,0,0,0,0,0,0,0
BART-COL-060,10,FALSE,NONE,3.4e-05,0.063702,0.005979,0.002965,10708,FALSE,0,4,7,4,7,160,287,10,18,0,89,0,65,19,0,1,49,2,0,0,0,13,0,0,0,0,0,0,0,0,0,0,0,0,0
BART-COL-060,11,FALSE,NONE,3.8e-05,0.116242,0.000296,0.0,8492,TRUE,0,4,7,4,7,160,287,0,0,0,0,0,0,0,0,0,0,1,0,0,0,0,0,0,0,0,0,0,0,0,0,0,0,0,0
BART-COL-060,12,TRUE,NONE,3.1e-05,0.050033,0.005914,0.002748,10708,FALSE,0,4,7,4,7,160,287,10,18,0,89,0,65,19,0,1,49,2,0,0,0,13,0,0,0,0,0,0,0,0,0,0,0,0,0
BART-COL-060,13,TRUE,NONE,2.5e-05,0.056214,0.027582,0.011967,10708,FALSE,0,4,7,4,7,160,287,108,178,0,24,0,59,19,0,0,0,1,0,0,0,13,0,0,0,0,0,0,0,0,0,0,0,0,0
BART-COL-060,14,TRUE,NONE,3e-05,0.110785,0.000225,0.0,8504,TRUE,0,4,7,4,7,160,287,0,0,0,0,0,0,0,0,0,0,1,0,0,0,0,0,0,0,0,0,0,0,0,0,0,0,0,0
BART-COL-060,15,TRUE,NONE,3.3e-05,0.071569,0.000278,0.0,8504,TRUE,0,4,7,4,7,160,287,0,0,0,0,0,0,0,0,0,0,1,0,0,0,0,0,0,0,0,0,0,0,0,0,0,0,0,0
BART-COL-060,16,TRUE,NONE,3.4e-05,0.06292,0.01327,0.002366,10708,FALSE,0,4,7,4,7,160,287,2,2,0,209,0,129,19,0,0,0,1,0,0,0,13,0,0,0,0,0,0,0,0,0,0,0,0,0
BridgeAndVehicles-COL-V04P05N02,1,FALSE,NONE,2e-05,0.000632,0.000664,0.02708,9988,FALSE,0,15,11,15,11,29,52,27,52,0,0,0,0,0,0,0,0,1,0,0,0,0,0,0,0,0,0,0,0,0,0,0,0,0,0
BridgeAndVehicles-COL-V04P05N02,2,FALSE,NONE,2.8e-05,0.000719,0.000114,0.0,4844,TRUE,0,15,11,15,11,29,52,0,0,0,0,0,0,0,0,0,0,1,0,0,0,0,0,0,0,0,0,0,0,0,0,0,0,0,0
BridgeAndVehicles-COL-V04P05N02,3,FALSE,NONE,2.6e-05,0.000724,0.00074,0.027734,9740,FALSE,0,15,11,15,11,29,52,27,52,0,0,0,0,0,0,0,0,1,0,0,0,0,0,0,0,0,0,0,0,0,0,0,0,0,0
BridgeAndVehicles-COL-V04P05N02,4,FALSE,NONE,2.7e-05,0.000704,0.000802,0.011944,9848,FALSE,0,15,11,15,11,29,52,26,52,0,0,1,0,0,0,0,0,1,0,0,0,0,0,0,0,0,0,0,0,0,0,0,0,0,0
BridgeAndVehicles-COL-V04P05N02,5,FALSE,NONE,2.3e-05,0.000703,9.6e-05,0.0,4880,TRUE,0,15,11,15,11,29,52,0,0,0,0,0,0,0,0,0,0,1,0,0,0,0,0,0,0,0,0,0,0,0,0,0,0,0,0
BridgeAndVehicles-COL-V04P05N02,6,FALSE,NONE,1.7e-05,0.000633,0.000691,0.027561,9788,FALSE,0,15,11,15,11,29,52,27,52,0,0,0,0,0,0,0,0,1,0,0,0,0,0,0,0,0,0,0,0,0,0,0,0,0,0
BridgeAndVehicles-COL-V04P05N02,7,TRUE,NONE,1.9e-05,0.000698,0.000109,0.0,4884,TRUE,0,15,11,15,11,29,52,0,0,0,0,0,0,0,0,0,0,1,0,0,0,0,0,0,0,0,0,0,0,0,0,0,0,0,0
BridgeAndVehicles-COL-V04P05N02,8,TRUE,NONE,1.8e-05,0.000711,0.000739,0.024719,9752,FALSE,0,15,11,15,11,29,52,27,52,0,0,0,0,0,0,0,0,1,0,0,0,0,0,0,0,0,0,0,0,0,0,0,0,0,0
BridgeAndVehicles-COL-V04P05N02,9,TRUE,NONE,1.7e-05,0.000701,0.00012,0.0,9496,TRUE,0,15,11,15,11,29,52,0,0,0,0,0,0,0,0,0,0,1,0,0,0,0,0,0,0,0,0,0,0,0,0,0,0,0,0
BridgeAndVehicles-COL-V04P05N02,10,TRUE,NONE,2.5e-05,0.000711,0.000665,0.026572,9124,FALSE,0,15,11,15,11,29,52,27,52,0,0,0,0,0,0,0,0,1,0,0,0,0,0,0,0,0,0,0,0,0,0,0,0,0,0
BridgeAndVehicles-COL-V04P05N02,11,FALSE,NONE,2.2e-05,0.000632,8e-05,0.0,9784,TRUE,0,15,11,15,11,29,52,0,0,0,0,0,0,0,0,0,0,1,0,0,0,0,0,0,0,0,0,0,0,0,0,0,0,0,0
BridgeAndVehicles-COL-V04P05N02,12,FALSE,NONE,2.6e-05,0.000704,0.000102,0.0,9988,TRUE,0,15,11,15,11,29,52,0,0,0,0,0,0,0,0,0,0,1,0,0,0,0,0,0,0,0,0,0,0,0,0,0,0,0,0
BridgeAndVehicles-COL-V04P05N02,13,FALSE,NONE,2.7e-05,0.000707,0.000698,0.018857,9984,FALSE,0,15,11,15,11,29,52,26,52,0,0,1,0,0,0,0,0,1,0,0,0,0,0,0,0,0,0,0,0,0,0,0,0,0,0
BridgeAndVehicles-COL-V04P05N02,14,FALSE,NONE,2.1e-05,0.000691,0.000106,0.0,9812,TRUE,0,15,11,15,11,29,52,0,0,0,0,0,0,0,0,0,0,1,0,0,0,0,0,0,0,0,0,0,0,0,0,0,0,0,0
BridgeAndVehicles-COL-V04P05N02,15,TRUE,NONE,2.4e-05,0.000627,0.000108,0.0,9776,TRUE,0,15,11,15,11,29,52,0,0,0,0,0,0,0,0,0,0,1,0,0,0,0,0,0,0,0,0,0,0,0,0,0,0,0,0
BridgeAndVehicles-COL-V04P05N02,16,TRUE,NONE,2.5e-05,0.000703,0.000103,0.0,4840,TRUE,0,15,11,15,11,29,52,0,0,0,0,0,0,0,0,0,0,1,0,0,0,0,0,0,0,0,0,0,0,0,0,0,0,0,0
BridgeAndVehicles-COL-V10P10N10,1,FALSE,NONE,2.4e-05,0.003493,0.022686,4.78663,12872,FALSE,0,15,11,15,11,49,288,46,288,0,0,0,0,0,0,0,0,1,0,0,0,1,0,0,0,0,0,0,0,0,0,0,0,0,0
BridgeAndVehicles-COL-V10P10N10,2,FALSE,NONE,2.6e-05,0.003273,0.000404,0.0,6556,TRUE,0,15,11,15,11,49,288,0,0,0,0,0,0,0,0,0,0,1,0,0,0,0,0,0,0,0,0,0,0,0,0,0,0,0,0
BridgeAndVehicles-COL-V10P10N10,3,TRUE,NONE,2.4e-05,0.003301,0.022835,5.67933,12272,FALSE,0,15,11,15,11,49,288,46,288,0,0,0,0,0,0,0,0,1,0,0,0,1,0,0,0,0,0,0,0,0,0,0,0,0,0
BridgeAndVehicles-COL-V10P10N10,4,TRUE,NONE,3.4e-05,0.004666,0.000449,0.0,6564,TRUE,0,15,11,15,11,49,288,0,0,0,0,0,0,0,0,0,0,1,0,0,0,0,0,0,0,0,0,0,0,0,0,0,0,0,0
BridgeAndVehicles-COL-V10P10N10,5,FALSE,NONE,2.2e-05,0.003279,0.022374,4.87458,12692,FALSE,0,15,11,15,11,49,288,46,288,0,0,0,0,0,0,0,0,1,0,0,0,1,0,0,0,0,0,0,0,0,0,0,0,0,0
BridgeAndVehicles-COL-V10P10N10,6,FALSE,NONE,2.3e-05,0.003649,0.023093,7.7709,13248,FALSE,0,15,11,15,11,49,288,47,288,0,0,0,0,0,0,0,0,1,0,0,0,3,0,0,0,0,0,0,0,0,0,0,0,0,0
BridgeAndVehicles-COL-V10P10N10,7,FALSE,NONE,2.6e-05,0.003438,0.022984,9.31143,13436,FALSE,0,15,11,15,11,49,288,47,288,0,0,0,0,0,0,0,0,1,0,0,0,3,0,0,0,0,0,0,0,0,0,0,0,0,0
BridgeAndVehicles-COL-V10P10N10,8,TRUE,NONE,2.6e-05,0.003284,0.008499,0.003752,8436,FALSE,0,15,11,15,11,49,288,45,287,0,10,0,0,0,0,0,0,1,0,0,0,1,0,0,0,0,0,0,0,0,0,0,0,0,0
BridgeAndVehicles-COL-V10P10N10,9,TRUE,NONE,2.5e-05,0.00331,0.011132,0.005413,8428,FALSE,0,15,11,15,11,49,288,43,286,0,20,0,0,0,0,0,0,1,0,0,0,2,0,0,0,0,0,0,0,0,0,0,0,0,0
BridgeAndVehicles-COL-V10P10N10,10,FALSE,NONE,2.3e-05,0.003399,0.000345,0.0,6556,TRUE,0,15,11,15,11,49,288,0,0,0,0,0,0,0,0,0,0,1,0,0,0,0,0,0,0,0,0,0,0,0,0,0,0,0,0
BridgeAndVehicles-COL-V10P10N10,11,FALSE,NONE,2.1e-05,0.003438,0.023601,0.390989,9752,FALSE,0,15,11,15,11,49,288,47,288,0,0,0,0,0,0,0,0,1,0,0,0,3,0,0,0,0,0,0,0,0,0,0,0,0,0
BridgeAndVehicles-COL-V10P10N10,12,TRUE,NONE,2.2e-05,0.003546,0.022648,0.004512,8332,FALSE,0,15,11,15,11,49,288,47,288,0,0,0,0,0,0,0,0,1,0,0,0,3,0,0,0,0,0,0,0,0,0,0,0,0,0
BridgeAndVehicles-COL-V10P10N10,13,FALSE,NONE,2.3e-05,0.003467,0.000376,0.0,6560,TRUE,0,15,11,15,11,49,288,0,0,0,0,0,0,0,0,0,0,1,0,0,0,0,0,0,0,0,0,0,0,0,0,0,0,0,0
BridgeAndVehicles-COL-V10P10N10,14,TRUE,NONE,2.3e-05,0.003333,0.010491,0.004701,8428,FALSE,0,15,11,15,11,49,288,43,286,0,20,0,0,0,0,0,0,1,0,0,0,2,0,0,0,0,0,0,0,0,0,0,0,0,0
BridgeAndVehicles-COL-V10P10N10,15,FALSE,NONE,1.7e-05,0.00347,0.022892,7.99696,12272,FALSE,0,15,11,15,11,49,288,47,288,0,0,0,0,0,0,0,0,1,0,0,0,3,0,0,0,0,0,0,0,0,0,0,0,0,0
BridgeAndVehicles-COL-V10P10N10,16,FALSE,NONE,2.5e-05,0.00353,0.023496,1.10106,10044,FALSE,0,15,11,15,11,49,288,47,288,0,0,0,0,0,0,0,0,1,0,0,0,3,0,0,0,0,0,0,0,0,0,0,0,0,0
BridgeAndVehicles-COL-V20P10N10,1,NONE,NONE,2.3e-05,0.005712,0.075318,0.0,54672,FALSE,0,15,11,15,11,69,548,67,548,0,0,0,0,0,0,0,0,1,0,0,0,0,0,0,0,0,0,0,0,0,0,0,0,0,0
BridgeAndVehicles-COL-V20P10N10,2,FALSE,NONE,2.6e-05,0.005805,0.017739,0.017753,11464,FALSE,0,15,11,15,11,69,548,66,547,0,20,0,0,0,0,0,0,1,0,0,0,0,0,0,0,0,0,0,0,0,0,0,0,0,0
BridgeAndVehicles-COL-V20P10N10,3,NONE,NONE,2.5e-05,0.005375,0.075119,0.0,24632,FALSE,0,15,11,15,11,69,548,67,548,0,0,0,0,0,0,0,0,1,0,0,0,0,0,0,0,0,0,0,0,0,0,0,0,0,0
BridgeAndVehicles-COL-V20P10N10,4,NONE,NONE,1.9e-05,0.005818,0.07325,0.0,23884,FALSE,0,15,11,15,11,69,548,67,548,0,0,0,0,0,0,0,0,1,0,0,0,0,0,0,0,0,0,0,0,0,0,0,0,0,0
BridgeAndVehicles-COL-V20P10N10,5,FALSE,NONE,1.8e-05,0.005805,0.01685,0.007534,10636,FALSE,0,15,11,15,11,69,548,64,546,0,40,0,0,0,0,0,0,1,0,0,0,1,0,0,0,0,0,0,0,0,0,0,0,0,0
BridgeAndVehicles-COL-V20P10N10,6,FALSE,NONE,2.6e-05,0.00578,0.022365,0.011787,10636,FALSE,0,15,11,15,11,69,548,64,546,0,40,0,0,0,0,0,0,1,0,0,0,1,0,0,0,0,0,0,0,0,0,0,0,0,0
BridgeAndVehicles-COL-V20P10N10,7,TRUE,NONE,2.2e-05,0.005949,0.023445,0.004913,10636,FALSE,0,15,11,15,11,69,548,64,546,0,40,0,0,0,0,0,0,1,0,0,0,1,0,0,0,0,0,0,0,0,0,0,0,0,0
BridgeAndVehicles-COL-V20P10N10,8,NONE,NONE,2.6e-05,0.005805,0.075634,0.0,24452,FALSE,0,15,11,15,11,69,548,67,548,0,0,0,0,0,0,0,0,1,0,0,0,0,0,0,0,0,0,0,0,0,0,0,0,0,0
BridgeAndVehicles-COL-V20P10N10,9,FALSE,NONE,3.4e-05,0.008124,0.072105,0.004,11324,FALSE,0,15,11,15,11,69,548,67,548,0,0,0,0,0,0,0,0,1,0,0,0,0,0,0,0,0,0,0,0,0,0,0,0,0,0
BridgeAndVehicles-COL-V20P10N10,10,TRUE,NONE,2.7e-05,0.00591,0.023389,0.012289,11464,FALSE,0,15,11,15,11,69,548,64,546,0,40,0,0,0,0,0,0,1,0,0,0,1,0,0,0,0,0,0,0,0,0,0,0,0,0
BridgeAndVehicles-COL-V20P10N10,11,FALSE,NONE,2e-05,0.005189,0.012124,0.007018,11464,FALSE,0,15,11,15,11,69,548,66,547,0,20,0,0,0,0,0,0,1,0,0,0,0,0,0,0,0,0,0,0,0,0,0,0,0,0
BridgeAndVehicles-COL-V20P10N10,12,FALSE,NONE,2.3e-05,0.005819,0.016611,0.00318,10632,FALSE,0,15,11,15,11,69,548,64,546,0,40,0,0,0,0,0,0,1,0,0,0,1,0,0,0,0,0,0,0,0,0,0,0,0,0
BridgeAndVehicles-COL-V20P10N10,13,NONE,NONE,2e-05,0.005762,0.073491,0.0,27436,FALSE,0,15,11,15,11,69,548,67,548,0,0,0,0,0,0,0,0,1,0,0,0,0,0,0,0,0,0,0,0,0,0,0,0,0,0
BridgeAndVehicles-COL-V20P10N10,14,TRUE,NONE,2.7e-05,0.006048,0.023674,0.013293,11524,FALSE,0,15,11,15,11,69,548,64,546,0,40,0,0,0,0,0,0,1,0,0,0,1,0,0,0,0,0,0,0,0,0,0,0,0,0
BridgeAndVehicles-COL-V20P10N10,15,TRUE,NONE,2.3e-05,0.005938,0.023237,0.012199,11524,FALSE,0,15,11,15,11,69,548,64,546,0,40,0,0,0,0,0,0,1,0,0,0,1,0,0,0,0,0,0,0,0,0,0,0,0,0
BridgeAndVehicles-COL-V20P10N10,16,TRUE,NONE,2.5e-05,0.005841,0.000878,0.0,11464,TRUE,0,15,11,15,11,69,548,0,0,0,0,0,0,0,0,0,0,1,0,0,0,0,0,0,0,0,0,0,0,0,0,0,0,0,0
BridgeAndVehicles-COL-V20P10N20,1,FALSE,NONE,4.4e-05,0.009989,0.240061,0.004578,17212,FALSE,0,15,11,15,11,79,968,77,968,0,0,0,0,0,0,0,0,1,0,0,0,0,0,0,0,0,0,0,0,0,0,0,0,0,0
BridgeAndVehicles-COL-V20P10N20,2,FALSE,NONE,2.6e-05,0.01038,0.052408,0.005269,17648,FALSE,0,15,11,15,11,79,968,75,967,0,20,1,0,0,0,0,0,1,0,0,0,0,0,0,0,0,0,0,0,0,0,0,0,0,0
BridgeAndVehicles-COL-V20P10N20,3,NONE,NONE,1.8e-05,0.010246,0.257804,0.0,17624,FALSE,0,15,11,15,11,79,968,76,968,0,0,1,0,0,0,0,0,1,0,0,0,0,0,0,0,0,0,0,0,0,0,0,0,0,0
BridgeAndVehicles-COL-V20P10N20,4,TRUE,NONE,2.3e-05,0.010015,0.051921,0.00535,17648,FALSE,0,15,11,15,11,79,968,75,967,0,20,1,0,0,0,0,0,1,0,0,0,0,0,0,0,0,0,0,0,0,0,0,0,0,0
BridgeAndVehicles-COL-V20P10N20,5,NONE,NONE,2.8e-05,0.010287,0.262031,0.0,17220,FALSE,0,15,11,15,11,79,968,77,968,0,0,0,0,0,0,0,0,1,0,0,0,0,0,0,0,0,0,0,0,0,0,0,0,0,0
BridgeAndVehicles-COL-V20P10N20,6,NONE,NONE,1.9e-05,0.008798,0.236739,0.0,21228,FALSE,0,15,11,15,11,79,968,77,968,0,0,0,0,0,0,0,0,1,0,0,0,0,0,0,0,0,0,0,0,0,0,0,0,0,0
BridgeAndVehicles-COL-V20P10N20,7,TRUE,NONE,2.2e-05,0.010721,0.001274,0.0,17216,TRUE,0,15,11,15,11,79,968,0,0,0,0,0,0,0,0,0,0,1,0,0,0,0,0,0,0,0,0,0,0,0,0,0,0,0,0
BridgeAndVehicles-COL-V20P10N20,8,FALSE,NONE,2.8e-05,0.010588,0.258857,0.006663,17220,FALSE,0,15,11,15,11,79,968,76,968,0,0,1,0,0,0,0,0,1,0,0,0,0,0,0,0,0,0,0,0,0,0,0,0,0,0
BridgeAndVehicles-COL-V20P10N20,9,TRUE,NONE,2.5e-05,0.010419,0.076264,0.042532,17216,FALSE,0,15,11,15,11,79,968,75,967,0,20,1,0,0,0,0,0,1,0,0,0,0,0,0,0,0,0,0,0,0,0,0,0,0,0
BridgeAndVehicles-COL-V20P10N20,10,NONE,NONE,3.8e-05,0.012069,0.046959,0.0,17292,FALSE,0,15,11,15,11,79,968,75,967,0,20,1,0,0,0,0,0,1,0,0,0,0,0,0,0,0,0,0,0,0,0,0,0,0,0
BridgeAndVehicles-COL-V20P10N20,11,FALSE,NONE,2.2e-05,0.011317,0.001608,0.0,17216,TRUE,0,15,11,15,11,79,968,0,0,0,0,0,0,0,0,0,0,1,0,0,0,0,0,0,0,0,0,0,0,0,0,0,0,0,0
BridgeAndVehicles-COL-V20P10N20,12,TRUE,NONE,2.8e-05,0.010733,0.001614,0.0,17216,TRUE,0,15,11,15,11,79,968,0,0,0,0,0,0,0,0,0,0,1,0,0,0,0,0,0,0,0,0,0,0,0,0,0,0,0,0
BridgeAndVehicles-COL-V20P10N20,13,NONE,NONE,2.2e-05,0.010306,0.211855,0.0,29592,FALSE,0,15,11,15,11,79,968,77,968,0,0,0,0,0,0,0,0,1,0,0,0,0,0,0,0,0,0,0,0,0,0,0,0,0,0
BridgeAndVehicles-COL-V20P10N20,14,FALSE,NONE,2.3e-05,0.01011,0.051654,0.009903,17648,FALSE,0,15,11,15,11,79,968,75,967,0,20,1,0,0,0,0,0,1,0,0,0,0,0,0,0,0,0,0,0,0,0,0,0,0,0
BridgeAndVehicles-COL-V20P10N20,15,NONE,NONE,2.4e-05,0.010015,0.211879,0.0,17216,FALSE,0,15,11,15,11,79,968,77,968,0,0,0,0,0,0,0,0,1,0,0,0,0,0,0,0,0,0,0,0,0,0,0,0,0,0
BridgeAndVehicles-COL-V20P10N20,16,FALSE,NONE,2.6e-05,0.01031,0.255469,0.00454,17200,FALSE,0,15,11,15,11,79,968,76,968,0,0,1,0,0,0,0,0,1,0,0,0,0,0,0,0,0,0,0,0,0,0,0,0,0,0
BridgeAndVehicles-COL-V20P10N50,1,NONE,NONE,2.3e-05,0.025734,1.66005,0.0,37852,FALSE,0,15,11,15,11,109,2228,107,2228,0,0,0,0,0,0,0,0,1,0,0,0,0,0,0,0,0,0,0,0,0,0,0,0,0,0
BridgeAndVehicles-COL-V20P10N50,2,TRUE,NONE,2.5e-05,0.024911,1.67755,0.931188,37224,FALSE,0,15,11,15,11,109,2228,107,2228,0,0,0,0,0,0,0,0,1,0,0,0,0,0,0,0,0,0,0,0,0,0,0,0,0,0
BridgeAndVehicles-COL-V20P10N50,3,TRUE,NONE,2.2e-05,0.025187,1.72516,0.009523,38440,FALSE,0,15,11,15,11,109,2228,107,2228,0,0,0,0,0,0,0,0,1,0,0,0,0,0,0,0,0,0,0,0,0,0,0,0,0,0
BridgeAndVehicles-COL-V20P10N50,4,NONE,NONE,2.8e-05,0.027474,0.251549,0.0,37600,FALSE,0,15,11,15,11,109,2228,104,2226,0,40,0,0,0,0,0,0,1,0,0,0,1,0,0,0,0,0,0,0,0,0,0,0,0,0
BridgeAndVehicles-COL-V20P10N50,5,FALSE,NONE,2.2e-05,0.027012,1.63923,0.019202,37428,FALSE,0,15,11,15,11,109,2228,107,2228,0,0,0,0,0,0,0,0,1,0,0,0,0,0,0,0,0,0,0,0,0,0,0,0,0,0
BridgeAndVehicles-COL-V20P10N50,6,NONE,NONE,2.1e-05,0.0256,0.395256,0.0,38936,FALSE,0,15,11,15,11,109,2228,104,2226,0,40,0,0,0,0,0,0,1,0,0,0,1,0,0,0,0,0,0,0,0,0,0,0,0,0
BridgeAndVehicles-COL-V20P10N50,7,NONE,NONE,2.6e-05,0.026019,1.66836,0.0,38260,FALSE,0,15,11,15,11,109,2228,107,2228,0,0,0,0,0,0,0,0,1,0,0,0,0,0,0,0,0,0,0,0,0,0,0,0,0,0
BridgeAndVehicles-COL-V20P10N50,8,NONE,NONE,2.9e-05,0.025683,0.404885,0.0,37468,FALSE,0,15,11,15,11,109,2228,104,2226,0,40,0,0,0,0,0,0,1,0,0,0,1,0,0,0,0,0,0,0,0,0,0,0,0,0
BridgeAndVehicles-COL-V20P10N50,9,FALSE,NONE,2.7e-05,0.025912,0.2841,0.010252,38184,FALSE,0,15,11,15,11,109,2228,104,2226,0,40,0,0,0,0,0,0,1,0,0,0,1,0,0,0,0,0,0,0,0,0,0,0,0,0
BridgeAndVehicles-COL-V20P10N50,10,TRUE,NONE,2.2e-05,0.025123,0.006618,0.0,37812,TRUE,0,15,11,15,11,109,2228,0,0,0,0,0,0,0,0,0,0,1,0,0,0,0,0,0,0,0,0,0,0,0,0,0,0,0,0
BridgeAndVehicles-COL-V20P10N50,11,NONE,NONE,1.7e-05,0.035231,1.6576,0.0,37692,FALSE,0,15,11,15,11,109,2228,107,2228,0,0,0,0,0,0,0,0,1,0,0,0,0,0,0,0,0,0,0,0,0,0,0,0,0,0
BridgeAndVehicles-COL-V20P10N50,12,NONE,NONE,1.7e-05,0.025534,1.72227,0.0,37832,FALSE,0,15,11,15,11,109,2228,107,2228,0,0,0,0,0,0,0,0,1,0,0,0,0,0,0,0,0,0,0,0,0,0,0,0,0,0
BridgeAndVehicles-COL-V20P10N50,13,FALSE,NONE,2.9e-05,0.025175,0.26604,0.007403,38524,FALSE,0,15,11,15,11,109,2228,104,2226,0,40,0,0,0,0,0,0,1,0,0,0,1,0,0,0,0,0,0,0,0,0,0,0,0,0
BridgeAndVehicles-COL-V20P10N50,14,FALSE,NONE,2.5e-05,0.025036,1.68185,0.008676,38416,FALSE,0,15,11,15,11,109,2228,107,2228,0,0,0,0,0,0,0,0,1,0,0,0,0,0,0,0,0,0,0,0,0,0,0,0,0,0
BridgeAndVehicles-COL-V20P10N50,15,TRUE,NONE,3.2e-05,0.025686,0.420199,0.0122,39292,FALSE,0,15,11,15,11,109,2228,104,2226,0,40,0,0,0,0,0,0,1,0,0,0,1,0,0,0,0,0,0,0,0,0,0,0,0,0
BridgeAndVehicles-COL-V20P10N50,16,FALSE,NONE,2.6e-05,0.026456,0.307003,0.007951,38200,FALSE,0,15,11,15,11,109,2228,106,2227,0,20,0,0,0,0,0,0,1,0,0,0,0,0,0,0,0,0,0,0,0,0,0,0,0,0
BridgeAndVehicles-COL-V20P20N10,1,NONE,NONE,2.2e-05,0.006031,0.071392,0.0,13336,FALSE,0,15,11,15,11,69,548,67,548,0,0,0,0,0,0,0,0,1,0,0,0,0,0,0,0,0,0,0,0,0,0,0,0,0,0
BridgeAndVehicles-COL-V20P20N10,2,TRUE,NONE,2.4e-05,0.005742,0.019602,0.304986,11460,FALSE,0,15,11,15,11,69,548,63,546,1,20,1,0,0,0,0,0,1,0,0,0,1,0,0,0,0,0,0,0,0,0,0,0,0,0
BridgeAndVehicles-COL-V20P20N10,3,FALSE,NONE,2.5e-05,0.006052,0.029068,0.16356,10636,FALSE,0,15,11,15,11,69,548,63,546,1,20,1,0,0,0,0,0,1,0,0,0,1,0,0,0,0,0,0,0,0,0,0,0,0,0
BridgeAndVehicles-COL-V20P20N10,4,TRUE,NONE,2.6e-05,0.005953,0.028402,0.164038,11524,FALSE,0,15,11,15,11,69,548,63,546,1,20,1,0,0,0,0,0,1,0,0,0,1,0,0,0,0,0,0,0,0,0,0,0,0,0
BridgeAndVehicles-COL-V20P20N10,5,FALSE,NONE,2.4e-05,0.005777,0.077536,0.002308,11464,FALSE,0,15,11,15,11,69,548,66,548,0,0,1,0,0,0,0,0,1,0,0,0,0,0,0,0,0,0,0,0,0,0,0,0,0,0
BridgeAndVehicles-COL-V20P20N10,6,FALSE,NONE,2.3e-05,0.005867,0.02313,0.016027,11464,FALSE,0,15,11,15,11,69,548,65,547,0,20,1,0,0,0,0,0,1,0,0,0,0,0,0,0,0,0,0,0,0,0,0,0,0,0
BridgeAndVehicles-COL-V20P20N10,7,FALSE,NONE,2.3e-05,0.004848,0.026024,0.002932,10636,FALSE,0,15,11,15,11,69,548,61,544,1,462,1,0,0,0,0,0,1,0,0,0,1,0,0,0,0,0,0,0,0,0,0,0,0,0
BridgeAndVehicles-COL-V20P20N10,8,FALSE,NONE,2.7e-05,0.006115,0.038598,0.00494,10632,FALSE,0,15,11,15,11,69,548,61,544,1,462,1,0,0,0,0,0,1,0,0,0,1,0,0,0,0,0,0,0,0,0,0,0,0,0
BridgeAndVehicles-COL-V20P20N10,9,NONE,NONE,3e-05,0.005751,0.079412,0.0,26892,FALSE,0,15,11,15,11,69,548,66,548,0,0,1,0,0,0,0,0,1,0,0,0,0,0,0,0,0,0,0,0,0,0,0,0,0,0
BridgeAndVehicles-COL-V20P20N10,10,FALSE,NONE,2.2e-05,0.005928,0.037555,0.004418,10636,FALSE,0,15,11,15,11,69,548,61,544,1,462,1,0,0,0,0,0,1,0,0,0,1,0,0,0,0,0,0,0,0,0,0,0,0,0
BridgeAndVehicles-COL-V20P20N10,11,NONE,NONE,2.3e-05,0.006501,0.070643,0.0,17172,FALSE,0,15,11,15,11,69,548,67,548,0,0,0,0,0,0,0,0,1,0,0,0,0,0,0,0,0,0,0,0,0,0,0,0,0,0
BridgeAndVehicles-COL-V20P20N10,12,FALSE,NONE,2.5e-05,0.005836,0.026691,0.003181,10636,FALSE,0,15,11,15,11,69,548,61,544,1,462,1,0,0,0,0,0,1,0,0,0,1,0,0,0,0,0,0,0,0,0,0,0,0,0
BridgeAndVehicles-COL-V20P20N10,13,FALSE,NONE,2.5e-05,0.005903,0.001182,0.0,11460,TRUE,0,15,11,15,11,69,548,0,0,0,0,0,0,0,0,0,0,1,0,0,0,0,0,0,0,0,0,0,0,0,0,0,0,0,0
BridgeAndVehicles-COL-V20P20N10,14,NONE,NONE,2.4e-05,0.005737,0.075129,0.0,42796,FALSE,0,15,11,15,11,69,548,66,548,0,0,1,0,0,0,0,0,1,0,0,0,0,0,0,0,0,0,0,0,0,0,0,0,0,0
BridgeAndVehicles-COL-V20P20N10,15,NONE,NONE,2.3e-05,0.00586,0.068829,0.0,18232,FALSE,0,15,11,15,11,69,548,67,548,0,0,0,0,0,0,0,0,1,0,0,0,0,0,0,0,0,0,0,0,0,0,0,0,0,0
BridgeAndVehicles-COL-V20P20N10,16,NONE,NONE,2.7e-05,0.005863,0.076453,0.0,37476,FALSE,0,15,11,15,11,69,548,66,548,0,0,1,0,0,0,0,0,1,0,0,0,0,0,0,0,0,0,0,0,0,0,0,0,0,0
BridgeAndVehicles-COL-V20P20N20,1,NONE,NONE,3.7e-05,0.012202,0.025429,0.0,17716,FALSE,0,15,11,15,11,79,968,74,966,0,40,0,0,0,0,0,0,1,0,0,0,1,0,0,420,0,0,0,0,0,0,0,0,0,0
BridgeAndVehicles-COL-V20P20N20,2,NONE,NONE,2.9e-05,0.011527,0.0263,0.0,27548,FALSE,0,15,11,15,11,79,968,72,964,1,462,0,0,0,0,0,0,1,0,0,0,1,0,0,420,0,0,0,0,0,0,0,0,0,0
BridgeAndVehicles-COL-V20P20N20,3,NONE,NONE,2.5e-05,0.010836,0.239707,0.0,17304,FALSE,0,15,11,15,11,79,968,77,968,0,0,0,0,0,0,0,0,1,0,0,0,0,0,0,420,0,0,0,0,0,0,0,0,0,0
BridgeAndVehicles-COL-V20P20N20,4,NONE,NONE,2.4e-05,0.010616,0.028462,0.0,17688,FALSE,0,15,11,15,11,79,968,72,964,1,462,0,0,0,0,0,0,1,0,0,0,1,0,0,420,0,0,0,0,0,0,0,0,0,0
BridgeAndVehicles-COL-V20P20N20,5,FALSE,NONE,2.6e-05,0.008502,0.001483,0.0,17300,TRUE,0,15,11,15,11,79,968,0,0,0,0,0,0,0,0,0,0,1,0,0,0,0,0,0,0,0,0,0,0,0,0,0,0,0,0
BridgeAndVehicles-COL-V20P20N20,6,NONE,NONE,2.8e-05,0.011191,0.026947,0.0,27680,FALSE,0,15,11,15,11,79,968,72,964,1,462,0,0,0,0,0,0,1,0,0,0,1,0,0,420,0,0,0,0,0,0,0,0,0,0
BridgeAndVehicles-COL-V20P20N20,7,NONE,NONE,2.8e-05,0.010561,0.235396,0.0,17372,FALSE,0,15,11,15,11,79,968,77,968,0,0,0,0,0,0,0,0,1,0,0,0,0,0,0,420,0,0,0,0,0,0,0,0,0,0
BridgeAndVehicles-COL-V20P20N20,8,NONE,NONE,2.3e-05,0.010305,0.234748,0.0,26240,FALSE,0,15,11,15,11,79,968,77,968,0,0,0,0,0,0,0,0,1,0,0,0,0,0,0,420,0,0,0,0,0,0,0,0,0,0
BridgeAndVehicles-COL-V20P20N20,9,NONE,NONE,2.5e-05,0.010235,0.028431,0.0,17720,FALSE,0,15,11,15,11,79,968,72,964,1,462,0,0,0,0,0,0,1,0,0,0,1,0,0,420,0,0,0,0,0,0,0,0,0,0
BridgeAndVehicles-COL-V20P20N20,10,NONE,NONE,2.2e-05,0.011941,0.238344,0.0,27952,FALSE,0,15,11,15,11,79,968,77,968,0,0,0,0,0,0,0,0,1,0,0,0,0,0,0,420,0,0,0,0,0,0,0,0,0,0
BridgeAndVehicles-COL-V20P20N20,11,NONE,NONE,2.4e-05,0.01137,0.21564,0.0,17304,FALSE,0,15,11,15,11,79,968,77,968,0,0,0,0,0,0,0,0,1,0,0,0,0,0,0,420,0,0,0,0,0,0,0,0,0,0
BridgeAndVehicles-COL-V20P20N20,12,NONE,NONE,2.4e-05,0.010915,0.029076,0.0,17692,FALSE,0,15,11,15,11,79,968,72,964,1,462,0,0,0,0,0,0,1,0,0,0,1,0,0,420,0,0,0,0,0,0,0,0,0,0
BridgeAndVehicles-COL-V20P20N20,13,NONE,NONE,2.3e-05,0.010708,0.264303,0.0,17732,FALSE,0,15,11,15,11,79,968,77,968,0,0,0,0,0,0,0,0,1,0,0,0,0,0,0,420,0,0,0,0,0,0,0,0,0,0
BridgeAndVehicles-COL-V20P20N20,14,NONE,NONE,2e-05,0.010051,0.243243,0.0,26724,FALSE,0,15,11,15,11,79,968,77,968,0,0,0,0,0,0,0,0,1,0,0,0,0,0,0,420,0,0,0,0,0,0,0,0,0,0
BridgeAndVehicles-COL-V20P20N20,15,NONE,NONE,1.8e-05,0.01045,0.247657,0.0,17308,FALSE,0,15,11,15,11,79,968,77,968,0,0,0,0,0,0,0,0,1,0,0,0,0,0,0,420,0,0,0,0,0,0,0,0,0,0
BridgeAndVehicles-COL-V20P20N20,16,NONE,NONE,2.4e-05,0.010242,0.019139,0.0,26940,FALSE,0,15,11,15,11,79,968,76,967,0,20,0,0,0,0,0,0,1,0,0,0,0,0,0,420,0,0,0,0,0,0,0,0,0,0
BridgeAndVehicles-COL-V20P20N50,1,FALSE,NONE,2.6e-05,0.023385,0.452242,0.008917,38576,FALSE,0,15,11,15,11,109,2228,101,2224,2,2080,1,0,0,0,0,0,1,0,0,0,1,0,0,0,0,0,0,0,0,0,0,0,0,0
BridgeAndVehicles-COL-V20P20N50,2,FALSE,NONE,2.6e-05,0.0243,0.689143,0.012744,37708,FALSE,0,15,11,15,11,109,2228,101,2224,2,2080,1,0,0,0,0,0,1,0,0,0,1,0,0,0,0,0,0,0,0,0,0,0,0,0
BridgeAndVehicles-COL-V20P20N50,3,NONE,NONE,2.4e-05,0.023777,0.532986,0.0,38304,FALSE,0,15,11,15,11,109,2228,103,2226,0,40,1,0,0,0,0,0,1,0,0,0,1,0,0,0,0,0,0,0,0,0,0,0,0,0
BridgeAndVehicles-COL-V20P20N50,4,NONE,NONE,2.5e-05,0.024979,1.39176,0.0,38548,FALSE,0,15,11,15,11,109,2228,107,2228,0,0,0,0,0,0,0,0,1,0,0,0,0,0,0,0,0,0,0,0,0,0,0,0,0,0
BridgeAndVehicles-COL-V20P20N50,5,NONE,NONE,2.5e-05,0.020225,0.542124,0.0,37536,FALSE,0,15,11,15,11,109,2228,103,2226,0,40,1,0,0,0,0,0,1,0,0,0,1,0,0,0,0,0,0,0,0,0,0,0,0,0
BridgeAndVehicles-COL-V20P20N50,6,FALSE,NONE,2.7e-05,0.023966,0.700358,0.013364,36724,FALSE,0,15,11,15,11,109,2228,101,2224,2,2080,1,0,0,0,0,0,1,0,0,0,1,0,0,0,0,0,0,0,0,0,0,0,0,0
BridgeAndVehicles-COL-V20P20N50,7,NONE,NONE,3.2e-05,0.024348,0.522381,0.0,38488,FALSE,0,15,11,15,11,109,2228,103,2226,0,40,1,0,0,0,0,0,1,0,0,0,1,0,0,0,0,0,0,0,0,0,0,0,0,0
BridgeAndVehicles-COL-V20P20N50,8,NONE,NONE,2.4e-05,0.028374,0.588636,0.0,38500,FALSE,0,15,11,15,11,109,2228,103,2226,0,40,1,0,0,0,0,0,1,0,0,0,1,0,0,0,0,0,0,0,0,0,0,0,0,0
BridgeAndVehicles-COL-V20P20N50,9,TRUE,NONE,2.8e-05,0.024859,0.439678,0.022736,37896,FALSE,0,15,11,15,11,109,2228,101,2224,2,2080,1,0,0,0,0,0,1,0,0,0,1,0,0,0,0,0,0,0,0,0,0,0,0,0
BridgeAndVehicles-COL-V20P20N50,10,NONE,NONE,2e-05,0.039174,1.36101,0.0,37344,FALSE,0,15,11,15,11,109,2228,107,2228,0,0,0,0,0,0,0,0,1,0,0,0,0,0,0,0,0,0,0,0,0,0,0,0,0,0
BridgeAndVehicles-COL-V20P20N50,11,NONE,NONE,2.6e-05,0.023148,1.43792,0.0,37976,FALSE,0,15,11,15,11,109,2228,106,2228,0,0,1,0,0,0,0,0,1,0,0,0,0,0,0,0,0,0,0,0,0,0,0,0,0,0
BridgeAndVehicles-COL-V20P20N50,12,NONE,NONE,2.8e-05,0.027275,1.58201,0.0,38152,FALSE,0,15,11,15,11,109,2228,107,2228,0,0,0,0,0,0,0,0,1,0,0,0,0,0,0,0,0,0,0,0,0,0,0,0,0,0
BridgeAndVehicles-COL-V20P20N50,13,TRUE,NONE,2.4e-05,0.023789,1.39872,0.223138,38504,FALSE,0,15,11,15,11,109,2228,106,2228,0,0,1,0,0,0,0,0,1,0,0,0,0,0,0,0,0,0,0,0,0,0,0,0,0,0
BridgeAndVehicles-COL-V20P20N50,14,NONE,NONE,3.2e-05,0.029864,0.560062,0.0,38956,FALSE,0,15,11,15,11,109,2228,103,2226,0,40,1,0,0,0,0,0,1,0,0,0,1,0,0,0,0,0,0,0,0,0,0,0,0,0
BridgeAndVehicles-COL-V20P20N50,15,TRUE,NONE,2.9e-05,0.023769,0.742153,0.01664,39416,FALSE,0,15,11,15,11,109,2228,101,2224,2,2080,1,0,0,0,0,0,1,0,0,0,1,0,0,0,0,0,0,0,0,0,0,0,0,0
BridgeAndVehicles-COL-V20P20N50,16,NONE,NONE,3.1e-05,0.027516,0.56736,0.0,38196,FALSE,0,15,11,15,11,109,2228,103,2226,0,40,1,0,0,0,0,0,1,0,0,0,1,0,0,0,0,0,0,0,0,0,0,0,0,0
BridgeAndVehicles-COL-V50P20N10,1,FALSE,NONE,2.2e-05,0.012121,0.08096,0.030202,34632,FALSE,0,15,11,15,11,129,1328,125,1327,0,50,1,0,0,0,0,0,1,0,0,0,0,0,0,0,0,0,0,0,0,0,0,0,0,0
BridgeAndVehicles-COL-V50P20N10,2,NONE,NONE,2.5e-05,0.010454,0.431619,0.0,34876,FALSE,0,15,11,15,11,129,1328,126,1328,0,0,1,0,0,0,0,0,1,0,0,0,0,0,0,0,0,0,0,0,0,0,0,0,0,0
BridgeAndVehicles-COL-V50P20N10,3,FALSE,NONE,2.4e-05,0.012069,0.438953,0.004873,36744,FALSE,0,15,11,15,11,129,1328,126,1328,0,0,1,0,0,0,0,0,1,0,0,0,0,0,0,0,0,0,0,0,0,0,0,0,0,0
BridgeAndVehicles-COL-V50P20N10,4,NONE,NONE,2.6e-05,0.012088,0.44815,0.0,36332,FALSE,0,15,11,15,11,129,1328,126,1328,0,0,1,0,0,0,0,0,1,0,0,0,0,0,0,0,0,0,0,0,0,0,0,0,0,0
BridgeAndVehicles-COL-V50P20N10,5,FALSE,NONE,2.5e-05,0.014188,0.075662,0.013172,33468,FALSE,0,15,11,15,11,129,1328,125,1327,0,50,1,0,0,0,0,0,1,0,0,0,0,0,0,0,0,0,0,0,0,0,0,0,0,0
BridgeAndVehicles-COL-V50P20N10,6,NONE,NONE,2.4e-05,0.012665,0.421014,0.0,30212,FALSE,0,15,11,15,11,129,1328,127,1328,0,0,0,0,0,0,0,0,1,0,0,0,0,0,0,0,0,0,0,0,0,0,0,0,0,0
BridgeAndVehicles-COL-V50P20N10,7,NONE,NONE,2.3e-05,0.012578,0.450211,0.0,32596,FALSE,0,15,11,15,11,129,1328,126,1328,0,0,1,0,0,0,0,0,1,0,0,0,0,0,0,0,0,0,0,0,0,0,0,0,0,0
BridgeAndVehicles-COL-V50P20N10,8,FALSE,NONE,3.3e-05,0.012774,0.126269,0.006389,34124,FALSE,0,15,11,15,11,129,1328,125,1327,0,50,1,0,0,0,0,0,1,0,0,0,0,0,0,0,0,0,0,0,0,0,0,0,0,0
BridgeAndVehicles-COL-V50P20N10,9,TRUE,NONE,2.3e-05,0.013462,0.134551,0.00619,34972,FALSE,0,15,11,15,11,129,1328,125,1327,0,50,1,0,0,0,0,0,1,0,0,0,0,0,0,0,0,0,0,0,0,0,0,0,0,0
BridgeAndVehicles-COL-V50P20N10,10,NONE,NONE,3.1e-05,0.012449,0.472825,0.0,33596,FALSE,0,15,11,15,11,129,1328,127,1328,0,0,0,0,0,0,0,0,1,0,0,0,0,0,0,0,0,0,0,0,0,0,0,0,0,0
BridgeAndVehicles-COL-V50P20N10,11,NONE,NONE,2.3e-05,0.01437,0.444119,0.0,32752,FALSE,0,15,11,15,11,129,1328,126,1328,0,0,1,0,0,0,0,0,1,0,0,0,0,0,0,0,0,0,0,0,0,0,0,0,0,0
BridgeAndVehicles-COL-V50P20N10,12,FALSE,NONE,2.3e-05,0.015082,0.002155,0.0,29440,TRUE,0,15,11,15,11,129,1328,0,0,0,0,0,0,0,0,0,0,1,0,0,0,0,0,0,0,0,0,0,0,0,0,0,0,0,0
BridgeAndVehicles-COL-V50P20N10,13,TRUE,NONE,2.9e-05,0.012501,0.071267,0.002491,32720,FALSE,0,15,11,15,11,129,1328,125,1327,0,50,1,0,0,0,0,0,1,0,0,0,0,0,0,0,0,0,0,0,0,0,0,0,0,0
BridgeAndVehicles-COL-V50P20N10,14,FALSE,NONE,2.8e-05,0.016498,0.136988,0.031987,34872,FALSE,0,15,11,15,11,129,1328,125,1327,0,50,1,0,0,0,0,0,1,0,0,0,0,0,0,0,0,0,0,0,0,0,0,0,0,0
BridgeAndVehicles-COL-V50P20N10,15,NONE,NONE,1.8e-05,0.01858,0.494606,0.0,33936,FALSE,0,15,11,15,11,129,1328,126,1328,0,0,1,0,0,0,0,0,1,0,0,0,0,0,0,0,0,0,0,0,0,0,0,0,0,0
BridgeAndVehicles-COL-V50P20N10,16,FALSE,NONE,2.8e-05,0.010666,0.081394,0.00479,32728,FALSE,0,15,11,15,11,129,1328,125,1327,0,50,1,0,0,0,0,0,1,0,0,0,0,0,0,0,0,0,0,0,0,0,0,0,0,0
BridgeAndVehicles-COL-V50P20N20,1,FALSE,NONE,2.5e-05,0.023602,2.9161,0.006634,43328,FALSE,0,15,11,15,11,139,2348,137,2348,0,0,0,0,0,0,0,0,1,0,0,0,0,0,0,0,0,0,0,0,0,0,0,0,0,0
BridgeAndVehicles-COL-V50P20N20,2,TRUE,NONE,7e-06,0.02342,2.8888,0.052256,46276,FALSE,0,15,11,15,11,139,2348,137,2348,0,0,0,0,0,0,0,0,1,0,0,0,0,0,0,0,0,0,0,0,0,0,0,0,0,0
BridgeAndVehicles-COL-V50P20N20,3,NONE,NONE,2.1e-05,0.025603,0.264537,0.0,45256,FALSE,0,15,11,15,11,139,2348,136,2347,0,50,0,0,0,0,0,0,1,0,0,0,0,0,0,0,0,0,0,0,0,0,0,0,0,0
BridgeAndVehicles-COL-V50P20N20,4,TRUE,NONE,2.4e-05,0.024064,0.427415,0.161065,44052,FALSE,0,15,11,15,11,139,2348,134,2346,0,100,0,0,0,0,0,0,1,0,0,0,1,0,0,0,0,0,0,0,0,0,0,0,0,0
BridgeAndVehicles-COL-V50P20N20,5,NONE,NONE,1.8e-05,0.025783,3.15743,0.0,47968,FALSE,0,15,11,15,11,139,2348,137,2348,0,0,0,0,0,0,0,0,1,0,0,0,0,0,0,0,0,0,0,0,0,0,0,0,0,0
BridgeAndVehicles-COL-V50P20N20,6,NONE,NONE,2.3e-05,0.024929,2.95534,0.0,42792,FALSE,0,15,11,15,11,139,2348,137,2348,0,0,0,0,0,0,0,0,1,0,0,0,0,0,0,0,0,0,0,0,0,0,0,0,0,0
BridgeAndVehicles-COL-V50P20N20,7,NONE,NONE,3.1e-05,0.025405,2.96695,0.0,44916,FALSE,0,15,11,15,11,139,2348,137,2348,0,0,0,0,0,0,0,0,1,0,0,0,0,0,0,0,0,0,0,0,0,0,0,0,0,0
BridgeAndVehicles-COL-V50P20N20,8,TRUE,NONE,3.1e-05,0.027822,0.542128,0.173224,42648,FALSE,0,15,11,15,11,139,2348,134,2346,0,100,0,0,0,0,0,0,1,0,0,0,1,0,0,0,0,0,0,0,0,0,0,0,0,0
BridgeAndVehicles-COL-V50P20N20,9,NONE,NONE,2.1e-05,0.031082,2.96791,0.0,42848,FALSE,0,15,11,15,11,139,2348,137,2348,0,0,0,0,0,0,0,0,1,0,0,0,0,0,0,0,0,0,0,0,0,0,0,0,0,0
BridgeAndVehicles-COL-V50P20N20,10,TRUE,NONE,2.7e-05,0.024086,2.91668,0.040652,45372,FALSE,0,15,11,15,11,139,2348,137,2348,0,0,0,0,0,0,0,0,1,0,0,0,0,0,0,0,0,0,0,0,0,0,0,0,0,0
BridgeAndVehicles-COL-V50P20N20,11,TRUE,NONE,2.4e-05,0.022915,0.710761,0.039695,43936,FALSE,0,15,11,15,11,139,2348,132,2344,0,2202,0,0,0,0,0,0,1,0,0,0,1,0,0,0,0,0,0,0,0,0,0,0,0,0
BridgeAndVehicles-COL-V50P20N20,12,NONE,NONE,2.3e-05,0.025823,2.85642,0.0,43856,FALSE,0,15,11,15,11,139,2348,137,2348,0,0,0,0,0,0,0,0,1,0,0,0,0,0,0,0,0,0,0,0,0,0,0,0,0,0
BridgeAndVehicles-COL-V50P20N20,13,NONE,NONE,2.5e-05,0.025815,2.90089,0.0,45056,FALSE,0,15,11,15,11,139,2348,137,2348,0,0,0,0,0,0,0,0,1,0,0,0,0,0,0,0,0,0,0,0,0,0,0,0,0,0
BridgeAndVehicles-COL-V50P20N20,14,NONE,NONE,2.6e-05,0.024879,2.98783,0.0,45340,FALSE,0,15,11,15,11,139,2348,137,2348,0,0,0,0,0,0,0,0,1,0,0,0,0,0,0,0,0,0,0,0,0,0,0,0,0,0
BridgeAndVehicles-COL-V50P20N20,15,FALSE,NONE,2.2e-05,0.028028,0.510423,0.163395,46736,FALSE,0,15,11,15,11,139,2348,134,2346,0,100,0,0,0,0,0,0,1,0,0,0,1,0,0,0,0,0,0,0,0,0,0,0,0,0
BridgeAndVehicles-COL-V50P20N20,16,NONE,NONE,2.3e-05,0.027388,3.0945,0.0,43968,FALSE,0,15,11,15,11,139,2348,137,2348,0,0,0,0,0,0,0,0,1,0,0,0,0,0,0,0,0,0,0,0,0,0,0,0,0,0
BridgeAndVehicles-COL-V50P20N50,1,FALSE,NONE,2e-05,0.04975,1.12858,0.010641,71260,FALSE,0,15,11,15,11,168,5408,166,5407,0,50,0,0,0,0,0,0,1,0,0,0,0,0,0,0,0,0,0,0,0,0,0,0,0,0
BridgeAndVehicles-COL-V50P20N50,2,FALSE,NONE,2.8e-05,0.05978,7.84639,0.026644,66048,FALSE,0,15,11,15,11,168,5408,167,5408,0,0,0,0,0,0,0,0,1,1,0,0,0,0,0,0,0,0,0,0,0,0,0,0,0,0
BridgeAndVehicles-COL-V50P20N50,3,FALSE,NONE,2.3e-05,0.05148,1.08177,0.112671,65560,FALSE,0,15,11,15,11,168,5408,166,5407,0,50,0,0,0,0,0,0,1,1,0,0,0,0,0,0,0,0,0,0,0,0,0,0,0,0
BridgeAndVehicles-COL-V50P20N50,4,TRUE,NONE,2.6e-05,0.052986,7.95925,0.025954,70152,FALSE,0,15,11,15,11,168,5408,167,5408,0,0,0,0,0,0,0,0,1,0,0,0,0,0,0,0,0,0,0,0,0,0,0,0,0,0
BridgeAndVehicles-COL-V50P20N50,5,FALSE,NONE,5e-05,0.05371,1.06239,0.136829,66428,FALSE,0,15,11,15,11,168,5408,166,5407,0,50,0,0,0,0,0,0,1,0,0,0,0,0,0,0,0,0,0,0,0,0,0,0,0,0
BridgeAndVehicles-COL-V50P20N50,6,TRUE,NONE,2.3e-05,0.047176,1.48535,0.0268,61800,FALSE,0,15,11,15,11,168,5408,166,5407,0,50,0,0,0,0,0,0,1,1,0,0,0,0,0,0,0,0,0,0,0,0,0,0,0,0
BridgeAndVehicles-COL-V50P20N50,7,TRUE,NONE,2.2e-05,0.056424,8.05206,0.041036,68648,FALSE,0,15,11,15,11,168,5408,167,5408,0,0,0,0,0,0,0,0,1,0,0,0,0,0,0,0,0,0,0,0,0,0,0,0,0,0
BridgeAndVehicles-COL-V50P20N50,8,FALSE,NONE,2.2e-05,0.055223,7.90614,0.020163,61716,FALSE,0,15,11,15,11,168,5408,167,5408,0,0,0,0,0,0,0,0,1,1,0,0,0,0,0,0,0,0,0,0,0,0,0,0,0,0
BridgeAndVehicles-COL-V50P20N50,9,NONE,NONE,1.9e-05,0.05053,7.88565,0.0,69608,FALSE,0,15,11,15,11,168,5408,167,5408,0,0,0,0,0,0,0,0,1,1,0,0,0,0,0,0,0,0,0,0,0,0,0,0,0,0
BridgeAndVehicles-COL-V50P20N50,10,NONE,NONE,2.7e-05,0.057831,8.08237,0.0,62184,FALSE,0,15,11,15,11,168,5408,167,5408,0,0,0,0,0,0,0,0,1,1,0,0,0,0,0,0,0,0,0,0,0,0,0,0,0,0
BridgeAndVehicles-COL-V50P20N50,11,TRUE,NONE,3.5e-05,0.051866,1.7427,0.028316,68876,FALSE,0,15,11,15,11,168,5408,166,5407,0,50,0,0,0,0,0,0,1,1,0,0,0,0,0,0,0,0,0,0,0,0,0,0,0,0
BridgeAndVehicles-COL-V50P20N50,12,TRUE,NONE,2e-05,0.048908,8.07288,0.016615,69072,FALSE,0,15,11,15,11,168,5408,167,5408,0,0,0,0,0,0,0,0,1,1,0,0,0,0,0,0,0,0,0,0,0,0,0,0,0,0
BridgeAndVehicles-COL-V50P20N50,13,FALSE,NONE,2.5e-05,0.054028,1.75899,0.008236,63784,FALSE,0,15,11,15,11,168,5408,166,5407,0,50,0,0,0,0,0,0,1,0,0,0,0,0,0,0,0,0,0,0,0,0,0,0,0,0
BridgeAndVehicles-COL-V50P20N50,14,NONE,NONE,2.3e-05,0.051742,8.00652,0.0,66628,FALSE,0,15,11,15,11,168,5408,167,5408,0,0,0,0,0,0,0,0,1,1,0,0,0,0,0,0,0,0,0,0,0,0,0,0,0,0
BridgeAndVehicles-COL-V50P20N50,15,NONE,NONE,1.9e-05,0.052765,1.10277,0.0,64752,FALSE,0,15,11,15,11,168,5408,166,5407,0,50,0,0,0,0,0,0,1,1,0,0,0,0,0,0,0,0,0,0,0,0,0,0,0,0
BridgeAndVehicles-COL-V50P20N50,16,FALSE,NONE,2.3e-05,0.049716,1.1166,0.084713,65724,FALSE,0,15,11,15,11,168,5408,166,5407,0,50,0,0,0,0,0,0,1,1,0,0,0,0,0,0,0,0,0,0,0,0,0,0,0,0
BridgeAndVehicles-COL-V50P50N10,1,FALSE,NONE,3.3e-05,0.01361,0.45499,0.0081,37068,FALSE,0,15,11,15,11,129,1328,126,1328,0,0,0,0,0,0,0,0,1,0,0,0,1,0,0,0,0,0,0,0,0,0,0,0,0,0
BridgeAndVehicles-COL-V50P50N10,2,FALSE,NONE,1.5e-05,0.015104,0.427392,0.009384,36008,FALSE,0,15,11,15,11,129,1328,127,1328,0,0,0,0,0,0,0,0,1,0,0,0,3,0,0,0,0,0,0,0,0,0,0,0,0,0
BridgeAndVehicles-COL-V50P50N10,3,TRUE,NONE,2.9e-05,0.015124,0.458506,0.010912,36560,FALSE,0,15,11,15,11,129,1328,126,1328,0,0,0,0,0,0,0,0,1,0,0,0,1,0,0,0,0,0,0,0,0,0,0,0,0,0
BridgeAndVehicles-COL-V50P50N10,4,NONE,NONE,2.6e-05,0.013285,0.454615,0.0,35936,FALSE,0,15,11,15,11,129,1328,127,1328,0,0,0,0,0,0,0,0,1,0,0,0,3,0,0,0,0,0,0,0,0,0,0,0,0,0
BridgeAndVehicles-COL-V50P50N10,5,TRUE,NONE,2.5e-05,0.011376,0.465194,0.025112,36376,FALSE,0,15,11,15,11,129,1328,127,1328,0,0,0,0,0,0,0,0,1,0,0,0,3,0,0,0,0,0,0,0,0,0,0,0,0,0
BridgeAndVehicles-COL-V50P50N10,6,FALSE,NONE,2.6e-05,0.018186,0.45409,0.031117,35000,FALSE,0,15,11,15,11,129,1328,127,1328,0,0,0,0,0,0,0,0,1,0,0,0,3,0,0,0,0,0,0,0,0,0,0,0,0,0
BridgeAndVehicles-COL-V50P50N10,7,TRUE,NONE,2.6e-05,0.013808,0.106151,0.042723,34924,FALSE,0,15,11,15,11,129,1328,126,1327,0,50,0,0,0,0,0,0,1,0,0,0,4,0,0,0,0,0,0,0,0,0,0,0,0,0
BridgeAndVehicles-COL-V50P50N10,8,FALSE,NONE,2.2e-05,0.015118,0.002786,0.0,35532,TRUE,0,15,11,15,11,129,1328,0,0,0,0,0,0,0,0,0,0,1,0,0,0,0,0,0,0,0,0,0,0,0,0,0,0,0,0
BridgeAndVehicles-COL-V50P50N10,9,FALSE,NONE,2.3e-05,0.017049,0.162936,0.012343,35564,FALSE,0,15,11,15,11,129,1328,121,1324,0,1202,0,0,0,0,0,0,1,0,0,0,2,0,0,0,0,0,0,0,0,0,0,0,0,0
BridgeAndVehicles-COL-V50P50N10,10,FALSE,NONE,1.9e-05,0.01503,0.463549,0.034806,34144,FALSE,0,15,11,15,11,129,1328,127,1328,0,0,0,0,0,0,0,0,1,0,0,0,3,0,0,0,0,0,0,0,0,0,0,0,0,0
BridgeAndVehicles-COL-V50P50N10,11,NONE,NONE,2.1e-05,0.013483,0.458718,0.0,36232,FALSE,0,15,11,15,11,129,1328,127,1328,0,0,0,0,0,0,0,0,1,0,0,0,3,0,0,0,0,0,0,0,0,0,0,0,0,0
BridgeAndVehicles-COL-V50P50N10,12,TRUE,NONE,2.5e-05,0.013383,0.461499,0.016684,35088,FALSE,0,15,11,15,11,129,1328,127,1328,0,0,0,0,0,0,0,0,1,0,0,0,3,0,0,0,0,0,0,0,0,0,0,0,0,0
BridgeAndVehicles-COL-V50P50N10,13,NONE,NONE,1.9e-05,0.015574,0.457417,0.0,35156,FALSE,0,15,11,15,11,129,1328,127,1328,0,0,0,0,0,0,0,0,1,0,0,0,3,0,0,0,0,0,0,0,0,0,0,0,0,0
BridgeAndVehicles-COL-V50P50N10,14,NONE,NONE,2.5e-05,0.013792,0.460905,0.0,36424,FALSE,0,15,11,15,11,129,1328,127,1328,0,0,0,0,0,0,0,0,1,0,0,0,3,0,0,0,0,0,0,0,0,0,0,0,0,0
BridgeAndVehicles-COL-V50P50N10,15,NONE,NONE,2.6e-05,0.013718,0.460905,0.0,34888,FALSE,0,15,11,15,11,129,1328,127,1328,0,0,0,0,0,0,0,0,1,0,0,0,3,0,0,0,0,0,0,0,0,0,0,0,0,0
BridgeAndVehicles-COL-V50P50N10,16,FALSE,NONE,2.5e-05,0.013619,0.231291,0.019492,34380,FALSE,0,15,11,15,11,129,1328,121,1324,0,1202,0,0,0,0,0,0,1,0,0,0,2,0,0,0,0,0,0,0,0,0,0,0,0,0
BridgeAndVehicles-COL-V50P50N20,1,NONE,NONE,2.5e-05,0.024151,1.42757,0.0,45056,FALSE,0,15,11,15,11,138,2348,136,2348,0,0,0,0,0,0,0,0,1,0,0,0,0,0,0,0,0,0,0,0,0,0,0,0,0,0
BridgeAndVehicles-COL-V50P50N20,2,NONE,NONE,2.7e-05,0.021528,1.40913,0.0,43448,FALSE,0,15,11,15,11,138,2348,136,2348,0,0,0,0,0,0,0,0,1,0,0,0,0,0,0,0,0,0,0,0,0,0,0,0,0,0
BridgeAndVehicles-COL-V50P50N20,3,TRUE,NONE,2.4e-05,0.024613,0.397595,0.140467,46088,FALSE,0,15,11,15,11,138,2348,133,2346,0,100,0,0,0,0,0,0,1,0,0,0,1,0,0,0,0,0,0,0,0,0,0,0,0,0
BridgeAndVehicles-COL-V50P50N20,4,FALSE,NONE,2.2e-05,0.023227,1.22302,4.39157,43988,FALSE,0,15,11,15,11,138,2348,136,2348,0,0,0,0,0,0,0,0,1,0,0,0,0,0,0,0,0,0,0,0,0,0,0,0,0,0
BridgeAndVehicles-COL-V50P50N20,5,FALSE,NONE,2.6e-05,0.023365,1.36516,0.003232,44620,FALSE,0,15,11,15,11,138,2348,136,2348,0,0,0,0,0,0,0,0,1,0,0,0,0,0,0,0,0,0,0,0,0,0,0,0,0,0
BridgeAndVehicles-COL-V50P50N20,6,FALSE,NONE,3.5e-05,0.023559,0.257752,0.002802,45404,FALSE,0,15,11,15,11,138,2348,133,2346,0,100,0,0,0,0,0,0,1,0,0,0,1,0,0,0,0,0,0,0,0,0,0,0,0,0
BridgeAndVehicles-COL-V50P50N20,7,TRUE,NONE,2.1e-05,0.021249,0.301586,0.014697,45708,FALSE,0,15,11,15,11,138,2348,135,2347,0,50,0,0,0,0,0,0,1,0,0,0,0,0,0,0,0,0,0,0,0,0,0,0,0,0
BridgeAndVehicles-COL-V50P50N20,8,NONE,NONE,2.2e-05,0.020812,1.4207,0.0,48108,FALSE,0,15,11,15,11,138,2348,136,2348,0,0,0,0,0,0,0,0,1,0,0,0,0,0,0,0,0,0,0,0,0,0,0,0,0,0
BridgeAndVehicles-COL-V50P50N20,9,TRUE,NONE,2.6e-05,0.021672,1.40591,0.004405,45356,FALSE,0,15,11,15,11,138,2348,136,2348,0,0,0,0,0,0,0,0,1,0,0,0,0,0,0,0,0,0,0,0,0,0,0,0,0,0
BridgeAndVehicles-COL-V50P50N20,10,NONE,NONE,1.9e-05,0.024031,1.54443,0.0,43252,FALSE,0,15,11,15,11,138,2348,136,2348,0,0,0,0,0,0,0,0,1,0,0,0,0,0,0,0,0,0,0,0,0,0,0,0,0,0
BridgeAndVehicles-COL-V50P50N20,11,FALSE,NONE,2.6e-05,0.023279,0.37949,0.015868,44740,FALSE,0,15,11,15,11,138,2348,131,2344,0,2202,0,0,0,0,0,0,1,0,0,0,1,0,0,0,0,0,0,0,0,0,0,0,0,0
BridgeAndVehicles-COL-V50P50N20,12,NONE,NONE,2.5e-05,0.021883,1.42964,0.0,45440,FALSE,0,15,11,15,11,138,2348,136,2348,0,0,0,0,0,0,0,0,1,0,0,0,0,0,0,0,0,0,0,0,0,0,0,0,0,0
BridgeAndVehicles-COL-V50P50N20,13,FALSE,NONE,2.5e-05,0.018406,0.004323,0.0,46828,TRUE,0,15,11,15,11,138,2348,0,0,0,0,0,0,0,0,0,0,1,0,0,0,0,0,0,0,0,0,0,0,0,0,0,0,0,0
BridgeAndVehicles-COL-V50P50N20,14,FALSE,NONE,2.9e-05,0.022809,0.594964,0.004507,44664,FALSE,0,15,11,15,11,138,2348,131,2344,0,2202,0,0,0,0,0,0,1,0,0,0,1,0,0,0,0,0,0,0,0,0,0,0,0,0
BridgeAndVehicles-COL-V50P50N20,15,FALSE,NONE,2.4e-05,0.026252,1.40222,0.002684,42724,FALSE,0,15,11,15,11,138,2348,136,2348,0,0,0,0,0,0,0,0,1,0,0,0,0,0,0,0,0,0,0,0,0,0,0,0,0,0
BridgeAndVehicles-COL-V50P50N20,16,NONE,NONE,2.2e-05,0.025803,1.41908,0.0,44248,FALSE,0,15,11,15,11,138,2348,136,2348,0,0,0,0,0,0,0,0,1,0,0,0,0,0,0,0,0,0,0,0,0,0,0,0,0,0
BridgeAndVehicles-COL-V50P50N50,1,FALSE,NONE,2.5e-05,0.051214,2.33172,0.065123,67988,FALSE,0,15,11,15,11,169,5408,165,5407,0,50,1,0,0,0,0,0,1,0,0,0,0,0,0,0,0,0,0,0,0,0,0,0,0,0
BridgeAndVehicles-COL-V50P50N50,2,NONE,NONE,2.1e-05,0.054347,9.71554,0.0,66828,FALSE,0,15,11,15,11,169,5408,166,5408,0,0,1,0,0,0,0,0,1,0,0,0,0,0,0,0,0,0,0,0,0,0,0,0,0,0
BridgeAndVehicles-COL-V50P50N50,3,NONE,NONE,1.9e-05,0.053647,9.72629,0.0,68108,FALSE,0,15,11,15,11,169,5408,166,5408,0,0,1,0,0,0,0,0,1,0,0,0,0,0,0,0,0,0,0,0,0,0,0,0,0,0
BridgeAndVehicles-COL-V50P50N50,4,NONE,NONE,2.5e-05,0.053147,9.95088,0.0,63376,FALSE,0,15,11,15,11,169,5408,166,5408,0,0,1,0,0,0,0,0,1,0,0,0,0,0,0,0,0,0,0,0,0,0,0,0,0,0
BridgeAndVehicles-COL-V50P50N50,5,NONE,NONE,2.5e-05,0.054151,1.32361,0.0,67608,FALSE,0,15,11,15,11,169,5408,165,5407,0,50,1,0,0,0,0,0,1,0,0,0,0,0,0,0,0,0,0,0,0,0,0,0,0,0
BridgeAndVehicles-COL-V50P50N50,6,FALSE,NONE,3.2e-05,0.05243,10.0004,0.012808,64412,FALSE,0,15,11,15,11,169,5408,166,5408,0,0,1,0,0,0,0,0,1,0,0,0,0,0,0,0,0,0,0,0,0,0,0,0,0,0
BridgeAndVehicles-COL-V50P50N50,7,FALSE,NONE,2.6e-05,0.051848,9.46273,0.048005,69112,FALSE,0,15,11,15,11,169,5408,167,5408,0,0,0,0,0,0,0,0,1,0,0,0,0,0,0,0,0,0,0,0,0,0,0,0,0,0
BridgeAndVehicles-COL-V50P50N50,8,TRUE,NONE,2.6e-05,0.052843,2.52598,0.030919,65064,FALSE,0,15,11,15,11,169,5408,165,5407,0,50,1,0,0,0,0,0,1,0,0,0,0,0,0,0,0,0,0,0,0,0,0,0,0,0
BridgeAndVehicles-COL-V50P50N50,9,NONE,NONE,2e-05,0.051752,1.48918,0.0,67852,FALSE,0,15,11,15,11,169,5408,165,5407,0,50,1,0,0,0,0,0,1,0,0,0,0,0,0,0,0,0,0,0,0,0,0,0,0,0
BridgeAndVehicles-COL-V50P50N50,10,FALSE,NONE,2.6e-05,0.052349,1.53943,0.046032,68352,FALSE,0,15,11,15,11,169,5408,165,5407,0,50,1,0,0,0,0,0,1,0,0,0,0,0,0,0,0,0,0,0,0,0,0,0,0,0
BridgeAndVehicles-COL-V50P50N50,11,TRUE,NONE,2.3e-05,0.055863,10.0019,1.89982,67652,FALSE,0,15,11,15,11,169,5408,166,5408,0,0,1,0,0,0,0,0,1,0,0,0,0,0,0,0,0,0,0,0,0,0,0,0,0,0
BridgeAndVehicles-COL-V50P50N50,12,TRUE,NONE,3.1e-05,0.060147,9.42183,0.037927,61404,FALSE,0,15,11,15,11,169,5408,167,5408,0,0,0,0,0,0,0,0,1,0,0,0,0,0,0,0,0,0,0,0,0,0,0,0,0,0
BridgeAndVehicles-COL-V50P50N50,13,FALSE,NONE,2.7e-05,0.050905,9.48063,0.007614,68836,FALSE,0,15,11,15,11,169,5408,166,5408,0,0,1,0,0,0,0,0,1,0,0,0,0,0,0,0,0,0,0,0,0,0,0,0,0,0
BridgeAndVehicles-COL-V50P50N50,14,NONE,NONE,3e-05,0.077758,9.78291,0.0,63364,FALSE,0,15,11,15,11,169,5408,166,5408,0,0,1,0,0,0,0,0,1,0,0,0,0,0,0,0,0,0,0,0,0,0,0,0,0,0
BridgeAndVehicles-COL-V50P50N50,15,NONE,NONE,2.4e-05,0.054732,9.79262,0.0,63108,FALSE,0,15,11,15,11,169,5408,166,5408,0,0,1,0,0,0,0,0,1,0,0,0,0,0,0,0,0,0,0,0,0,0,0,0,0,0
BridgeAndVehicles-COL-V50P50N50,16,TRUE,NONE,2.6e-05,0.052076,9.72821,0.037895,66048,FALSE,0,15,11,15,11,169,5408,167,5408,0,0,0,0,0,0,0,0,1,0,0,0,0,0,0,0,0,0,0,0,0,0,0,0,0,0
BridgeAndVehicles-COL-V80P20N10,1,NONE,NONE,2.4e-05,0.017492,1.10895,0.0,41512,FALSE,0,15,11,15,11,189,2108,187,2108,0,0,0,0,0,0,0,0,1,0,0,0,0,0,0,81,0,0,0,0,0,0,0,0,0,0
BridgeAndVehicles-COL-V80P20N10,2,FALSE,NONE,6.2e-05,0.020984,0.003992,0.0,40964,TRUE,0,15,11,15,11,189,2108,0,0,0,0,0,0,0,0,0,0,1,0,0,0,0,0,0,0,0,0,0,0,0,0,0,0,0,0
BridgeAndVehicles-COL-V80P20N10,3,NONE,NONE,2.5e-05,0.01731,0.383883,0.0,42016,FALSE,0,15,11,15,11,189,2108,184,2106,0,160,0,0,0,0,0,0,1,0,0,0,1,0,0,81,0,0,0,0,0,0,0,0,0,0
BridgeAndVehicles-COL-V80P20N10,4,NONE,NONE,2.5e-05,0.022226,1.13311,0.0,40092,FALSE,0,15,11,15,11,189,2108,187,2108,0,0,0,0,0,0,0,0,1,0,0,0,0,0,0,81,0,0,0,0,0,0,0,0,0,0
BridgeAndVehicles-COL-V80P20N10,5,NONE,NONE,2.5e-05,0.019653,1.08878,0.0,40140,FALSE,0,15,11,15,11,189,2108,187,2108,0,0,0,0,0,0,0,0,1,0,0,0,0,0,0,81,0,0,0,0,0,0,0,0,0,0
BridgeAndVehicles-COL-V80P20N10,6,NONE,NONE,2.6e-05,0.021152,0.386332,0.0,41048,FALSE,0,15,11,15,11,189,2108,184,2106,0,160,0,0,0,0,0,0,1,0,0,0,1,0,0,81,0,0,0,0,0,0,0,0,0,0
BridgeAndVehicles-COL-V80P20N10,7,NONE,NONE,2.3e-05,0.021388,0.426039,0.0,41236,FALSE,0,15,11,15,11,189,2108,184,2106,0,160,0,0,0,0,0,0,1,0,0,0,1,0,0,81,0,0,0,0,0,0,0,0,0,0
BridgeAndVehicles-COL-V80P20N10,8,NONE,NONE,2.5e-05,0.018187,1.01287,0.0,41148,FALSE,0,15,11,15,11,189,2108,187,2108,0,0,0,0,0,0,0,0,1,0,0,0,0,0,0,81,0,0,0,0,0,0,0,0,0,0
BridgeAndVehicles-COL-V80P20N10,9,NONE,NONE,3e-05,0.021405,1.1334,0.0,41164,FALSE,0,15,11,15,11,189,2108,187,2108,0,0,0,0,0,0,0,0,1,0,0,0,0,0,0,81,0,0,0,0,0,0,0,0,0,0
BridgeAndVehicles-COL-V80P20N10,10,NONE,NONE,2e-05,0.021135,1.09818,0.0,41428,FALSE,0,15,11,15,11,189,2108,187,2108,0,0,0,0,0,0,0,0,1,0,0,0,0,0,0,81,0,0,0,0,0,0,0,0,0,0
BridgeAndVehicles-COL-V80P20N10,11,NONE,NONE,1.6e-05,0.022497,1.10589,0.0,41644,FALSE,0,15,11,15,11,189,2108,187,2108,0,0,0,0,0,0,0,0,1,0,0,0,0,0,0,81,0,0,0,0,0,0,0,0,0,0
BridgeAndVehicles-COL-V80P20N10,12,NONE,NONE,2.2e-05,0.021947,1.11735,0.0,39992,FALSE,0,15,11,15,11,189,2108,187,2108,0,0,0,0,0,0,0,0,1,0,0,0,0,0,0,81,0,0,0,0,0,0,0,0,0,0
BridgeAndVehicles-COL-V80P20N10,13,FALSE,NONE,2.4e-05,0.0217,0.004175,0.0,40292,TRUE,0,15,11,15,11,189,2108,0,0,0,0,0,0,0,0,0,0,1,0,0,0,0,0,0,0,0,0,0,0,0,0,0,0,0,0
BridgeAndVehicles-COL-V80P20N10,14,NONE,NONE,2.5e-05,0.021606,0.390871,0.0,39692,FALSE,0,15,11,15,11,189,2108,184,2106,0,160,0,0,0,0,0,0,1,0,0,0,1,0,0,81,0,0,0,0,0,0,0,0,0,0
BridgeAndVehicles-COL-V80P20N10,15,NONE,NONE,2.2e-05,0.019095,1.11564,0.0,41120,FALSE,0,15,11,15,11,189,2108,187,2108,0,0,0,0,0,0,0,0,1,0,0,0,0,0,0,81,0,0,0,0,0,0,0,0,0,0
BridgeAndVehicles-COL-V80P20N10,16,NONE,NONE,2.1e-05,0.023406,1.10179,0.0,38932,FALSE,0,15,11,15,11,189,2108,187,2108,0,0,0,0,0,0,0,0,1,0,0,0,0,0,0,81,0,0,0,0,0,0,0,0,0,0
BridgeAndVehicles-COL-V80P20N20,1,NONE,NONE,2.4e-05,0.03964,0.5519,0.0,53776,FALSE,0,15,11,15,11,199,3728,196,3727,0,80,0,0,0,0,0,0,1,0,0,0,0,0,0,0,0,0,0,0,0,0,0,0,0,0
BridgeAndVehicles-COL-V80P20N20,2,NONE,NONE,2.4e-05,0.037919,7.24175,0.0,55732,FALSE,0,15,11,15,11,199,3728,197,3728,0,0,0,0,0,0,0,0,1,0,0,0,0,0,0,0,0,0,0,0,0,0,0,0,0,0
BridgeAndVehicles-COL-V80P20N20,3,NONE,NONE,2.4e-05,0.038353,0.766643,0.0,56356,FALSE,0,15,11,15,11,199,3728,194,3726,0,160,0,0,0,0,0,0,1,0,0,0,1,0,0,0,0,0,0,0,0,0,0,0,0,0
BridgeAndVehicles-COL-V80P20N20,4,NONE,NONE,2.3e-05,0.036523,7.35131,0.0,53780,FALSE,0,15,11,15,11,199,3728,197,3728,0,0,0,0,0,0,0,0,1,0,0,0,0,0,0,0,0,0,0,0,0,0,0,0,0,0
BridgeAndVehicles-COL-V80P20N20,5,FALSE,NONE,2.4e-05,0.035862,1.10358,0.039405,53904,FALSE,0,15,11,15,11,199,3728,192,3724,0,3522,0,0,0,0,0,0,1,0,0,0,1,0,0,0,0,0,0,0,0,0,0,0,0,0
BridgeAndVehicles-COL-V80P20N20,6,TRUE,NONE,2.4e-05,0.03642,1.29352,0.590064,53232,FALSE,0,15,11,15,11,199,3728,194,3726,0,160,0,0,0,0,0,0,1,0,0,0,1,0,0,0,0,0,0,0,0,0,0,0,0,0
BridgeAndVehicles-COL-V80P20N20,7,NONE,NONE,3.1e-05,0.039316,0.65329,0.0,53052,FALSE,0,15,11,15,11,199,3728,196,3727,0,80,0,0,0,0,0,0,1,0,0,0,0,0,0,0,0,0,0,0,0,0,0,0,0,0
BridgeAndVehicles-COL-V80P20N20,8,FALSE,NONE,2.1e-05,0.036436,9.20502,0.020359,53520,FALSE,0,15,11,15,11,199,3728,197,3728,0,0,0,0,0,0,0,0,1,0,0,0,0,0,0,0,0,0,0,0,0,0,0,0,0,0
BridgeAndVehicles-COL-V80P20N20,9,FALSE,NONE,2.3e-05,0.038929,1.67197,0.065332,55224,FALSE,0,15,11,15,11,199,3728,192,3724,0,3522,0,0,0,0,0,0,1,0,0,0,1,0,0,0,0,0,0,0,0,0,0,0,0,0
BridgeAndVehicles-COL-V80P20N20,10,NONE,NONE,2.2e-05,0.036512,7.41137,0.0,53780,FALSE,0,15,11,15,11,199,3728,197,3728,0,0,0,0,0,0,0,0,1,0,0,0,0,0,0,0,0,0,0,0,0,0,0,0,0,0
BridgeAndVehicles-COL-V80P20N20,11,FALSE,NONE,2.2e-05,0.036203,1.09025,0.042125,53440,FALSE,0,15,11,15,11,199,3728,192,3724,0,3522,0,0,0,0,0,0,1,0,0,0,1,0,0,0,0,0,0,0,0,0,0,0,0,0
BridgeAndVehicles-COL-V80P20N20,12,NONE,NONE,2.6e-05,0.038032,7.19524,0.0,53056,FALSE,0,15,11,15,11,199,3728,197,3728,0,0,0,0,0,0,0,0,1,0,0,0,0,0,0,0,0,0,0,0,0,0,0,0,0,0
BridgeAndVehicles-COL-V80P20N20,13,FALSE,NONE,2.4e-05,0.036252,1.84332,0.078366,53760,FALSE,0,15,11,15,11,199,3728,192,3724,0,3522,0,0,0,0,0,0,1,0,0,0,1,0,0,0,0,0,0,0,0,0,0,0,0,0
BridgeAndVehicles-COL-V80P20N20,14,NONE,NONE,2.7e-05,0.037036,7.46139,0.0,53480,FALSE,0,15,11,15,11,199,3728,197,3728,0,0,0,0,0,0,0,0,1,0,0,0,0,0,0,0,0,0,0,0,0,0,0,0,0,0
BridgeAndVehicles-COL-V80P20N20,15,TRUE,NONE,2.4e-05,0.038215,1.33377,0.622405,53572,FALSE,0,15,11,15,11,199,3728,194,3726,0,160,0,0,0,0,0,0,1,0,0,0,1,0,0,0,0,0,0,0,0,0,0,0,0,0
BridgeAndVehicles-COL-V80P20N20,16,NONE,NONE,2.7e-05,0.038005,7.29952,0.0,48728,FALSE,0,15,11,15,11,199,3728,197,3728,0,0,0,0,0,0,0,0,1,0,0,0,0,0,0,0,0,0,0,0,0,0,0,0,0,0
BridgeAndVehicles-COL-V80P20N50,1,NONE,NONE,2.2e-05,0.08887,10.007,0.0,66928,FALSE,0,15,11,15,11,229,8588,227,8588,0,0,0,0,0,0,0,0,1,0,0,0,3,0,0,0,0,0,0,0,0,0,0,0,0,0
BridgeAndVehicles-COL-V80P20N50,2,NONE,NONE,1.9e-05,0.094676,10.0078,0.0,64160,FALSE,0,15,11,15,11,229,8588,227,8588,0,0,0,0,0,0,0,0,1,0,0,0,3,0,0,0,0,0,0,0,0,0,0,0,0,0
BridgeAndVehicles-COL-V80P20N50,3,NONE,NONE,1.9e-05,0.090019,10.0108,0.0,70780,FALSE,0,15,11,15,11,229,8588,227,8588,0,0,0,0,0,0,0,0,1,0,0,0,3,0,0,0,0,0,0,0,0,0,0,0,0,0
BridgeAndVehicles-COL-V80P20N50,4,NONE,NONE,2e-05,0.091589,10.0072,0.0,59628,FALSE,0,15,11,15,11,229,8588,227,8588,0,0,0,0,0,0,0,0,1,0,0,0,3,0,0,0,0,0,0,0,0,0,0,0,0,0
BridgeAndVehicles-COL-V80P20N50,5,FALSE,NONE,2.4e-05,0.090219,10.0005,0.04162,67044,FALSE,0,15,11,15,11,229,8588,227,8588,0,0,0,0,0,0,0,0,1,0,0,0,3,0,0,0,0,0,0,0,0,0,0,0,0,0
BridgeAndVehicles-COL-V80P20N50,6,NONE,NONE,1.9e-05,0.094402,10.0072,0.0,59684,FALSE,0,15,11,15,11,229,8588,227,8588,0,0,0,0,0,0,0,0,1,0,0,0,3,0,0,0,0,0,0,0,0,0,0,0,0,0
BridgeAndVehicles-COL-V80P20N50,7,TRUE,NONE,2.6e-05,0.088453,10.0005,0.040007,59688,FALSE,0,15,11,15,11,229,8588,227,8588,0,0,0,0,0,0,0,0,1,0,0,0,3,0,0,0,0,0,0,0,0,0,0,0,0,0
BridgeAndVehicles-COL-V80P20N50,8,NONE,NONE,2.3e-05,0.092768,10.0005,0.0,61040,FALSE,0,15,11,15,11,229,8588,227,8588,0,0,0,0,0,0,0,0,1,0,0,0,3,0,0,0,0,0,0,0,0,0,0,0,0,0
BridgeAndVehicles-COL-V80P20N50,9,TRUE,NONE,2.8e-05,0.100004,9.32054,1.0113,61532,FALSE,0,15,11,15,11,229,8588,223,8586,1,80,0,0,0,0,0,0,1,0,0,0,2,0,0,0,0,0,0,0,0,0,0,0,0,0
BridgeAndVehicles-COL-V80P20N50,10,NONE,NONE,2.3e-05,0.097245,10.0074,0.0,59564,FALSE,0,15,11,15,11,229,8588,227,8588,0,0,0,0,0,0,0,0,1,0,0,0,3,0,0,0,0,0,0,0,0,0,0,0,0,0
BridgeAndVehicles-COL-V80P20N50,11,TRUE,NONE,2.5e-05,0.090747,10.0039,0.01597,65244,FALSE,0,15,11,15,11,229,8588,227,8588,0,0,0,0,0,0,0,0,1,0,0,0,3,0,0,0,0,0,0,0,0,0,0,0,0,0
BridgeAndVehicles-COL-V80P20N50,12,NONE,NONE,2.2e-05,0.092675,10.0005,0.0,68560,FALSE,0,15,11,15,11,229,8588,226,8588,0,0,0,0,0,0,0,0,1,0,0,0,1,0,0,0,0,0,0,0,0,0,0,0,0,0
BridgeAndVehicles-COL-V80P20N50,13,FALSE,NONE,2.5e-05,0.096994,6.86011,0.065717,59516,FALSE,0,15,11,15,11,229,8588,222,8584,1,8242,0,0,0,0,0,0,1,0,0,0,8,0,0,0,0,0,0,0,0,0,0,0,0,0
BridgeAndVehicles-COL-V80P20N50,14,TRUE,NONE,2.1e-05,0.092755,9.15013,1.04519,59512,FALSE,0,15,11,15,11,229,8588,223,8586,1,80,0,0,0,0,0,0,1,0,0,0,2,0,0,0,0,0,0,0,0,0,0,0,0,0
BridgeAndVehicles-COL-V80P20N50,15,FALSE,NONE,2.6e-05,0.093019,6.9734,0.07446,64380,FALSE,0,15,11,15,11,229,8588,222,8584,1,8242,0,0,0,0,0,0,1,0,0,0,8,0,0,0,0,0,0,0,0,0,0,0,0,0
BridgeAndVehicles-COL-V80P20N50,16,TRUE,NONE,2.2e-05,0.091383,8.8599,0.872531,65256,FALSE,0,15,11,15,11,229,8588,223,8586,1,80,0,0,0,0,0,0,1,0,0,0,2,0,0,0,0,0,0,0,0,0,0,0,0,0
BridgeAndVehicles-COL-V80P50N10,1,FALSE,NONE,2.7e-05,0.022499,0.138113,0.021215,40924,FALSE,0,15,11,15,11,188,2108,185,2107,0,80,0,0,0,0,0,0,1,0,0,0,0,0,0,0,0,0,0,0,0,0,0,0,0,0
BridgeAndVehicles-COL-V80P50N10,2,FALSE,NONE,2.7e-05,0.022946,0.249743,0.053876,40092,FALSE,0,15,11,15,11,188,2108,185,2107,0,80,0,0,0,0,0,0,1,0,0,0,0,0,0,0,0,0,0,0,0,0,0,0,0,0
BridgeAndVehicles-COL-V80P50N10,3,TRUE,NONE,2.3e-05,0.022036,1.24933,0.020451,40664,FALSE,0,15,11,15,11,188,2108,186,2108,0,0,0,0,0,0,0,0,1,0,0,0,0,0,0,0,0,0,0,0,0,0,0,0,0,0
BridgeAndVehicles-COL-V80P50N10,4,NONE,NONE,2.2e-05,0.023347,0.157579,0.0,42504,FALSE,0,15,11,15,11,188,2108,185,2107,0,80,0,0,0,0,0,0,1,0,0,0,0,0,0,0,0,0,0,0,0,0,0,0,0,0
BridgeAndVehicles-COL-V80P50N10,5,FALSE,NONE,2.6e-05,0.023779,0.24289,0.053227,41716,FALSE,0,15,11,15,11,188,2108,185,2107,0,80,0,0,0,0,0,0,1,0,0,0,0,0,0,0,0,0,0,0,0,0,0,0,0,0
BridgeAndVehicles-COL-V80P50N10,6,NONE,NONE,2.3e-05,0.018034,1.19366,0.0,41028,FALSE,0,15,11,15,11,188,2108,186,2108,0,0,0,0,0,0,0,0,1,0,0,0,0,0,0,0,0,0,0,0,0,0,0,0,0,0
BridgeAndVehicles-COL-V80P50N10,7,NONE,NONE,2.6e-05,0.02072,1.07347,0.0,39600,FALSE,0,15,11,15,11,188,2108,186,2108,0,0,0,0,0,0,0,0,1,0,0,0,0,0,0,0,0,0,0,0,0,0,0,0,0,0
BridgeAndVehicles-COL-V80P50N10,8,NONE,NONE,2.7e-05,0.020115,1.21498,0.0,40112,FALSE,0,15,11,15,11,188,2108,186,2108,0,0,0,0,0,0,0,0,1,0,0,0,0,0,0,0,0,0,0,0,0,0,0,0,0,0
BridgeAndVehicles-COL-V80P50N10,9,NONE,NONE,1.9e-05,0.021408,1.19386,0.0,41424,FALSE,0,15,11,15,11,188,2108,186,2108,0,0,0,0,0,0,0,0,1,0,0,0,0,0,0,0,0,0,0,0,0,0,0,0,0,0
BridgeAndVehicles-COL-V80P50N10,10,NONE,NONE,2.5e-05,0.021985,0.166669,0.0,38948,FALSE,0,15,11,15,11,188,2108,185,2107,0,80,0,0,0,0,0,0,1,0,0,0,0,0,0,0,0,0,0,0,0,0,0,0,0,0
BridgeAndVehicles-COL-V80P50N10,11,FALSE,NONE,2.2e-05,0.020769,0.004664,0.0,41052,TRUE,0,15,11,15,11,188,2108,0,0,0,0,0,0,0,0,0,0,1,0,0,0,0,0,0,0,0,0,0,0,0,0,0,0,0,0
BridgeAndVehicles-COL-V80P50N10,12,FALSE,NONE,2.5e-05,0.022389,0.24618,0.053578,40996,FALSE,0,15,11,15,11,188,2108,185,2107,0,80,0,0,0,0,0,0,1,0,0,0,0,0,0,0,0,0,0,0,0,0,0,0,0,0
BridgeAndVehicles-COL-V80P50N10,13,NONE,NONE,2.1e-05,0.023644,1.1865,0.0,41048,FALSE,0,15,11,15,11,188,2108,186,2108,0,0,0,0,0,0,0,0,1,0,0,0,0,0,0,0,0,0,0,0,0,0,0,0,0,0
BridgeAndVehicles-COL-V80P50N10,14,FALSE,NONE,2.7e-05,0.02148,1.19792,0.037013,41052,FALSE,0,15,11,15,11,188,2108,186,2108,0,0,0,0,0,0,0,0,1,0,0,0,0,0,0,0,0,0,0,0,0,0,0,0,0,0
BridgeAndVehicles-COL-V80P50N10,15,NONE,NONE,2.7e-05,0.021333,1.20043,0.0,41248,FALSE,0,15,11,15,11,188,2108,186,2108,0,0,0,0,0,0,0,0,1,0,0,0,0,0,0,0,0,0,0,0,0,0,0,0,0,0
BridgeAndVehicles-COL-V80P50N10,16,TRUE,NONE,3.2e-05,0.022413,1.2352,0.191145,41772,FALSE,0,15,11,15,11,188,2108,186,2108,0,0,0,0,0,0,0,0,1,0,0,0,0,0,0,0,0,0,0,0,0,0,0,0,0,0
BridgeAndVehicles-COL-V80P50N20,1,TRUE,NONE,2.1e-05,0.036026,3.69683,0.022555,53020,FALSE,0,15,11,15,11,199,3728,197,3728,0,0,0,0,0,0,0,0,1,0,0,0,0,0,0,0,0,0,0,0,0,0,0,0,0,0
BridgeAndVehicles-COL-V80P50N20,2,NONE,NONE,2e-05,0.037236,3.43737,0.0,53188,FALSE,0,15,11,15,11,199,3728,197,3728,0,0,0,0,0,0,0,0,1,0,0,0,0,0,0,0,0,0,0,0,0,0,0,0,0,0
BridgeAndVehicles-COL-V80P50N20,3,NONE,NONE,2.7e-05,0.031752,3.36837,0.0,53228,FALSE,0,15,11,15,11,199,3728,197,3728,0,0,0,0,0,0,0,0,1,0,0,0,0,0,0,0,0,0,0,0,0,0,0,0,0,0
BridgeAndVehicles-COL-V80P50N20,4,NONE,NONE,2.2e-05,0.034049,3.56459,0.0,54904,FALSE,0,15,11,15,11,199,3728,197,3728,0,0,0,0,0,0,0,0,1,0,0,0,0,0,0,0,0,0,0,0,0,0,0,0,0,0
BridgeAndVehicles-COL-V80P50N20,5,FALSE,NONE,3.3e-05,0.036859,0.659697,0.019349,54928,FALSE,0,15,11,15,11,199,3728,196,3727,0,80,0,0,0,0,0,0,1,0,0,0,0,0,0,0,0,0,0,0,0,0,0,0,0,0
BridgeAndVehicles-COL-V80P50N20,6,NONE,NONE,1.8e-05,0.033564,3.58449,0.0,53132,FALSE,0,15,11,15,11,199,3728,197,3728,0,0,0,0,0,0,0,0,1,0,0,0,0,0,0,0,0,0,0,0,0,0,0,0,0,0
BridgeAndVehicles-COL-V80P50N20,7,NONE,NONE,2.2e-05,0.036669,3.58271,0.0,53124,FALSE,0,15,11,15,11,199,3728,197,3728,0,0,0,0,0,0,0,0,1,0,0,0,0,0,0,0,0,0,0,0,0,0,0,0,0,0
BridgeAndVehicles-COL-V80P50N20,8,NONE,NONE,2.4e-05,0.035846,3.63335,0.0,53356,FALSE,0,15,11,15,11,199,3728,197,3728,0,0,0,0,0,0,0,0,1,0,0,0,0,0,0,0,0,0,0,0,0,0,0,0,0,0
BridgeAndVehicles-COL-V80P50N20,9,NONE,NONE,2.2e-05,0.03422,3.6226,0.0,54792,FALSE,0,15,11,15,11,199,3728,197,3728,0,0,0,0,0,0,0,0,1,0,0,0,0,0,0,0,0,0,0,0,0,0,0,0,0,0
BridgeAndVehicles-COL-V80P50N20,10,NONE,NONE,2.7e-05,0.033571,3.51444,0.0,54544,FALSE,0,15,11,15,11,199,3728,197,3728,0,0,0,0,0,0,0,0,1,0,0,0,0,0,0,0,0,0,0,0,0,0,0,0,0,0
BridgeAndVehicles-COL-V80P50N20,11,FALSE,NONE,2.4e-05,0.034412,0.491273,0.023786,55920,FALSE,0,15,11,15,11,199,3728,196,3727,0,80,0,0,0,0,0,0,1,0,0,0,0,0,0,0,0,0,0,0,0,0,0,0,0,0
BridgeAndVehicles-COL-V80P50N20,12,FALSE,NONE,2.2e-05,0.034914,3.6984,0.215992,53748,FALSE,0,15,11,15,11,199,3728,197,3728,0,0,0,0,0,0,0,0,1,0,0,0,0,0,0,0,0,0,0,0,0,0,0,0,0,0
BridgeAndVehicles-COL-V80P50N20,13,FALSE,NONE,2.6e-05,0.034739,0.409243,0.017471,52880,FALSE,0,15,11,15,11,199,3728,196,3727,0,80,0,0,0,0,0,0,1,0,0,0,0,0,0,0,0,0,0,0,0,0,0,0,0,0
BridgeAndVehicles-COL-V80P50N20,14,TRUE,NONE,2.4e-05,0.033502,0.748326,0.016478,53676,FALSE,0,15,11,15,11,199,3728,196,3727,0,80,0,0,0,0,0,0,1,0,0,0,0,0,0,0,0,0,0,0,0,0,0,0,0,0
BridgeAndVehicles-COL-V80P50N20,15,NONE,NONE,2e-05,0.037025,3.45002,0.0,53256,FALSE,0,15,11,15,11,199,3728,197,3728,0,0,0,0,0,0,0,0,1,0,0,0,0,0,0,0,0,0,0,0,0,0,0,0,0,0
BridgeAndVehicles-COL-V80P50N20,16,TRUE,NONE,2.7e-05,0.044159,0.835025,0.020374,46548,FALSE,0,15,11,15,11,199,3728,196,3727,0,80,0,0,0,0,0,0,1,0,0,0,0,0,0,0,0,0,0,0,0,0,0,0,0,0
BridgeAndVehicles-COL-V80P50N50,1,TRUE,NONE,2.1e-05,0.081367,10.0031,0.40584,70636,FALSE,0,15,11,15,11,229,8588,226,8588,0,0,1,0,0,0,0,0,1,0,0,0,0,0,0,0,0,0,0,0,0,0,0,0,0,0
BridgeAndVehicles-COL-V80P50N50,2,TRUE,NONE,4.2e-05,0.07966,0.05609,0.0,66196,TRUE,0,15,11,15,11,229,8588,0,0,0,0,0,0,0,0,0,0,1,0,0,0,0,0,0,0,0,0,0,0,0,0,0,0,0,0
BridgeAndVehicles-COL-V80P50N50,3,NONE,NONE,2.9e-05,0.070672,10.0032,0.0,66636,FALSE,0,15,11,15,11,229,8588,226,8588,0,0,1,0,0,0,0,0,1,0,0,0,0,0,0,0,0,0,0,0,0,0,0,0,0,0
BridgeAndVehicles-COL-V80P50N50,4,NONE,NONE,2.8e-05,0.091844,10.0031,0.0,70620,FALSE,0,15,11,15,11,229,8588,226,8588,0,0,1,0,0,0,0,0,1,0,0,0,0,0,0,0,0,0,0,0,0,0,0,0,0,0
BridgeAndVehicles-COL-V80P50N50,5,FALSE,NONE,2.5e-05,0.087516,1.28858,0.087408,59612,FALSE,0,15,11,15,11,229,8588,221,8584,1,4242,1,0,0,0,0,0,1,0,0,0,1,0,0,0,0,0,0,0,0,0,0,0,0,0
BridgeAndVehicles-COL-V80P50N50,6,NONE,NONE,2.8e-05,0.084693,10.0079,0.0,58672,FALSE,0,15,11,15,11,229,8588,227,8588,0,0,0,0,0,0,0,0,1,0,0,0,0,0,0,0,0,0,0,0,0,0,0,0,0,0
BridgeAndVehicles-COL-V80P50N50,7,NONE,NONE,7e-06,0.074353,10.0063,0.0,64344,FALSE,0,15,11,15,11,229,8588,227,8588,0,0,0,0,0,0,0,0,1,0,0,0,0,0,0,0,0,0,0,0,0,0,0,0,0,0
BridgeAndVehicles-COL-V80P50N50,8,TRUE,NONE,2.7e-05,0.087824,1.02151,1.36802,61340,FALSE,0,15,11,15,11,229,8588,223,8586,0,160,1,0,0,0,0,0,1,0,0,0,1,0,0,0,0,0,0,0,0,0,0,0,0,0
BridgeAndVehicles-COL-V80P50N50,9,FALSE,NONE,2.7e-05,0.081571,1.02514,0.076878,59604,FALSE,0,15,11,15,11,229,8588,225,8587,0,80,1,0,0,0,0,0,1,0,0,0,0,0,0,0,0,0,0,0,0,0,0,0,0,0
BridgeAndVehicles-COL-V80P50N50,10,FALSE,NONE,2.4e-05,0.08133,1.27818,0.147127,59648,FALSE,0,15,11,15,11,229,8588,221,8584,1,4242,1,0,0,0,0,0,1,0,0,0,1,0,0,0,0,0,0,0,0,0,0,0,0,0
BridgeAndVehicles-COL-V80P50N50,11,TRUE,NONE,2.7e-05,0.083432,10.003,0.309646,65388,FALSE,0,15,11,15,11,229,8588,226,8588,0,0,1,0,0,0,0,0,1,0,0,0,0,0,0,0,0,0,0,0,0,0,0,0,0,0
BridgeAndVehicles-COL-V80P50N50,12,NONE,NONE,2.3e-05,0.082311,10.0034,0.0,65544,FALSE,0,15,11,15,11,229,8588,227,8588,0,0,0,0,0,0,0,0,1,0,0,0,0,0,0,0,0,0,0,0,0,0,0,0,0,0
BridgeAndVehicles-COL-V80P50N50,13,FALSE,NONE,2.3e-05,0.079921,1.25734,0.145456,75628,FALSE,0,15,11,15,11,229,8588,221,8584,1,4242,1,0,0,0,0,0,1,0,0,0,1,0,0,0,0,0,0,0,0,0,0,0,0,0
BridgeAndVehicles-COL-V80P50N50,14,FALSE,NONE,2.5e-05,0.081391,1.30441,0.088196,68444,FALSE,0,15,11,15,11,229,8588,221,8584,1,4242,1,0,0,0,0,0,1,0,0,0,1,0,0,0,0,0,0,0,0,0,0,0,0,0
BridgeAndVehicles-COL-V80P50N50,15,NONE,NONE,2e-05,0.082487,10.0089,0.0,70392,FALSE,0,15,11,15,11,229,8588,226,8588,0,0,1,0,0,0,0,0,1,0,0,0,0,0,0,0,0,0,0,0,0,0,0,0,0,0
BridgeAndVehicles-COL-V80P50N50,16,TRUE,NONE,2.9e-05,0.082279,10.0037,0.164941,66388,FALSE,0,15,11,15,11,229,8588,226,8588,0,0,1,0,0,0,0,0,1,0,0,0,0,0,0,0,0,0,0,0,0,0,0,0,0,0
CSRepetitions-COL-02,1,FALSE,NONE,3e-06,0.000217,8.8e-05,0.0,4712,TRUE,0,6,5,6,5,18,20,0,0,0,0,0,0,0,0,0,0,1,0,0,0,0,0,0,0,0,0,0,0,0,0,0,0,0,0
CSRepetitions-COL-02,2,FALSE,NONE,3e-06,0.000221,8.1e-05,0.0,4732,TRUE,0,6,5,6,5,18,20,0,0,0,0,0,0,0,0,0,0,1,0,0,0,0,0,0,0,0,0,0,0,0,0,0,0,0,0
CSRepetitions-COL-02,3,FALSE,NONE,3e-06,0.000226,6e-05,0.0,4744,TRUE,0,6,5,6,5,18,20,0,0,0,0,0,0,0,0,0,0,1,0,0,0,0,0,0,0,0,0,0,0,0,0,0,0,0,0
CSRepetitions-COL-02,4,FALSE,NONE,3e-06,0.000271,0.000104,0.0,4724,TRUE,0,6,5,6,5,18,20,0,0,0,0,0,0,0,0,0,0,1,0,0,0,0,0,0,0,0,0,0,0,0,0,0,0,0,0
CSRepetitions-COL-02,5,TRUE,NONE,3e-06,0.000248,5e-05,0.0,4704,TRUE,0,6,5,6,5,18,20,0,0,0,0,0,0,0,0,0,0,1,0,0,0,0,0,0,0,0,0,0,0,0,0,0,0,0,0
CSRepetitions-COL-02,6,TRUE,NONE,3e-06,0.000247,7.8e-05,0.0,4744,TRUE,0,6,5,6,5,18,20,0,0,0,0,0,0,0,0,0,0,1,0,0,0,0,0,0,0,0,0,0,0,0,0,0,0,0,0
CSRepetitions-COL-02,7,FALSE,NONE,2e-06,0.000244,0.000133,0.002716,6496,FALSE,0,6,5,6,5,18,20,18,20,0,0,0,0,0,0,0,0,0,0,0,0,0,0,0,0,0,0,0,0,0,0,0,0,0,0
CSRepetitions-COL-02,8,FALSE,NONE,3e-06,0.000222,6.9e-05,0.0,4744,TRUE,0,6,5,6,5,18,20,0,0,0,0,0,0,0,0,0,0,1,0,0,0,0,0,0,0,0,0,0,0,0,0,0,0,0,0
CSRepetitions-COL-02,9,FALSE,NONE,2e-06,0.000217,8.2e-05,0.0,4716,TRUE,0,6,5,6,5,18,20,0,0,0,0,0,0,0,0,0,0,1,0,0,0,0,0,0,0,0,0,0,0,0,0,0,0,0,0
CSRepetitions-COL-02,10,TRUE,NONE,3e-06,0.000243,7.8e-05,0.0,4760,TRUE,0,6,5,6,5,18,20,0,0,0,0,0,0,0,0,0,0,1,0,0,0,0,0,0,0,0,0,0,0,0,0,0,0,0,0
CSRepetitions-COL-02,11,TRUE,NONE,3e-06,0.000243,0.000135,0.002221,6496,FALSE,0,6,5,6,5,18,20,18,16,0,0,0,0,0,0,0,0,1,0,0,0,0,0,0,0,0,0,0,0,0,0,0,0,0,0
CSRepetitions-COL-02,12,TRUE,NONE,3e-06,0.000202,5.9e-05,0.0,4740,TRUE,0,6,5,6,5,18,20,0,0,0,0,0,0,0,0,0,0,1,0,0,0,0,0,0,0,0,0,0,0,0,0,0,0,0,0
CSRepetitions-COL-02,13,TRUE,NONE,4e-06,0.000253,9.9e-05,0.0,4796,TRUE,0,6,5,6,5,18,20,0,0,0,0,0,0,0,0,0,0,1,0,0,0,0,0,0,0,0,0,0,0,0,0,0,0,0,0
CSRepetitions-COL-02,14,TRUE,NONE,3e-06,0.000234,9.7e-05,0.0,4748,TRUE,0,6,5,6,5,18,20,0,0,0,0,0,0,0,0,0,0,1,0,0,0,0,0,0,0,0,0,0,0,0,0,0,0,0,0
CSRepetitions-COL-02,15,TRUE,NONE,3e-06,0.000216,7e-05,0.0,4304,TRUE,0,6,5,6,5,18,20,0,0,0,0,0,0,0,0,0,0,1,0,0,0,0,0,0,0,0,0,0,0,0,0,0,0,0,0
CSRepetitions-COL-02,16,FALSE,NONE,3e-06,0.000249,7.4e-05,0.0,4696,TRUE,0,6,5,6,5,18,20,0,0,0,0,0,0,0,0,0,0,1,0,0,0,0,0,0,0,0,0,0,0,0,0,0,0,0,0
CSRepetitions-COL-03,1,TRUE,NONE,2e-06,0.000405,0.000186,0.002495,6588,FALSE,0,6,5,6,5,38,45,38,36,0,0,0,0,0,0,0,0,1,0,0,0,0,0,0,0,0,0,0,0,0,0,0,0,0,0
CSRepetitions-COL-03,2,NONE,NONE,3e-06,0.000344,0.000222,0.0,125148,FALSE,0,6,5,6,5,38,45,38,45,0,0,0,0,0,0,0,0,0,0,0,0,0,0,0,0,0,0,0,0,0,0,0,0,0,0
CSRepetitions-COL-03,3,NONE,NONE,3e-06,0.00041,0.000283,0.0,98040,FALSE,0,6,5,6,5,38,45,38,45,0,0,0,0,0,0,0,0,0,0,0,0,0,0,0,0,0,0,0,0,0,0,0,0,0,0
CSRepetitions-COL-03,4,TRUE,NONE,3e-06,0.000417,0.000181,0.002246,6588,FALSE,0,6,5,6,5,38,45,38,36,0,0,0,0,0,0,0,0,1,0,0,0,0,0,0,0,0,0,0,0,0,0,0,0,0,0
CSRepetitions-COL-03,5,FALSE,NONE,3e-06,0.000421,0.000239,0.003221,6580,FALSE,0,6,5,6,5,38,45,38,36,0,0,0,0,0,0,0,0,1,0,0,0,0,0,0,0,0,0,0,0,0,0,0,0,0,0
CSRepetitions-COL-03,6,FALSE,NONE,2e-06,0.000446,0.000216,0.002798,6584,FALSE,0,6,5,6,5,38,45,38,36,0,0,0,0,0,0,0,0,1,0,0,0,0,0,0,0,0,0,0,0,0,0,0,0,0,0
CSRepetitions-COL-03,7,TRUE,NONE,3e-06,0.000422,0.000221,0.002461,6584,FALSE,0,6,5,6,5,38,45,38,36,0,0,0,0,0,0,0,0,1,0,0,0,0,0,0,0,0,0,0,0,0,0,0,0,0,0
CSRepetitions-COL-03,8,TRUE,NONE,3e-06,0.000844,0.000106,0.0,4800,TRUE,0,6,5,6,5,38,45,0,0,0,0,0,0,0,0,0,0,1,0,0,0,0,0,0,0,0,0,0,0,0,0,0,0,0,0
CSRepetitions-COL-03,9,TRUE,NONE,2e-06,0.000429,0.000113,0.0,4808,TRUE,0,6,5,6,5,38,45,0,0,0,0,0,0,0,0,0,0,1,0,0,0,0,0,0,0,0,0,0,0,0,0,0,0,0,0
CSRepetitions-COL-03,10,FALSE,NONE,3e-06,0.000439,0.000262,0.003286,6592,FALSE,0,6,5,6,5,38,45,38,36,0,0,0,0,0,0,0,0,1,0,0,0,0,0,0,0,0,0,0,0,0,0,0,0,0,0
CSRepetitions-COL-03,11,FALSE,NONE,2e-06,0.000467,0.00022,0.00288,6584,FALSE,0,6,5,6,5,38,45,38,36,0,0,0,0,0,0,0,0,1,0,0,0,0,0,0,0,0,0,0,0,0,0,0,0,0,0
CSRepetitions-COL-03,12,NONE,NONE,2e-06,0.000364,0.000264,0.0,86000,FALSE,0,6,5,6,5,38,45,38,45,0,0,0,0,0,0,0,0,0,0,0,0,0,0,0,0,0,0,0,0,0,0,0,0,0,0
CSRepetitions-COL-03,13,FALSE,NONE,3e-06,0.000411,0.000236,0.002582,6856,FALSE,0,6,5,6,5,38,45,38,45,0,0,0,0,0,0,0,0,0,0,0,0,0,0,0,0,0,0,0,0,0,0,0,0,0,0
CSRepetitions-COL-03,14,FALSE,NONE,3e-06,0.000349,0.000218,0.002599,6580,FALSE,0,6,5,6,5,38,45,38,36,0,0,0,0,0,0,0,0,1,0,0,0,0,0,0,0,0,0,0,0,0,0,0,0,0,0
CSRepetitions-COL-03,15,NONE,NONE,3e-06,0.000417,0.000216,0.0,73984,FALSE,0,6,5,6,5,38,45,38,45,0,0,0,0,0,0,0,0,0,0,0,0,0,0,0,0,0,0,0,0,0,0,0,0,0,0
CSRepetitions-COL-03,16,FALSE,NONE,3e-06,0.000407,0.000223,0.002667,6592,FALSE,0,6,5,6,5,38,45,38,45,0,0,0,0,0,0,0,0,0,0,0,0,0,0,0,0,0,0,0,0,0,0,0,0,0,0
CSRepetitions-COL-04,1,FALSE,NONE,2e-06,0.000673,0.000463,0.003204,6864,FALSE,0,6,5,6,5,66,80,66,80,0,0,0,0,0,0,0,0,0,0,0,0,0,0,0,0,0,0,0,0,0,0,0,0,0,0
CSRepetitions-COL-04,2,FALSE,NONE,3e-06,0.000688,0.000437,0.002994,6908,FALSE,0,6,5,6,5,66,80,66,80,0,0,0,0,0,0,0,0,0,0,0,0,0,0,0,0,0,0,0,0,0,0,0,0,0,0
CSRepetitions-COL-04,3,FALSE,NONE,2e-06,0.000677,0.000402,0.002712,6852,FALSE,0,6,5,6,5,66,80,66,64,0,0,0,0,0,0,0,0,1,0,0,0,0,0,0,0,0,0,0,0,0,0,0,0,0,0
CSRepetitions-COL-04,4,FALSE,NONE,2e-06,0.000628,0.000437,0.002529,6860,FALSE,0,6,5,6,5,66,80,66,64,0,0,0,0,0,0,0,0,1,0,0,0,0,0,0,0,0,0,0,0,0,0,0,0,0,0
CSRepetitions-COL-04,5,TRUE,NONE,2e-06,0.000661,0.000374,2.20728,13400,FALSE,0,6,5,6,5,66,80,66,80,0,0,0,0,0,0,0,0,0,0,0,0,0,0,0,0,0,0,0,0,0,0,0,0,0,0
CSRepetitions-COL-04,6,NONE,NONE,2e-06,0.000753,0.000455,0.0,116120,FALSE,0,6,5,6,5,66,80,66,80,0,0,0,0,0,0,0,0,0,0,0,0,0,0,0,0,0,0,0,0,0,0,0,0,0,0
CSRepetitions-COL-04,7,TRUE,NONE,3e-06,0.000588,0.000447,0.00394,6864,FALSE,0,6,5,6,5,66,80,66,80,0,0,0,0,0,0,0,0,0,0,0,0,0,0,0,0,0,0,0,0,0,0,0,0,0,0
CSRepetitions-COL-04,8,NONE,NONE,3e-06,0.000663,0.000458,0.0,118248,FALSE,0,6,5,6,5,66,80,66,80,0,0,0,0,0,0,0,0,0,0,0,0,0,0,0,0,0,0,0,0,0,0,0,0,0,0
CSRepetitions-COL-04,9,NONE,NONE,2e-06,0.000683,0.000374,0.0,114400,FALSE,0,6,5,6,5,66,80,66,80,0,0,0,0,0,0,0,0,0,0,0,0,0,0,0,0,0,0,0,0,0,0,0,0,0,0
CSRepetitions-COL-04,10,FALSE,NONE,2e-06,0.000709,0.000372,0.002639,6848,FALSE,0,6,5,6,5,66,80,66,64,0,0,0,0,0,0,0,0,1,0,0,0,0,0,0,0,0,0,0,0,0,0,0,0,0,0
CSRepetitions-COL-04,11,NONE,NONE,2e-06,0.000613,0.000439,0.0,151860,FALSE,0,6,5,6,5,66,80,66,80,0,0,0,0,0,0,0,0,0,0,0,0,0,0,0,0,0,0,0,0,0,0,0,0,0,0
CSRepetitions-COL-04,12,FALSE,NONE,2e-06,0.000612,0.00048,0.004828,6884,FALSE,0,6,5,6,5,66,80,66,80,0,0,0,0,0,0,0,0,0,0,0,0,0,0,0,0,0,0,0,0,0,0,0,0,0,0
CSRepetitions-COL-04,13,FALSE,NONE,2e-06,0.000608,0.000363,0.002871,6852,FALSE,0,6,5,6,5,66,80,66,64,0,0,0,0,0,0,0,0,1,0,0,0,0,0,0,0,0,0,0,0,0,0,0,0,0,0
CSRepetitions-COL-04,14,FALSE,NONE,3e-06,0.000665,0.000428,25.3946,147060,FALSE,0,6,5,6,5,66,80,66,80,0,0,0,0,0,0,0,0,0,0,0,0,0,0,0,0,0,0,0,0,0,0,0,0,0,0
CSRepetitions-COL-04,15,NONE,NONE,3e-06,0.000602,0.00047,0.0,95320,FALSE,0,6,5,6,5,66,80,66,80,0,0,0,0,0,0,0,0,0,0,0,0,0,0,0,0,0,0,0,0,0,0,0,0,0,0
CSRepetitions-COL-04,16,FALSE,NONE,3e-06,0.000778,0.000354,0.002675,6848,FALSE,0,6,5,6,5,66,80,66,64,0,0,0,0,0,0,0,0,1,0,0,0,0,0,0,0,0,0,0,0,0,0,0,0,0,0
CSRepetitions-COL-05,1,FALSE,NONE,3e-06,0.001096,0.00066,0.008207,7272,FALSE,0,6,5,6,5,102,125,102,125,0,0,0,0,0,0,0,0,0,0,0,0,0,0,0,0,0,0,0,0,0,0,0,0,0,0
CSRepetitions-COL-05,2,FALSE,NONE,4e-06,0.001149,0.000593,0.002972,6980,FALSE,0,6,5,6,5,102,125,102,125,0,0,0,0,0,0,0,0,0,0,0,0,0,0,0,0,0,0,0,0,0,0,0,0,0,0
CSRepetitions-COL-05,3,FALSE,NONE,3e-06,0.001227,0.000807,0.003092,6840,FALSE,0,6,5,6,5,102,125,102,100,0,0,0,0,0,0,0,0,1,0,0,0,0,0,0,0,0,0,0,0,0,0,0,0,0,0
CSRepetitions-COL-05,4,NONE,NONE,2e-06,0.001004,0.000792,0.0,158232,FALSE,0,6,5,6,5,102,125,102,100,0,0,0,0,0,0,0,0,1,0,0,0,0,0,0,0,0,0,0,0,0,0,0,0,0,0
CSRepetitions-COL-05,5,NONE,NONE,3e-06,0.001092,0.000736,0.0,96712,FALSE,0,6,5,6,5,102,125,102,125,0,0,0,0,0,0,0,0,0,0,0,0,0,0,0,0,0,0,0,0,0,0,0,0,0,0
CSRepetitions-COL-05,6,FALSE,NONE,2e-06,0.001312,0.000716,0.002824,7068,FALSE,0,6,5,6,5,102,125,102,125,0,0,0,0,0,0,0,0,0,0,0,0,0,0,0,0,0,0,0,0,0,0,0,0,0,0
CSRepetitions-COL-05,7,TRUE,NONE,3e-06,0.00095,0.000694,0.002787,7104,FALSE,0,6,5,6,5,102,125,102,125,0,0,0,0,0,0,0,0,0,0,0,0,0,0,0,0,0,0,0,0,0,0,0,0,0,0
CSRepetitions-COL-05,8,NONE,NONE,6e-06,0.001513,0.000639,0.0,474032,FALSE,0,6,5,6,5,102,125,102,125,0,0,0,0,0,0,0,0,0,0,0,0,0,0,0,0,0,0,0,0,0,0,0,0,0,0
CSRepetitions-COL-05,9,FALSE,NONE,3e-06,0.001088,0.000669,0.003244,6840,FALSE,0,6,5,6,5,102,125,102,100,0,0,0,0,0,0,0,0,1,0,0,0,0,0,0,0,0,0,0,0,0,0,0,0,0,0
CSRepetitions-COL-05,10,FALSE,NONE,3e-06,0.001374,0.000695,0.002916,7048,FALSE,0,6,5,6,5,102,125,102,125,0,0,0,0,0,0,0,0,0,0,0,0,0,0,0,0,0,0,0,0,0,0,0,0,0,0
CSRepetitions-COL-05,11,FALSE,NONE,2e-06,0.000997,0.000716,0.003439,6840,FALSE,0,6,5,6,5,102,125,102,100,0,0,0,0,0,0,0,0,1,0,0,0,0,0,0,0,0,0,0,0,0,0,0,0,0,0
CSRepetitions-COL-05,12,TRUE,NONE,2e-06,0.001078,0.000768,0.002678,6836,FALSE,0,6,5,6,5,102,125,102,100,0,0,0,0,0,0,0,0,1,0,0,0,0,0,0,0,0,0,0,0,0,0,0,0,0,0
CSRepetitions-COL-05,13,FALSE,NONE,3e-06,0.001138,0.000706,0.002897,7112,FALSE,0,6,5,6,5,102,125,102,125,0,0,0,0,0,0,0,0,0,0,0,0,0,0,0,0,0,0,0,0,0,0,0,0,0,0
CSRepetitions-COL-05,14,NONE,NONE,2e-06,0.001024,0.000776,0.0,573944,FALSE,0,6,5,6,5,102,125,102,125,0,0,0,0,0,0,0,0,0,0,0,0,0,0,0,0,0,0,0,0,0,0,0,0,0,0
CSRepetitions-COL-05,15,NONE,NONE,3e-06,0.00104,0.00074,0.0,156276,FALSE,0,6,5,6,5,102,125,102,125,0,0,0,0,0,0,0,0,0,0,0,0,0,0,0,0,0,0,0,0,0,0,0,0,0,0
CSRepetitions-COL-05,16,TRUE,NONE,3e-06,0.001119,0.000792,0.003044,6836,FALSE,0,6,5,6,5,102,125,102,100,0,0,0,0,0,0,0,0,1,0,0,0,0,0,0,0,0,0,0,0,0,0,0,0,0,0
CSRepetitions-COL-07,1,FALSE,NONE,3e-06,0.002079,0.000273,0.0,4784,TRUE,0,6,5,6,5,198,245,0,0,0,0,0,0,0,0,0,0,1,0,0,0,0,0,0,0,0,0,0,0,0,0,0,0,0,0
CSRepetitions-COL-07,2,NONE,NONE,3e-06,0.00217,0.00205,0.0,630400,FALSE,0,6,5,6,5,198,245,198,245,0,0,0,0,0,0,0,0,0,0,0,0,0,0,0,0,0,0,0,0,0,0,0,0,0,0
CSRepetitions-COL-07,3,FALSE,NONE,4e-06,0.001865,0.002236,0.003229,7240,FALSE,0,6,5,6,5,198,245,198,196,0,0,0,0,0,0,0,0,1,0,0,0,0,0,0,0,0,0,0,0,0,0,0,0,0,0
CSRepetitions-COL-07,4,FALSE,NONE,3e-06,0.002498,0.002834,0.003888,7240,FALSE,0,6,5,6,5,198,245,198,196,0,0,0,0,0,0,0,0,1,0,0,0,0,0,0,0,0,0,0,0,0,0,0,0,0,0
CSRepetitions-COL-07,5,FALSE,NONE,2e-06,0.002099,0.002341,0.003144,7312,FALSE,0,6,5,6,5,198,245,198,196,0,0,0,0,0,0,0,0,1,0,0,0,0,0,0,0,0,0,0,0,0,0,0,0,0,0
CSRepetitions-COL-07,6,TRUE,NONE,2e-06,0.002063,0.002285,0.00607,7852,FALSE,0,6,5,6,5,198,245,198,245,0,0,0,0,0,0,0,0,0,0,0,0,0,0,0,0,0,0,0,0,0,0,0,0,0,0
CSRepetitions-COL-07,7,TRUE,NONE,3e-06,0.002155,0.002073,0.004261,7312,FALSE,0,6,5,6,5,198,245,198,196,0,0,0,0,0,0,0,0,1,0,0,0,0,0,0,0,0,0,0,0,0,0,0,0,0,0
CSRepetitions-COL-07,8,NONE,NONE,3e-06,0.002274,0.002594,0.0,174228,FALSE,0,6,5,6,5,198,245,198,245,0,0,0,0,0,0,0,0,0,0,0,0,0,0,0,0,0,0,0,0,0,0,0,0,0,0
CSRepetitions-COL-07,9,TRUE,NONE,3e-06,0.001896,0.002402,0.005749,7472,FALSE,0,6,5,6,5,198,245,198,196,0,0,0,0,0,0,0,0,1,0,0,0,0,0,0,0,0,0,0,0,0,0,0,0,0,0
CSRepetitions-COL-07,10,NONE,NONE,3e-06,0.002157,0.002191,0.0,275788,FALSE,0,6,5,6,5,198,245,198,245,0,0,0,0,0,0,0,0,0,0,0,0,0,0,0,0,0,0,0,0,0,0,0,0,0,0
CSRepetitions-COL-07,11,TRUE,NONE,3e-06,0.002162,0.002484,0.004934,7312,FALSE,0,6,5,6,5,198,245,198,196,0,0,0,0,0,0,0,0,1,0,0,0,0,0,0,0,0,0,0,0,0,0,0,0,0,0
CSRepetitions-COL-07,12,FALSE,NONE,3e-06,0.002162,0.000286,0.0,4724,TRUE,0,6,5,6,5,198,245,0,0,0,0,0,0,0,0,0,0,1,0,0,0,0,0,0,0,0,0,0,0,0,0,0,0,0,0
CSRepetitions-COL-07,13,FALSE,NONE,3e-06,0.002082,0.001867,0.036237,7880,FALSE,0,6,5,6,5,198,245,198,245,0,0,0,0,0,0,0,0,0,0,0,0,0,0,0,0,0,0,0,0,0,0,0,0,0,0
CSRepetitions-COL-07,14,TRUE,NONE,3e-06,0.001931,0.002004,0.003824,7312,FALSE,0,6,5,6,5,198,245,198,196,0,0,0,0,0,0,0,0,1,0,0,0,0,0,0,0,0,0,0,0,0,0,0,0,0,0
CSRepetitions-COL-07,15,NONE,NONE,3e-06,0.002044,0.002213,0.0,126820,FALSE,0,6,5,6,5,198,245,198,245,0,0,0,0,0,0,0,0,0,0,0,0,0,0,0,0,0,0,0,0,0,0,0,0,0,0
CSRepetitions-COL-07,16,TRUE,NONE,3e-06,0.002201,0.002183,0.006691,7604,FALSE,0,6,5,6,5,198,245,198,245,0,0,0,0,0,0,0,0,0,0,0,0,0,0,0,0,0,0,0,0,0,0,0,0,0,0
CSRepetitions-COL-10,1,NONE,NONE,3e-06,0.005707,0.00785,0.0,184388,FALSE,0,6,5,6,5,402,500,402,500,0,0,0,0,0,0,0,0,0,0,0,0,0,0,0,0,0,0,0,0,0,0,0,0,0,0
CSRepetitions-COL-10,2,FALSE,NONE,3e-06,0.004881,0.009951,0.047582,8160,FALSE,0,6,5,6,5,402,500,402,500,0,0,0,0,0,0,0,0,0,0,0,0,0,0,0,0,0,0,0,0,0,0,0,0,0,0
CSRepetitions-COL-10,3,FALSE,NONE,2e-06,0.005072,0.00831,0.004431,7980,FALSE,0,6,5,6,5,402,500,402,400,0,0,0,0,0,0,0,0,1,0,0,0,0,0,0,0,0,0,0,0,0,0,0,0,0,0
CSRepetitions-COL-10,4,FALSE,NONE,3e-06,0.005639,0.007729,0.008335,7968,FALSE,0,6,5,6,5,402,500,402,400,0,0,0,0,0,0,0,0,1,0,0,0,0,0,0,0,0,0,0,0,0,0,0,0,0,0
CSRepetitions-COL-10,5,TRUE,NONE,3e-06,0.005268,0.008031,0.020318,9188,FALSE,0,6,5,6,5,402,500,402,500,0,0,0,0,0,0,0,0,0,0,0,0,0,0,0,0,0,0,0,0,0,0,0,0,0,0
CSRepetitions-COL-10,6,FALSE,NONE,3e-06,0.00476,0.01023,0.028326,8104,FALSE,0,6,5,6,5,402,500,202,400,0,100,0,0,0,0,0,0,0,0,0,0,100,0,0,0,0,0,0,0,0,0,0,0,0,0
CSRepetitions-COL-10,7,FALSE,NONE,3e-06,0.005505,0.007788,0.330383,8712,FALSE,0,6,5,6,5,402,500,402,500,0,0,0,0,0,0,0,0,0,0,0,0,0,0,0,0,0,0,0,0,0,0,0,0,0,0
CSRepetitions-COL-10,8,FALSE,NONE,2e-06,0.005324,0.007694,0.211575,8424,FALSE,0,6,5,6,5,402,500,402,500,0,0,0,0,0,0,0,0,0,0,0,0,0,0,0,0,0,0,0,0,0,0,0,0,0,0
CSRepetitions-COL-10,9,FALSE,NONE,2e-06,0.009082,0.006974,0.009909,8064,FALSE,0,6,5,6,5,402,500,402,500,0,0,0,0,0,0,0,0,0,0,0,0,0,0,0,0,0,0,0,0,0,0,0,0,0,0
CSRepetitions-COL-10,10,NONE,NONE,2e-06,0.004437,0.007662,0.0,267756,FALSE,0,6,5,6,5,402,500,402,400,0,0,0,0,0,0,0,0,1,0,0,0,0,0,0,0,0,0,0,0,0,0,0,0,0,0
CSRepetitions-COL-10,11,TRUE,NONE,3e-06,0.005015,0.007457,0.007799,7964,FALSE,0,6,5,6,5,402,500,402,400,0,0,0,0,0,0,0,0,1,0,0,0,0,0,0,0,0,0,0,0,0,0,0,0,0,0
CSRepetitions-COL-10,12,TRUE,NONE,3e-06,0.004851,0.007561,0.007837,7964,FALSE,0,6,5,6,5,402,500,402,400,0,0,0,0,0,0,0,0,1,0,0,0,0,0,0,0,0,0,0,0,0,0,0,0,0,0
CSRepetitions-COL-10,13,NONE,NONE,4e-06,0.005493,0.007774,0.0,142776,FALSE,0,6,5,6,5,402,500,402,500,0,0,0,0,0,0,0,0,0,0,0,0,0,0,0,0,0,0,0,0,0,0,0,0,0,0
CSRepetitions-COL-10,14,NONE,NONE,3e-06,0.004847,0.008286,0.0,121628,FALSE,0,6,5,6,5,402,500,402,500,0,0,0,0,0,0,0,0,0,0,0,0,0,0,0,0,0,0,0,0,0,0,0,0,0,0
CSRepetitions-COL-10,15,NONE,NONE,2e-06,0.004834,0.007625,0.0,203720,FALSE,0,6,5,6,5,402,500,402,500,0,0,0,0,0,0,0,0,0,0,0,0,0,0,0,0,0,0,0,0,0,0,0,0,0,0
CSRepetitions-COL-10,16,NONE,NONE,3e-06,0.00473,0.007959,0.0,122240,FALSE,0,6,5,6,5,402,500,402,500,0,0,0,0,0,0,0,0,0,0,0,0,0,0,0,0,0,0,0,0,0,0,0,0,0,0
DatabaseWithMutex-COL-02,1,FALSE,NONE,2e-06,0.000422,6.2e-05,0.0,4392,TRUE,0,11,8,11,8,39,32,0,0,0,0,0,0,0,0,0,0,1,0,0,0,0,0,0,0,0,0,0,0,0,0,0,0,0,0
DatabaseWithMutex-COL-02,2,FALSE,NONE,2e-06,0.000339,9.2e-05,0.0,4392,TRUE,0,11,8,11,8,39,32,0,0,0,0,0,0,0,0,0,0,1,0,0,0,0,0,0,0,0,0,0,0,0,0,0,0,0,0
DatabaseWithMutex-COL-02,3,FALSE,NONE,4e-06,0.00043,0.000254,0.002657,6644,FALSE,0,11,8,11,8,39,32,31,24,0,8,0,0,0,0,0,0,0,0,0,0,0,0,0,0,0,0,0,0,0,0,0,0,0,0
DatabaseWithMutex-COL-02,4,FALSE,NONE,4e-06,0.000495,0.0001,0.0,4392,TRUE,0,11,8,11,8,39,32,0,0,0,0,0,0,0,0,0,0,1,0,0,0,0,0,0,0,0,0,0,0,0,0,0,0,0,0
DatabaseWithMutex-COL-02,5,FALSE,NONE,3e-06,0.000398,8.9e-05,0.0,4400,TRUE,0,11,8,11,8,39,32,0,0,0,0,0,0,0,0,0,0,1,0,0,0,0,0,0,0,0,0,0,0,0,0,0,0,0,0
DatabaseWithMutex-COL-02,6,TRUE,NONE,2e-06,0.000373,0.000275,0.002074,6640,FALSE,0,11,8,11,8,39,32,31,24,0,4,0,0,0,0,0,0,0,0,0,0,0,0,0,0,0,0,4,0,0,0,0,0,0,0
DatabaseWithMutex-COL-02,7,TRUE,NONE,3e-06,0.000404,0.000202,0.00211,6640,FALSE,0,11,8,11,8,39,32,31,24,0,8,0,0,0,0,0,0,0,0,0,0,0,0,0,0,0,0,0,0,0,0,0,0,0,0
DatabaseWithMutex-COL-02,8,TRUE,NONE,2e-06,0.000382,0.000277,0.002024,6644,FALSE,0,11,8,11,8,39,32,35,28,0,0,0,0,0,0,0,0,0,0,0,0,0,0,0,0,0,0,4,0,0,0,0,0,0,0
DatabaseWithMutex-COL-02,9,FALSE,NONE,3e-06,0.000425,9.9e-05,0.0,4396,TRUE,0,11,8,11,8,39,32,0,0,0,0,0,0,0,0,0,0,1,0,0,0,0,0,0,0,0,0,0,0,0,0,0,0,0,0
DatabaseWithMutex-COL-02,10,TRUE,NONE,3e-06,0.000445,0.000111,0.0,4848,TRUE,0,11,8,11,8,39,32,0,0,0,0,0,0,0,0,0,0,1,0,0,0,0,0,0,0,0,0,0,0,0,0,0,0,0,0
DatabaseWithMutex-COL-02,11,TRUE,NONE,2e-06,0.000382,0.000214,0.002133,6640,FALSE,0,11,8,11,8,39,32,31,24,0,8,0,0,0,0,0,0,0,0,0,0,0,0,0,0,0,0,0,0,0,0,0,0,0,0
DatabaseWithMutex-COL-02,12,FALSE,NONE,3e-06,0.000421,8.9e-05,0.0,4392,TRUE,0,11,8,11,8,39,32,0,0,0,0,0,0,0,0,0,0,1,0,0,0,0,0,0,0,0,0,0,0,0,0,0,0,0,0
DatabaseWithMutex-COL-02,13,FALSE,NONE,4e-06,0.000467,8.3e-05,0.0,4392,TRUE,0,11,8,11,8,39,32,0,0,0,0,0,0,0,0,0,0,1,0,0,0,0,0,0,0,0,0,0,0,0,0,0,0,0,0
DatabaseWithMutex-COL-02,14,FALSE,NONE,3e-06,0.000411,9.7e-05,0.0,4388,TRUE,0,11,8,11,8,39,32,0,0,0,0,0,0,0,0,0,0,1,0,0,0,0,0,0,0,0,0,0,0,0,0,0,0,0,0
DatabaseWithMutex-COL-02,15,FALSE,NONE,3e-06,0.00042,9.4e-05,0.0,4392,TRUE,0,11,8,11,8,39,32,0,0,0,0,0,0,0,0,0,0,1,0,0,0,0,0,0,0,0,0,0,0,0,0,0,0,0,0
DatabaseWithMutex-COL-02,16,FALSE,NONE,3e-06,0.000446,9.6e-05,0.0,4396,TRUE,0,11,8,11,8,39,32,0,0,0,0,0,0,0,0,0,0,1,0,0,0,0,0,0,0,0,0,0,0,0,0,0,0,0,0
DatabaseWithMutex-COL-04,1,TRUE,NONE,2e-06,0.002209,0.000583,0.002243,6968,FALSE,0,11,8,11,8,140,128,57,32,0,0,0,0,80,16,0,0,0,0,0,0,119,0,0,0,0,0,16,0,0,0,0,0,0,0
DatabaseWithMutex-COL-04,2,TRUE,NONE,2e-06,0.001267,0.000579,0.002427,7168,FALSE,0,11,8,11,8,140,128,92,32,0,0,0,0,80,16,0,0,0,0,0,0,224,0,0,0,0,0,16,0,0,0,0,0,0,0
DatabaseWithMutex-COL-04,3,TRUE,NONE,3e-06,0.001188,0.000682,0.097917,7324,FALSE,0,11,8,11,8,140,128,124,32,0,0,0,0,80,0,0,0,0,0,0,0,272,0,0,0,0,0,16,0,0,0,0,0,0,0
DatabaseWithMutex-COL-04,4,TRUE,NONE,2e-06,0.001245,0.000475,0.005444,7220,FALSE,0,11,8,11,8,140,128,60,48,0,0,0,0,80,32,0,0,0,0,0,0,108,0,0,0,0,0,0,0,0,0,0,0,0,0
DatabaseWithMutex-COL-04,5,FALSE,NONE,2e-06,0.001296,0.000496,0.002829,6916,FALSE,0,11,8,11,8,140,128,40,32,0,0,0,0,80,32,0,0,0,0,0,0,116,0,0,0,0,0,16,0,0,0,0,0,0,0
DatabaseWithMutex-COL-04,6,TRUE,NONE,2e-06,0.001367,0.000465,0.002548,7176,FALSE,0,11,8,11,8,140,128,73,48,0,0,0,0,80,16,0,0,0,0,0,0,102,0,0,0,0,0,0,0,0,0,0,0,0,0
DatabaseWithMutex-COL-04,7,TRUE,NONE,3e-06,0.001297,0.000456,0.002417,6940,FALSE,0,11,8,11,8,140,128,16,0,0,0,0,0,80,64,48,0,0,0,0,0,204,0,0,0,0,0,0,0,0,0,0,0,0,0
DatabaseWithMutex-COL-04,8,FALSE,NONE,3e-06,0.001582,0.00041,0.0023,7052,FALSE,0,11,8,11,8,140,128,76,48,0,0,0,0,80,32,0,0,0,0,0,0,140,0,0,0,0,0,0,0,0,0,0,0,0,0
DatabaseWithMutex-COL-04,9,FALSE,NONE,3e-06,0.001319,0.000477,0.002789,6948,FALSE,0,11,8,11,8,140,128,16,0,0,0,0,0,80,64,48,0,0,0,0,0,204,0,0,0,0,0,0,0,0,0,0,0,0,0
DatabaseWithMutex-COL-04,10,TRUE,NONE,2e-06,0.001285,0.000638,0.004159,6912,FALSE,0,11,8,11,8,140,128,40,16,0,16,0,0,80,16,0,0,0,0,0,0,132,0,0,0,0,0,16,0,0,0,0,0,0,0
DatabaseWithMutex-COL-04,11,FALSE,NONE,2e-06,0.001266,0.000517,0.003177,7228,FALSE,0,11,8,11,8,140,128,108,48,0,0,0,0,80,16,0,0,0,0,0,0,172,0,0,0,0,0,0,0,0,0,0,0,0,0
DatabaseWithMutex-COL-04,12,FALSE,NONE,3e-06,0.001391,0.000778,0.099888,7228,FALSE,0,11,8,11,8,140,128,92,32,0,0,0,0,80,0,0,0,0,0,0,0,176,0,0,0,0,0,16,0,0,0,0,0,0,0
DatabaseWithMutex-COL-04,13,TRUE,NONE,3e-06,0.001159,0.000442,0.003146,7176,FALSE,0,11,8,11,8,140,128,104,48,0,0,0,0,80,16,0,0,0,0,0,0,164,0,0,0,0,0,0,0,0,0,0,0,0,0
DatabaseWithMutex-COL-04,14,TRUE,NONE,2e-06,0.001455,0.00074,0.080242,7208,FALSE,0,11,8,11,8,140,128,89,32,0,0,0,0,80,0,0,0,0,0,0,0,167,0,0,0,0,0,16,0,0,0,0,0,0,0
DatabaseWithMutex-COL-04,15,FALSE,NONE,3e-06,0.001369,0.000591,0.004143,6912,FALSE,0,11,8,11,8,140,128,40,16,0,16,0,0,80,16,0,0,0,0,0,0,132,0,0,0,0,0,16,0,0,0,0,0,0,0
DatabaseWithMutex-COL-04,16,TRUE,NONE,2e-06,0.001244,0.000363,0.031122,7224,FALSE,0,11,8,11,8,140,128,92,48,0,0,0,0,80,32,0,0,0,0,0,0,172,0,0,0,0,0,0,0,0,0,0,0,0,0
DatabaseWithMutex-COL-10,1,NONE,NONE,3e-06,0.008676,0.007036,0.0,281192,FALSE,0,11,8,11,8,831,800,731,700,0,100,0,0,0,0,0,0,0,0,0,0,0,0,0,0,0,0,0,0,0,0,0,0,0,0
DatabaseWithMutex-COL-10,2,TRUE,NONE,2e-06,0.00937,0.006905,0.013731,8716,FALSE,0,11,8,11,8,831,800,731,700,0,100,0,0,0,0,0,0,0,0,0,0,0,0,0,0,0,0,0,0,0,0,0,0,0,0
DatabaseWithMutex-COL-10,3,TRUE,NONE,3e-06,0.008359,0.005713,0.009568,8704,FALSE,0,11,8,11,8,831,800,731,700,0,100,0,0,0,0,0,0,0,0,0,0,0,0,0,0,0,0,0,0,0,0,0,0,0,0
DatabaseWithMutex-COL-10,4,NONE,NONE,3e-06,0.009764,0.017471,0.0,110392,FALSE,0,11,8,11,8,831,800,721,700,0,100,0,0,0,0,0,0,0,0,0,0,10,0,0,0,0,0,0,0,0,0,0,0,0,0
DatabaseWithMutex-COL-10,5,TRUE,NONE,3e-06,0.008335,0.014681,0.012403,9632,FALSE,0,11,8,11,8,831,800,831,800,0,0,0,0,0,0,0,0,0,0,0,0,0,0,0,0,0,0,0,0,0,0,0,0,0,0
DatabaseWithMutex-COL-10,6,NONE,NONE,3e-06,0.009389,0.014908,0.0,84808,FALSE,0,11,8,11,8,831,800,831,800,0,0,0,0,0,0,0,0,0,0,0,0,0,0,0,0,0,0,0,0,0,0,0,0,0,0
DatabaseWithMutex-COL-10,7,NONE,NONE,2e-06,0.008831,0.01573,0.0,122120,FALSE,0,11,8,11,8,831,800,831,800,0,0,0,0,0,0,0,0,0,0,0,0,0,0,0,0,0,0,0,0,0,0,0,0,0,0
DatabaseWithMutex-COL-10,8,NONE,NONE,2e-06,0.008645,0.006247,0.0,79792,FALSE,0,11,8,11,8,831,800,631,600,0,200,0,0,0,0,0,0,0,0,0,0,0,0,0,0,0,0,0,0,0,0,0,0,0,0
DatabaseWithMutex-COL-10,9,TRUE,NONE,3e-06,0.008436,0.009521,0.006781,8476,FALSE,0,11,8,11,8,831,800,521,500,0,300,0,0,0,0,0,0,0,0,0,0,10,0,0,0,0,0,0,0,0,0,0,0,0,0
DatabaseWithMutex-COL-10,10,TRUE,NONE,3e-06,0.009965,0.000982,0.0,5624,TRUE,0,11,8,11,8,831,800,0,0,0,0,0,0,0,0,0,0,1,0,0,0,0,0,0,0,0,0,0,0,0,0,0,0,0,0
DatabaseWithMutex-COL-10,11,TRUE,NONE,2e-06,0.008579,0.014864,0.846952,9240,FALSE,0,11,8,11,8,831,800,831,800,0,0,0,0,0,0,0,0,0,0,0,0,0,0,0,0,0,0,0,0,0,0,0,0,0,0
DatabaseWithMutex-COL-10,12,FALSE,NONE,3e-06,0.010876,0.019389,0.012093,8972,FALSE,0,11,8,11,8,831,800,731,700,0,0,0,0,0,0,0,0,0,0,0,0,0,0,0,0,0,0,100,0,0,0,0,0,0,0
DatabaseWithMutex-COL-10,13,NONE,NONE,3e-06,0.009051,0.015013,0.0,144020,FALSE,0,11,8,11,8,831,800,831,800,0,0,0,0,0,0,0,0,0,0,0,0,0,0,0,0,0,0,0,0,0,0,0,0,0,0
DatabaseWithMutex-COL-10,14,TRUE,NONE,3e-06,0.008821,0.014681,0.074833,10296,FALSE,0,11,8,11,8,831,800,831,800,0,0,0,0,0,0,0,0,0,0,0,0,0,0,0,0,0,0,0,0,0,0,0,0,0,0
DatabaseWithMutex-COL-10,15,TRUE,NONE,3e-06,0.008244,0.012312,0.005959,8404,FALSE,0,11,8,11,8,831,800,521,500,0,200,0,0,0,0,0,0,0,0,0,0,10,0,0,0,0,0,100,0,0,0,0,0,0,0
DatabaseWithMutex-COL-10,16,NONE,NONE,3e-06,0.009545,0.017529,0.0,221724,FALSE,0,11,8,11,8,831,800,731,700,0,0,0,0,0,0,0,0,0,0,0,0,0,0,0,0,0,0,100,0,0,0,0,0,0,0
DatabaseWithMutex-COL-20,1,TRUE,NONE,3e-06,0.057126,0.393769,0.048553,16868,FALSE,0,11,8,11,8,3261,3200,2461,2400,0,400,0,0,0,0,0,0,0,0,0,0,0,0,0,0,0,0,400,0,0,0,0,0,0,0
DatabaseWithMutex-COL-20,2,TRUE,NONE,3e-06,0.044854,0.373255,0.047347,16864,FALSE,0,11,8,11,8,3261,3200,2461,2400,0,400,0,0,0,0,0,0,0,0,0,0,0,0,0,0,0,0,400,0,0,0,0,0,0,0
DatabaseWithMutex-COL-20,3,TRUE,NONE,2e-06,0.045742,0.402908,0.008231,16892,FALSE,0,11,8,11,8,3261,3200,1641,1600,0,1200,0,0,0,0,0,0,0,0,0,0,20,0,0,0,0,0,400,0,0,0,0,0,0,0
DatabaseWithMutex-COL-20,4,FALSE,NONE,3e-06,0.0566,0.335115,0.038948,17852,FALSE,0,11,8,11,8,3261,3200,2441,2400,0,800,0,0,0,0,0,0,0,0,0,0,20,0,0,0,0,0,0,0,0,0,0,0,0,0
DatabaseWithMutex-COL-20,5,TRUE,NONE,4e-06,0.052481,0.38273,0.049146,16884,FALSE,0,11,8,11,8,3261,3200,2461,2400,0,400,0,0,0,0,0,0,0,0,0,0,0,0,0,0,0,0,400,0,0,0,0,0,0,0
DatabaseWithMutex-COL-20,6,TRUE,NONE,3e-06,0.048042,0.394212,1.16524,17768,FALSE,0,11,8,11,8,3261,3200,1641,1600,0,1200,0,0,0,0,0,0,0,0,0,0,20,0,0,0,0,0,400,0,0,0,0,0,0,0
DatabaseWithMutex-COL-20,7,FALSE,NONE,2e-06,0.050183,0.277425,0.15306,17124,FALSE,0,11,8,11,8,3261,3200,3261,3200,0,0,0,0,0,0,0,0,0,0,0,0,0,0,0,0,0,0,0,0,0,0,0,0,0,0
DatabaseWithMutex-COL-20,8,TRUE,NONE,2e-06,0.047818,0.300803,0.033851,17264,FALSE,0,11,8,11,8,3261,3200,2441,2400,0,800,0,0,0,0,0,0,0,0,0,0,20,0,0,0,0,0,0,0,0,0,0,0,0,0
DatabaseWithMutex-COL-20,9,FALSE,NONE,3e-06,0.048404,0.403711,0.075043,17276,FALSE,0,11,8,11,8,3261,3200,2861,2800,0,0,0,0,0,0,0,0,0,0,0,0,0,0,0,0,0,0,400,0,0,0,0,0,0,0
DatabaseWithMutex-COL-20,10,TRUE,NONE,4e-06,0.055693,0.380452,0.047413,16928,FALSE,0,11,8,11,8,3261,3200,2461,2400,0,400,0,0,0,0,0,0,0,0,0,0,0,0,0,0,0,0,400,0,0,0,0,0,0,0
DatabaseWithMutex-COL-20,11,FALSE,NONE,3e-06,0.053096,0.494078,0.051951,17572,FALSE,0,11,8,11,8,3261,3200,2441,2400,0,0,0,0,0,0,0,0,0,0,0,0,20,0,0,0,0,0,800,0,0,0,0,0,0,0
DatabaseWithMutex-COL-20,12,FALSE,NONE,3e-06,0.047303,0.276043,3.07976,23784,FALSE,0,11,8,11,8,3261,3200,3261,3200,0,0,0,0,0,0,0,0,0,0,0,0,0,0,0,0,0,0,0,0,0,0,0,0,0,0
DatabaseWithMutex-COL-20,13,TRUE,NONE,2e-06,0.046238,0.265622,0.140633,17924,FALSE,0,11,8,11,8,3261,3200,3261,3200,0,0,0,0,0,0,0,0,0,0,0,0,0,0,0,0,0,0,0,0,0,0,0,0,0,0
DatabaseWithMutex-COL-20,14,FALSE,NONE,3e-06,0.046288,0.38916,0.005533,16872,FALSE,0,11,8,11,8,3261,3200,1641,1600,0,1200,0,0,0,0,0,0,0,0,0,0,20,0,0,0,0,0,400,0,0,0,0,0,0,0
DatabaseWithMutex-COL-20,15,NONE,NONE,3e-06,0.05324,0.279685,0.0,33128,FALSE,0,11,8,11,8,3261,3200,3261,3200,0,0,0,0,0,0,0,0,0,0,0,0,0,0,0,0,0,0,0,0,0,0,0,0,0,0
DatabaseWithMutex-COL-20,16,NONE,NONE,4e-06,0.058335,0.610821,0.0,46220,FALSE,0,11,8,11,8,3261,3200,2841,2800,0,0,0,0,0,0,0,0,0,0,0,0,20,0,0,0,0,0,400,0,0,0,0,0,0,0
DatabaseWithMutex-COL-40,1,TRUE,NONE,3e-06,0.346795,2.8152,4.9062,66308,FALSE,0,11,8,11,8,12921,12800,8081,8000,0,3200,0,0,0,0,0,0,0,0,0,0,40,0,0,0,0,0,1600,0,0,0,0,0,0,0
DatabaseWithMutex-COL-40,2,NONE,NONE,3e-06,0.317749,1.18672,0.0,66144,FALSE,0,11,8,11,8,12921,12800,9681,9600,0,3200,0,0,0,0,0,0,0,0,0,0,40,0,0,0,0,0,0,0,0,0,0,0,0,0
DatabaseWithMutex-COL-40,3,TRUE,NONE,2e-06,0.333245,1.446,0.412278,64232,FALSE,0,11,8,11,8,12921,12800,8081,8000,0,3200,0,0,0,0,0,0,0,0,0,0,40,0,0,0,0,0,1600,0,0,0,0,0,0,0
DatabaseWithMutex-COL-40,4,TRUE,NONE,3e-06,0.337243,1.14319,0.747013,72480,FALSE,0,11,8,11,8,12921,12800,9681,9600,0,3200,0,0,0,0,0,0,0,0,0,0,40,0,0,0,0,0,0,0,0,0,0,0,0,0
DatabaseWithMutex-COL-40,5,FALSE,NONE,3e-06,0.349499,5.64085,2.0139,66952,FALSE,0,11,8,11,8,12921,12800,12921,12800,0,0,0,0,0,0,0,0,0,0,0,0,0,0,0,0,0,0,0,0,0,0,0,0,0,0
DatabaseWithMutex-COL-40,6,TRUE,NONE,3e-06,0.587172,7.30644,3.04039,69832,FALSE,0,11,8,11,8,12921,12800,11321,11200,0,0,0,0,0,0,0,0,0,0,0,0,0,0,0,0,0,0,1600,0,0,0,0,0,0,0
DatabaseWithMutex-COL-40,7,TRUE,NONE,3e-06,0.367586,1.6434,0.035359,65664,FALSE,0,11,8,11,8,12921,12800,8081,8000,0,3200,0,0,0,0,0,0,0,0,0,0,40,0,0,0,0,0,1600,0,0,0,0,0,0,0
DatabaseWithMutex-COL-40,8,TRUE,NONE,3e-06,0.330669,1.6509,0.037571,65664,FALSE,0,11,8,11,8,12921,12800,8081,8000,0,3200,0,0,0,0,0,0,0,0,0,0,40,0,0,0,0,0,1600,0,0,0,0,0,0,0
DatabaseWithMutex-COL-40,9,FALSE,NONE,2e-06,0.351204,1.8788,3.82853,68976,FALSE,0,11,8,11,8,12921,12800,9721,9600,0,1600,0,0,0,0,0,0,0,0,0,0,0,0,0,0,0,0,1600,0,0,0,0,0,0,0
DatabaseWithMutex-COL-40,10,TRUE,NONE,2e-06,0.313949,1.75822,0.047547,66004,FALSE,0,11,8,11,8,12921,12800,8081,8000,0,3200,0,0,0,0,0,0,0,0,0,0,40,0,0,0,0,0,1600,0,0,0,0,0,0,0
DatabaseWithMutex-COL-40,11,TRUE,NONE,3e-06,0.33428,2.26468,0.562277,63420,FALSE,0,11,8,11,8,12921,12800,9721,9600,0,1600,0,0,0,0,0,0,0,0,0,0,0,0,0,0,0,0,1600,0,0,0,0,0,0,0
DatabaseWithMutex-COL-40,12,NONE,NONE,3e-06,0.346573,0.897529,0.0,65988,FALSE,0,11,8,11,8,12921,12800,9721,9600,0,1600,0,0,0,0,0,0,0,0,0,0,0,0,0,0,0,0,1600,0,0,0,0,0,0,0
DatabaseWithMutex-COL-40,13,FALSE,NONE,3e-06,0.394877,5.73462,13.0908,66520,FALSE,0,11,8,11,8,12921,12800,12921,12800,0,0,0,0,0,0,0,0,0,0,0,0,0,0,0,0,0,0,0,0,0,0,0,0,0,0
DatabaseWithMutex-COL-40,14,TRUE,NONE,3e-06,0.387563,1.41597,0.329958,63416,FALSE,0,11,8,11,8,12921,12800,8121,8000,0,3200,0,0,0,0,0,0,0,0,0,0,0,0,0,0,0,0,1600,0,0,0,0,0,0,0
DatabaseWithMutex-COL-40,15,NONE,NONE,4e-06,0.489078,6.04652,0.0,66848,FALSE,0,11,8,11,8,12921,12800,11321,11200,0,0,0,0,0,0,0,0,0,0,0,0,0,0,0,0,0,0,1600,0,0,0,0,0,0,0
DatabaseWithMutex-COL-40,16,FALSE,NONE,3e-06,0.371929,6.61631,4.86428,68912,FALSE,0,11,8,11,8,12921,12800,11281,11200,0,1600,0,0,0,0,0,0,0,0,0,0,40,0,0,0,0,0,0,0,0,0,0,0,0,0
DrinkVendingMachine-COL-02,1,FALSE,NONE,1.9e-05,0.000239,3.7e-05,0.0,4384,TRUE,0,6,7,6,7,13,10,0,0,0,0,0,0,0,0,0,0,1,0,0,0,0,0,0,0,0,0,0,0,0,0,0,0,0,0
DrinkVendingMachine-COL-02,2,FALSE,NONE,1.8e-05,0.000243,6.2e-05,0.0,4388,TRUE,0,6,7,6,7,13,10,0,0,0,0,0,0,0,0,0,0,1,0,0,0,0,0,0,0,0,0,0,0,0,0,0,0,0,0
DrinkVendingMachine-COL-02,3,TRUE,NONE,2.1e-05,0.00023,0.000165,0.003077,6652,FALSE,0,6,7,6,7,13,10,9,7,0,3,1,0,2,0,0,0,0,0,0,0,5,0,0,0,0,0,0,0,0,0,0,0,0,0
DrinkVendingMachine-COL-02,4,FALSE,NONE,2.3e-05,0.000232,0.000132,0.0026,6652,FALSE,0,6,7,6,7,13,10,2,2,0,7,1,2,1,0,0,0,0,0,0,0,5,0,0,0,0,0,0,0,0,0,0,0,0,0
DrinkVendingMachine-COL-02,5,FALSE,NONE,2.1e-05,0.000236,6.2e-05,0.0,4388,TRUE,0,6,7,6,7,13,10,0,0,0,0,0,0,0,0,0,0,1,0,0,0,0,0,0,0,0,0,0,0,0,0,0,0,0,0
DrinkVendingMachine-COL-02,6,TRUE,NONE,2.3e-05,0.000213,0.000125,0.002787,6652,FALSE,0,6,7,6,7,13,10,2,2,0,7,1,2,1,0,0,0,0,0,0,0,5,0,0,0,0,0,0,0,0,0,0,0,0,0
DrinkVendingMachine-COL-02,7,FALSE,NONE,2.1e-05,0.000241,3.5e-05,0.0,4388,TRUE,0,6,7,6,7,13,10,0,0,0,0,0,0,0,0,0,0,1,0,0,0,0,0,0,0,0,0,0,0,0,0,0,0,0,0
DrinkVendingMachine-COL-02,8,FALSE,NONE,2.2e-05,0.00024,6.2e-05,0.0,4388,TRUE,0,6,7,6,7,13,10,0,0,0,0,0,0,0,0,0,0,1,0,0,0,0,0,0,0,0,0,0,0,0,0,0,0,0,0
DrinkVendingMachine-COL-02,9,TRUE,NONE,1.9e-05,0.000209,0.000109,0.002384,6652,FALSE,0,6,7,6,7,13,10,13,10,0,0,0,0,0,0,0,0,0,0,0,0,0,0,0,0,0,0,0,0,0,0,0,0,0,0
DrinkVendingMachine-COL-02,10,FALSE,NONE,4e-06,0.000238,6.3e-05,0.0,4384,TRUE,0,6,7,6,7,13,10,0,0,0,0,0,0,0,0,0,0,1,0,0,0,0,0,0,0,0,0,0,0,0,0,0,0,0,0
DrinkVendingMachine-COL-02,11,TRUE,NONE,1.8e-05,0.000248,0.000111,0.002484,6552,FALSE,0,6,7,6,7,13,10,13,10,0,0,0,0,0,0,0,0,0,0,0,0,0,0,0,0,0,0,0,0,0,0,0,0,0,0
DrinkVendingMachine-COL-02,12,FALSE,NONE,2.3e-05,0.000238,6.4e-05,0.0,4708,TRUE,0,6,7,6,7,13,10,0,0,0,0,0,0,0,0,0,0,1,0,0,0,0,0,0,0,0,0,0,0,0,0,0,0,0,0
DrinkVendingMachine-COL-02,13,TRUE,NONE,2.2e-05,0.000268,0.000111,0.00221,6652,FALSE,0,6,7,6,7,13,10,12,10,0,0,1,0,0,0,0,0,0,0,0,0,0,0,0,0,0,0,0,0,0,0,0,0,0,0
DrinkVendingMachine-COL-02,14,FALSE,NONE,2.3e-05,0.000236,6.2e-05,0.0,4388,TRUE,0,6,7,6,7,13,10,0,0,0,0,0,0,0,0,0,0,1,0,0,0,0,0,0,0,0,0,0,0,0,0,0,0,0,0
DrinkVendingMachine-COL-02,15,FALSE,NONE,2.2e-05,0.000239,6.4e-05,0.0,4388,TRUE,0,6,7,6,7,13,10,0,0,0,0,0,0,0,0,0,0,1,0,0,0,0,0,0,0,0,0,0,0,0,0,0,0,0,0
DrinkVendingMachine-COL-02,16,TRUE,NONE,2.4e-05,0.000237,8.2e-05,0.0,4392,TRUE,0,6,7,6,7,13,10,0,0,0,0,0,0,0,0,0,0,1,0,0,0,0,0,0,0,0,0,0,0,0,0,0,0,0,0
DrinkVendingMachine-COL-10,1,FALSE,NONE,2.8e-05,0.000257,0.000153,0.003,6728,FALSE,0,6,7,6,7,13,10,12,10,0,0,1,0,0,0,0,0,0,0,0,0,0,0,0,0,0,0,0,0,0,0,0,0,0,0
DrinkVendingMachine-COL-10,2,FALSE,NONE,2.5e-05,0.000242,0.000116,0.002444,6728,FALSE,0,6,7,6,7,13,10,12,10,0,0,1,0,0,0,0,0,0,0,0,0,0,0,0,0,0,0,0,0,0,0,0,0,0,0
DrinkVendingMachine-COL-10,3,FALSE,NONE,4e-06,0.000246,0.000117,0.002596,6728,FALSE,0,6,7,6,7,13,10,12,10,0,0,1,0,0,0,0,0,0,0,0,0,0,0,0,0,0,0,0,0,0,0,0,0,0,0
DrinkVendingMachine-COL-10,4,TRUE,NONE,2.4e-05,0.000241,0.000122,0.002209,6728,FALSE,0,6,7,6,7,13,10,12,10,0,0,1,0,0,0,0,0,0,0,0,0,0,0,0,0,0,0,0,0,0,0,0,0,0,0
DrinkVendingMachine-COL-10,5,FALSE,NONE,2.1e-05,0.000251,0.000125,0.00237,6728,FALSE,0,6,7,6,7,13,10,13,10,0,0,0,0,0,0,0,0,0,0,0,0,0,0,0,0,0,0,0,0,0,0,0,0,0,0
DrinkVendingMachine-COL-10,6,FALSE,NONE,2.4e-05,0.000245,0.000117,0.002383,6728,FALSE,0,6,7,6,7,13,10,12,10,0,0,1,0,0,0,0,0,0,0,0,0,0,0,0,0,0,0,0,0,0,0,0,0,0,0
DrinkVendingMachine-COL-10,7,TRUE,NONE,2.2e-05,0.00024,0.000127,0.002351,6728,FALSE,0,6,7,6,7,13,10,12,10,0,0,1,0,0,0,0,0,0,0,0,0,0,0,0,0,0,0,0,0,0,0,0,0,0,0
DrinkVendingMachine-COL-10,8,FALSE,NONE,2.5e-05,0.000243,0.000118,0.002402,6728,FALSE,0,6,7,6,7,13,10,12,10,0,0,1,0,0,0,0,0,0,0,0,0,0,0,0,0,0,0,0,0,0,0,0,0,0,0
DrinkVendingMachine-COL-10,9,FALSE,NONE,2.4e-05,0.000219,8.6e-05,0.002409,6728,FALSE,0,6,7,6,7,13,10,12,10,0,0,1,0,0,0,0,0,0,0,0,0,0,0,0,0,0,0,0,0,0,0,0,0,0,0
DrinkVendingMachine-COL-10,10,FALSE,NONE,1.8e-05,0.000243,5.8e-05,0.0,4760,TRUE,0,6,7,6,7,13,10,0,0,0,0,0,0,0,0,0,0,1,0,0,0,0,0,0,0,0,0,0,0,0,0,0,0,0,0
DrinkVendingMachine-COL-10,11,TRUE,NONE,2.4e-05,0.000212,0.000144,0.00234,6728,FALSE,0,6,7,6,7,13,10,12,10,0,0,1,0,0,0,0,0,0,0,0,0,0,0,0,0,0,0,0,0,0,0,0,0,0,0
DrinkVendingMachine-COL-10,12,TRUE,NONE,1.9e-05,0.000262,0.000118,0.002869,6728,FALSE,0,6,7,6,7,13,10,12,10,0,0,1,0,0,0,0,0,0,0,0,0,0,0,0,0,0,0,0,0,0,0,0,0,0,0
DrinkVendingMachine-COL-10,13,FALSE,NONE,2.2e-05,0.000241,0.000102,0.002521,6728,FALSE,0,6,7,6,7,13,10,13,10,0,0,0,0,0,0,0,0,0,0,0,0,0,0,0,0,0,0,0,0,0,0,0,0,0,0
DrinkVendingMachine-COL-10,14,TRUE,NONE,2e-05,0.000244,0.000126,0.002676,6728,FALSE,0,6,7,6,7,13,10,12,10,0,0,1,0,0,0,0,0,0,0,0,0,0,0,0,0,0,0,0,0,0,0,0,0,0,0
DrinkVendingMachine-COL-10,15,FALSE,NONE,2e-05,0.000236,5.8e-05,0.0,4780,TRUE,0,6,7,6,7,13,10,0,0,0,0,0,0,0,0,0,0,1,0,0,0,0,0,0,0,0,0,0,0,0,0,0,0,0,0
DrinkVendingMachine-COL-10,16,TRUE,NONE,2.6e-05,0.000218,7.6e-05,0.0,4772,TRUE,0,6,7,6,7,13,10,0,0,0,0,0,0,0,0,0,0,1,0,0,0,0,0,0,0,0,0,0,0,0,0,0,0,0,0
DrinkVendingMachine-COL-16,1,FALSE,NONE,2.3e-05,0.000232,0.00011,0.002219,6764,FALSE,0,6,7,6,7,13,10,6,7,1,2,1,0,0,0,0,0,0,0,0,0,3,0,0,0,0,0,0,0,0,0,0,0,0,0
DrinkVendingMachine-COL-16,2,FALSE,NONE,2.1e-05,0.000242,0.000132,0.002443,6764,FALSE,0,6,7,6,7,13,10,3,3,2,6,0,1,0,0,1,0,0,0,0,0,5,0,0,0,0,0,0,0,0,0,0,0,0,0
DrinkVendingMachine-COL-16,3,FALSE,NONE,1.7e-05,0.000199,5.5e-05,0.0,4452,TRUE,0,6,7,6,7,13,10,0,0,0,0,0,0,0,0,0,0,1,0,0,0,0,0,0,0,0,0,0,0,0,0,0,0,0,0
DrinkVendingMachine-COL-16,4,TRUE,NONE,4e-06,0.00023,0.000111,0.002963,6764,FALSE,0,6,7,6,7,13,10,13,10,0,0,0,0,0,0,0,0,0,0,0,0,0,0,0,0,0,0,0,0,0,0,0,0,0,0
DrinkVendingMachine-COL-16,5,FALSE,NONE,2.1e-05,0.00025,0.000101,0.002948,6764,FALSE,0,6,7,6,7,13,10,13,10,0,0,0,0,0,0,0,0,0,0,0,0,0,0,0,0,0,0,0,0,0,0,0,0,0,0
DrinkVendingMachine-COL-16,6,FALSE,NONE,1.7e-05,0.000199,6.1e-05,0.0,4820,TRUE,0,6,7,6,7,13,10,0,0,0,0,0,0,0,0,0,0,1,0,0,0,0,0,0,0,0,0,0,0,0,0,0,0,0,0
DrinkVendingMachine-COL-16,7,TRUE,NONE,1.9e-05,0.000228,6.4e-05,0.0,4444,TRUE,0,6,7,6,7,13,10,0,0,0,0,0,0,0,0,0,0,1,0,0,0,0,0,0,0,0,0,0,0,0,0,0,0,0,0
DrinkVendingMachine-COL-16,8,FALSE,NONE,4e-06,0.000194,0.000144,0.002819,6764,FALSE,0,6,7,6,7,13,10,12,10,0,0,1,0,0,0,0,0,0,0,0,0,0,0,0,0,0,0,0,0,0,0,0,0,0,0
DrinkVendingMachine-COL-16,9,TRUE,NONE,2.1e-05,0.000243,0.000136,0.002926,6760,FALSE,0,6,7,6,7,13,10,12,10,0,0,1,0,0,0,0,0,0,0,0,0,0,0,0,0,0,0,0,0,0,0,0,0,0,0
DrinkVendingMachine-COL-16,10,FALSE,NONE,2.3e-05,0.000245,6.3e-05,0.0,4448,TRUE,0,6,7,6,7,13,10,0,0,0,0,0,0,0,0,0,0,1,0,0,0,0,0,0,0,0,0,0,0,0,0,0,0,0,0
DrinkVendingMachine-COL-16,11,FALSE,NONE,2.2e-05,0.000236,0.000175,0.003282,6764,FALSE,0,6,7,6,7,13,10,8,8,0,2,1,0,0,0,0,0,0,0,0,0,2,0,0,0,0,0,0,0,0,0,0,0,0,0
DrinkVendingMachine-COL-16,12,FALSE,NONE,2.5e-05,0.000243,6.4e-05,0.0,4448,TRUE,0,6,7,6,7,13,10,0,0,0,0,0,0,0,0,0,0,1,0,0,0,0,0,0,0,0,0,0,0,0,0,0,0,0,0
DrinkVendingMachine-COL-16,13,FALSE,NONE,1.8e-05,0.000236,0.000122,0.002377,6764,FALSE,0,6,7,6,7,13,10,12,10,0,0,1,0,0,0,0,0,0,0,0,0,0,0,0,0,0,0,0,0,0,0,0,0,0,0
DrinkVendingMachine-COL-16,14,TRUE,NONE,2.4e-05,0.000243,6.6e-05,0.0,4448,TRUE,0,6,7,6,7,13,10,0,0,0,0,0,0,0,0,0,0,1,0,0,0,0,0,0,0,0,0,0,0,0,0,0,0,0,0
DrinkVendingMachine-COL-16,15,TRUE,NONE,2.4e-05,0.000246,0.000154,0.002523,6764,FALSE,0,6,7,6,7,13,10,7,7,0,3,0,0,0,0,0,0,0,0,0,0,3,0,0,0,0,0,0,0,0,0,0,0,0,0
DrinkVendingMachine-COL-16,16,FALSE,NONE,2.6e-05,0.000224,0.000161,0.002713,6764,FALSE,0,6,7,6,7,13,10,6,7,1,2,1,0,0,0,0,0,0,0,0,0,3,0,0,0,0,0,0,0,0,0,0,0,0,0
DrinkVendingMachine-COL-24,1,FALSE,NONE,2e-05,0.000255,5.8e-05,0.0,4816,TRUE,0,6,7,6,7,13,10,0,0,0,0,0,0,0,0,0,0,1,0,0,0,0,0,0,0,0,0,0,0,0,0,0,0,0,0
DrinkVendingMachine-COL-24,2,FALSE,NONE,2.2e-05,0.000252,6.3e-05,0.0,4816,TRUE,0,6,7,6,7,13,10,0,0,0,0,0,0,0,0,0,0,1,0,0,0,0,0,0,0,0,0,0,0,0,0,0,0,0,0
DrinkVendingMachine-COL-24,3,TRUE,NONE,2.4e-05,0.000224,0.000114,0.002257,6764,FALSE,0,6,7,6,7,13,10,13,10,0,0,0,0,0,0,0,0,0,0,0,0,0,0,0,0,0,0,0,0,0,0,0,0,0,0
DrinkVendingMachine-COL-24,4,TRUE,NONE,2.2e-05,0.000243,6.4e-05,0.0,4464,TRUE,0,6,7,6,7,13,10,0,0,0,0,0,0,0,0,0,0,1,0,0,0,0,0,0,0,0,0,0,0,0,0,0,0,0,0
DrinkVendingMachine-COL-24,5,TRUE,NONE,5e-06,0.000215,0.000105,0.003038,6764,FALSE,0,6,7,6,7,13,10,13,10,0,0,0,0,0,0,0,0,0,0,0,0,0,0,0,0,0,0,0,0,0,0,0,0,0,0
DrinkVendingMachine-COL-24,6,TRUE,NONE,2.5e-05,0.000239,6.4e-05,0.0,4464,TRUE,0,6,7,6,7,13,10,0,0,0,0,0,0,0,0,0,0,1,0,0,0,0,0,0,0,0,0,0,0,0,0,0,0,0,0
DrinkVendingMachine-COL-24,7,FALSE,NONE,1.9e-05,0.000244,0.000105,0.003444,6764,FALSE,0,6,7,6,7,13,10,13,10,0,0,0,0,0,0,0,0,0,0,0,0,0,0,0,0,0,0,0,0,0,0,0,0,0,0
DrinkVendingMachine-COL-24,8,TRUE,NONE,4e-06,0.000234,0.000102,0.002496,6764,FALSE,0,6,7,6,7,13,10,13,10,0,0,0,0,0,0,0,0,0,0,0,0,0,0,0,0,0,0,0,0,0,0,0,0,0,0
DrinkVendingMachine-COL-24,9,TRUE,NONE,1.9e-05,0.000258,0.000102,0.002181,6764,FALSE,0,6,7,6,7,13,10,13,10,0,0,0,0,0,0,0,0,0,0,0,0,0,0,0,0,0,0,0,0,0,0,0,0,0,0
DrinkVendingMachine-COL-24,10,FALSE,NONE,4e-06,0.000265,6.7e-05,0.0,4464,TRUE,0,6,7,6,7,13,10,0,0,0,0,0,0,0,0,0,0,1,0,0,0,0,0,0,0,0,0,0,0,0,0,0,0,0,0
DrinkVendingMachine-COL-24,11,FALSE,NONE,2.4e-05,0.000228,0.000129,0.092936,6764,FALSE,0,6,7,6,7,13,10,11,9,0,3,0,0,0,0,0,0,0,0,0,0,1,0,0,0,0,0,0,0,0,0,0,0,0,0
DrinkVendingMachine-COL-24,12,TRUE,NONE,2e-05,0.000252,0.000107,0.272937,6856,FALSE,0,6,7,6,7,13,10,13,10,0,0,0,0,0,0,0,0,0,0,0,0,0,0,0,0,0,0,0,0,0,0,0,0,0,0
DrinkVendingMachine-COL-24,13,FALSE,NONE,2.1e-05,0.000254,6.4e-05,0.0,4460,TRUE,0,6,7,6,7,13,10,0,0,0,0,0,0,0,0,0,0,1,0,0,0,0,0,0,0,0,0,0,0,0,0,0,0,0,0
DrinkVendingMachine-COL-24,14,FALSE,NONE,2.1e-05,0.000226,0.000103,0.002199,6764,FALSE,0,6,7,6,7,13,10,13,10,0,0,0,0,0,0,0,0,0,0,0,0,0,0,0,0,0,0,0,0,0,0,0,0,0,0
DrinkVendingMachine-COL-24,15,TRUE,NONE,2.3e-05,0.000281,5.7e-05,0.0,4464,TRUE,0,6,7,6,7,13,10,0,0,0,0,0,0,0,0,0,0,1,0,0,0,0,0,0,0,0,0,0,0,0,0,0,0,0,0
DrinkVendingMachine-COL-24,16,TRUE,NONE,1.9e-05,0.000253,0.00013,0.285102,6844,FALSE,0,6,7,6,7,13,10,13,10,0,0,0,0,0,0,0,0,0,0,0,0,0,0,0,0,0,0,0,0,0,0,0,0,0,0
DrinkVendingMachine-COL-48,1,TRUE,NONE,2e-05,0.000282,0.000125,0.002693,6764,FALSE,0,6,7,6,7,13,10,13,10,0,0,0,0,0,0,0,0,0,0,0,0,0,0,0,0,0,0,0,0,0,0,0,0,0,0
DrinkVendingMachine-COL-48,2,FALSE,NONE,2.4e-05,0.000298,3.7e-05,0.0,4536,TRUE,0,6,7,6,7,13,10,0,0,0,0,0,0,0,0,0,0,1,0,0,0,0,0,0,0,0,0,0,0,0,0,0,0,0,0
DrinkVendingMachine-COL-48,3,FALSE,NONE,2e-05,0.00028,9.6e-05,0.002488,6764,FALSE,0,6,7,6,7,13,10,13,10,0,0,0,0,0,0,0,0,0,0,0,0,0,0,0,0,0,0,0,0,0,0,0,0,0,0
DrinkVendingMachine-COL-48,4,TRUE,NONE,4e-06,0.000244,5.7e-05,0.0,4544,TRUE,0,6,7,6,7,13,10,0,0,0,0,0,0,0,0,0,0,1,0,0,0,0,0,0,0,0,0,0,0,0,0,0,0,0,0
DrinkVendingMachine-COL-48,5,FALSE,NONE,2.2e-05,0.000248,5.7e-05,0.0,4536,TRUE,0,6,7,6,7,13,10,0,0,0,0,0,0,0,0,0,0,1,0,0,0,0,0,0,0,0,0,0,0,0,0,0,0,0,0
DrinkVendingMachine-COL-48,6,TRUE,NONE,2.2e-05,0.000259,5.8e-05,0.0,4536,TRUE,0,6,7,6,7,13,10,0,0,0,0,0,0,0,0,0,0,1,0,0,0,0,0,0,0,0,0,0,0,0,0,0,0,0,0
DrinkVendingMachine-COL-48,7,TRUE,NONE,5e-06,0.000291,0.000119,0.002622,6764,FALSE,0,6,7,6,7,13,10,13,10,0,0,0,0,0,0,0,0,0,0,0,0,0,0,0,0,0,0,0,0,0,0,0,0,0,0
DrinkVendingMachine-COL-48,8,FALSE,NONE,2.1e-05,0.000466,5.8e-05,0.0,4532,TRUE,0,6,7,6,7,13,10,0,0,0,0,0,0,0,0,0,0,1,0,0,0,0,0,0,0,0,0,0,0,0,0,0,0,0,0
DrinkVendingMachine-COL-48,9,TRUE,NONE,1.8e-05,0.000302,0.000111,0.002842,6764,FALSE,0,6,7,6,7,13,10,13,10,0,0,0,0,0,0,0,0,0,0,0,0,0,0,0,0,0,0,0,0,0,0,0,0,0,0
DrinkVendingMachine-COL-48,10,TRUE,NONE,2.4e-05,0.000277,5.9e-05,0.0,4540,TRUE,0,6,7,6,7,13,10,0,0,0,0,0,0,0,0,0,0,1,0,0,0,0,0,0,0,0,0,0,0,0,0,0,0,0,0
DrinkVendingMachine-COL-48,11,FALSE,NONE,2.1e-05,0.000264,6.5e-05,0.0,4868,TRUE,0,6,7,6,7,13,10,0,0,0,0,0,0,0,0,0,0,1,0,0,0,0,0,0,0,0,0,0,0,0,0,0,0,0,0
DrinkVendingMachine-COL-48,12,FALSE,NONE,2.2e-05,0.000295,0.000112,0.002634,6760,FALSE,0,6,7,6,7,13,10,13,10,0,0,0,0,0,0,0,0,0,0,0,0,0,0,0,0,0,0,0,0,0,0,0,0,0,0
DrinkVendingMachine-COL-48,13,TRUE,NONE,2.2e-05,0.000301,0.000108,0.002462,6764,FALSE,0,6,7,6,7,13,10,13,10,0,0,0,0,0,0,0,0,0,0,0,0,0,0,0,0,0,0,0,0,0,0,0,0,0,0
DrinkVendingMachine-COL-48,14,FALSE,NONE,2e-05,0.000295,0.000108,4.18666,28008,FALSE,0,6,7,6,7,13,10,13,10,0,0,0,0,0,0,0,0,0,0,0,0,0,0,0,0,0,0,0,0,0,0,0,0,0,0
DrinkVendingMachine-COL-48,15,TRUE,NONE,4e-06,0.0003,8.9e-05,0.0,4548,TRUE,0,6,7,6,7,13,10,0,0,0,0,0,0,0,0,0,0,1,0,0,0,0,0,0,0,0,0,0,0,0,0,0,0,0,0
DrinkVendingMachine-COL-48,16,FALSE,NONE,1.9e-05,0.000296,9.8e-05,0.002153,6764,FALSE,0,6,7,6,7,13,10,13,10,0,0,0,0,0,0,0,0,0,0,0,0,0,0,0,0,0,0,0,0,0,0,0,0,0,0
DrinkVendingMachine-COL-76,1,TRUE,NONE,2.3e-05,0.000324,0.000149,0.002214,6640,FALSE,0,6,7,6,7,13,10,10,9,1,3,1,0,0,0,0,0,0,0,0,0,1,0,0,0,0,0,0,0,0,0,0,0,0,0
DrinkVendingMachine-COL-76,2,FALSE,NONE,2.3e-05,0.000317,0.000141,0.003844,6640,FALSE,0,6,7,6,7,13,10,9,8,0,2,0,0,0,0,0,0,0,0,0,0,2,0,0,0,0,0,0,0,0,0,0,0,0,0
DrinkVendingMachine-COL-76,3,FALSE,NONE,2.5e-05,0.000323,6e-05,0.0,4452,TRUE,0,6,7,6,7,13,10,0,0,0,0,0,0,0,0,0,0,1,0,0,0,0,0,0,0,0,0,0,0,0,0,0,0,0,0
DrinkVendingMachine-COL-76,4,FALSE,NONE,2.1e-05,0.000364,7.5e-05,0.0,4808,TRUE,0,6,7,6,7,13,10,0,0,0,0,0,0,0,0,0,0,1,0,0,0,0,0,0,0,0,0,0,0,0,0,0,0,0,0
DrinkVendingMachine-COL-76,5,FALSE,NONE,2.3e-05,0.000365,0.000129,0.002219,6640,FALSE,0,6,7,6,7,13,10,7,7,1,2,0,0,0,0,0,0,0,0,0,0,3,0,0,0,0,0,0,0,0,0,0,0,0,0
DrinkVendingMachine-COL-76,6,TRUE,NONE,2.3e-05,0.000428,0.000132,0.002064,6640,FALSE,0,6,7,6,7,13,10,4,6,1,3,1,0,0,0,0,0,0,0,0,0,4,0,0,0,0,0,0,0,0,0,0,0,0,0
DrinkVendingMachine-COL-76,7,FALSE,NONE,2.3e-05,0.000376,6.5e-05,0.0,4444,TRUE,0,6,7,6,7,13,10,0,0,0,0,0,0,0,0,0,0,1,0,0,0,0,0,0,0,0,0,0,0,0,0,0,0,0,0
DrinkVendingMachine-COL-76,8,TRUE,NONE,2.5e-05,0.000382,6.5e-05,0.0,4444,TRUE,0,6,7,6,7,13,10,0,0,0,0,0,0,0,0,0,0,1,0,0,0,0,0,0,0,0,0,0,0,0,0,0,0,0,0
DrinkVendingMachine-COL-76,9,FALSE,NONE,2e-05,0.00034,0.000145,0.002451,6640,FALSE,0,6,7,6,7,13,10,6,7,0,3,1,0,0,0,0,0,0,0,0,0,3,0,0,0,0,0,0,0,0,0,0,0,0,0
DrinkVendingMachine-COL-76,10,FALSE,NONE,2.2e-05,0.000354,9.4e-05,0.002439,6640,FALSE,0,6,7,6,7,13,10,13,10,0,0,0,0,0,0,0,0,0,0,0,0,0,0,0,0,0,0,0,0,0,0,0,0,0,0
DrinkVendingMachine-COL-76,11,FALSE,NONE,2.1e-05,0.00037,0.000145,0.002562,6640,FALSE,0,6,7,6,7,13,10,4,6,1,3,1,0,0,0,0,0,0,0,0,0,4,0,0,0,0,0,0,0,0,0,0,0,0,0
DrinkVendingMachine-COL-76,12,TRUE,NONE,2e-05,0.000321,0.000124,0.002587,6640,FALSE,0,6,7,6,7,13,10,13,10,0,0,0,0,0,0,0,0,0,0,0,0,0,0,0,0,0,0,0,0,0,0,0,0,0,0
DrinkVendingMachine-COL-76,13,FALSE,NONE,2.1e-05,0.000361,0.000145,0.002325,6640,FALSE,0,6,7,6,7,13,10,9,8,0,2,0,0,0,0,0,0,0,0,0,0,2,0,0,0,0,0,0,0,0,0,0,0,0,0
DrinkVendingMachine-COL-76,14,TRUE,NONE,2.2e-05,0.000394,0.000151,0.002277,6640,FALSE,0,6,7,6,7,13,10,6,7,0,3,1,0,0,0,0,0,0,0,0,0,3,0,0,0,0,0,0,0,0,0,0,0,0,0
DrinkVendingMachine-COL-76,15,TRUE,NONE,2.5e-05,0.000331,6e-05,0.0,4444,TRUE,0,6,7,6,7,13,10,0,0,0,0,0,0,0,0,0,0,1,0,0,0,0,0,0,0,0,0,0,0,0,0,0,0,0,0
DrinkVendingMachine-COL-76,16,FALSE,NONE,2.1e-05,0.000363,0.000139,0.002434,6640,FALSE,0,6,7,6,7,13,10,9,8,1,1,0,0,0,0,0,0,0,0,0,0,2,0,0,0,0,0,0,0,0,0,0,0,0,0
DrinkVendingMachine-COL-98,1,FALSE,NONE,2.1e-05,0.000422,0.000125,0.00267,6636,FALSE,0,6,7,6,7,13,10,12,10,0,0,1,0,0,0,0,0,0,0,0,0,0,0,0,0,0,0,0,0,0,0,0,0,0,0
DrinkVendingMachine-COL-98,2,TRUE,NONE,1.8e-05,0.000415,5.5e-05,0.0,4796,TRUE,0,6,7,6,7,13,10,0,0,0,0,0,0,0,0,0,0,1,0,0,0,0,0,0,0,0,0,0,0,0,0,0,0,0,0
DrinkVendingMachine-COL-98,3,FALSE,NONE,2.3e-05,0.000369,5.5e-05,0.0,4480,TRUE,0,6,7,6,7,13,10,0,0,0,0,0,0,0,0,0,0,1,0,0,0,0,0,0,0,0,0,0,0,0,0,0,0,0,0
DrinkVendingMachine-COL-98,4,FALSE,NONE,2.2e-05,0.000419,0.000112,0.003476,6640,FALSE,0,6,7,6,7,13,10,12,10,0,0,1,0,0,0,0,0,0,0,0,0,0,0,0,0,0,0,0,0,0,0,0,0,0,0
DrinkVendingMachine-COL-98,5,TRUE,NONE,2.1e-05,0.000421,6.1e-05,0.0,4480,TRUE,0,6,7,6,7,13,10,0,0,0,0,0,0,0,0,0,0,1,0,0,0,0,0,0,0,0,0,0,0,0,0,0,0,0,0
DrinkVendingMachine-COL-98,6,FALSE,NONE,2.5e-05,0.000407,6.5e-05,0.0,4480,TRUE,0,6,7,6,7,13,10,0,0,0,0,0,0,0,0,0,0,1,0,0,0,0,0,0,0,0,0,0,0,0,0,0,0,0,0
DrinkVendingMachine-COL-98,7,TRUE,NONE,1.9e-05,0.000413,0.000132,0.002116,6640,FALSE,0,6,7,6,7,13,10,12,10,0,0,1,0,0,0,0,0,0,0,0,0,0,0,0,0,0,0,0,0,0,0,0,0,0,0
DrinkVendingMachine-COL-98,8,FALSE,NONE,2.5e-05,0.000381,0.000207,0.002335,6640,FALSE,0,6,7,6,7,13,10,9,8,1,4,0,0,0,0,0,0,0,0,0,0,2,0,0,0,0,0,0,0,0,0,0,0,0,0
DrinkVendingMachine-COL-98,9,TRUE,NONE,2.1e-05,0.000357,5.5e-05,0.0,4480,TRUE,0,6,7,6,7,13,10,0,0,0,0,0,0,0,0,0,0,1,0,0,0,0,0,0,0,0,0,0,0,0,0,0,0,0,0
DrinkVendingMachine-COL-98,10,TRUE,NONE,1.7e-05,0.000359,5.6e-05,0.0,4488,TRUE,0,6,7,6,7,13,10,0,0,0,0,0,0,0,0,0,0,1,0,0,0,0,0,0,0,0,0,0,0,0,0,0,0,0,0
DrinkVendingMachine-COL-98,11,TRUE,NONE,2.1e-05,0.000404,0.000111,0.002382,6640,FALSE,0,6,7,6,7,13,10,12,10,0,0,1,0,0,0,0,0,0,0,0,0,0,0,0,0,0,0,0,0,0,0,0,0,0,0
DrinkVendingMachine-COL-98,12,FALSE,NONE,2e-05,0.000401,6.1e-05,0.0,4480,TRUE,0,6,7,6,7,13,10,0,0,0,0,0,0,0,0,0,0,1,0,0,0,0,0,0,0,0,0,0,0,0,0,0,0,0,0
DrinkVendingMachine-COL-98,13,FALSE,NONE,2e-05,0.000419,0.000124,0.002337,6640,FALSE,0,6,7,6,7,13,10,13,10,0,0,0,0,0,0,0,0,0,0,0,0,0,0,0,0,0,0,0,0,0,0,0,0,0,0
DrinkVendingMachine-COL-98,14,FALSE,NONE,2.1e-05,0.000371,0.000171,0.002125,6640,FALSE,0,6,7,6,7,13,10,10,9,0,4,1,0,0,0,0,0,0,0,0,0,1,0,0,0,0,0,0,0,0,0,0,0,0,0
DrinkVendingMachine-COL-98,15,TRUE,NONE,2.4e-05,0.000502,0.000142,0.003413,6640,FALSE,0,6,7,6,7,13,10,12,10,0,0,1,0,0,0,0,0,0,0,0,0,0,0,0,0,0,0,0,0,0,0,0,0,0,0
DrinkVendingMachine-COL-98,16,FALSE,NONE,2.3e-05,0.000439,5.8e-05,0.0,4480,TRUE,0,6,7,6,7,13,10,0,0,0,0,0,0,0,0,0,0,1,0,0,0,0,0,0,0,0,0,0,0,0,0,0,0,0,0
FamilyReunion-COL-L00010M0001C001P001G001,1,FALSE,NONE,1.2e-05,0.009383,0.012411,0.0528,8896,FALSE,0,104,66,104,66,1224,939,681,487,33,352,77,0,0,0,0,0,1,0,0,0,0,0,0,0,0,0,132,0,0,0,0,0,0,0
FamilyReunion-COL-L00010M0001C001P001G001,2,FALSE,NONE,1.1e-05,0.008913,0.008928,0.007144,8984,FALSE,0,104,66,104,66,1224,939,554,374,33,374,66,0,0,0,0,0,1,0,0,0,0,0,0,0,0,0,66,0,0,0,0,0,0,0
FamilyReunion-COL-L00010M0001C001P001G001,3,TRUE,NONE,1e-05,0.008479,0.007777,0.007187,8824,FALSE,0,104,66,104,66,1224,939,554,374,33,341,55,0,0,0,0,0,1,0,0,0,0,0,0,0,0,0,66,0,0,0,0,0,0,0
FamilyReunion-COL-L00010M0001C001P001G001,4,TRUE,NONE,1.1e-05,0.00851,0.006013,0.005087,9356,FALSE,0,104,66,104,66,1224,939,520,352,22,220,11,0,0,0,0,0,1,0,0,0,0,0,0,0,0,0,44,0,0,0,0,0,0,0
FamilyReunion-COL-L00010M0001C001P001G001,5,TRUE,NONE,1e-05,0.00859,0.007776,0.007986,8884,FALSE,0,104,66,104,66,1224,939,488,331,33,231,22,0,0,0,0,0,1,0,0,0,0,0,0,0,0,0,44,0,0,0,0,0,0,0
FamilyReunion-COL-L00010M0001C001P001G001,6,NONE,NONE,1.1e-05,0.008875,0.010268,0.0,353852,FALSE,0,104,66,104,66,1224,939,621,440,33,341,77,0,0,0,0,0,1,0,0,0,0,0,0,0,0,0,66,0,0,0,0,0,0,0
FamilyReunion-COL-L00010M0001C001P001G001,7,TRUE,NONE,1e-05,0.008746,0.009379,0.08279,8916,FALSE,0,104,66,104,66,1224,939,823,585,11,220,33,0,0,0,0,0,1,0,0,0,0,0,0,0,0,0,154,0,0,0,0,0,0,0
FamilyReunion-COL-L00010M0001C001P001G001,8,TRUE,NONE,1.1e-05,0.008357,0.007208,0.006518,8992,FALSE,0,104,66,104,66,1224,939,587,407,22,209,22,0,0,0,0,0,1,0,0,0,0,0,0,0,0,0,77,0,0,0,0,0,0,0
FamilyReunion-COL-L00010M0001C001P001G001,9,TRUE,NONE,1e-05,0.008474,0.005787,0.006388,9052,FALSE,0,104,66,104,66,1224,939,575,385,11,220,0,0,0,0,0,0,1,0,0,0,0,0,0,0,0,0,66,0,0,0,0,0,0,0
FamilyReunion-COL-L00010M0001C001P001G001,10,TRUE,NONE,1.1e-05,0.008737,0.010655,0.007429,8908,FALSE,0,104,66,104,66,1224,939,599,407,22,352,66,0,0,0,0,0,1,0,0,0,0,0,0,0,0,11,55,0,0,0,0,0,0,0
FamilyReunion-COL-L00010M0001C001P001G001,11,FALSE,NONE,1.3e-05,0.009336,0.007566,0.007274,9028,FALSE,0,104,66,104,66,1224,939,498,341,33,231,22,0,0,0,0,0,1,0,0,0,0,0,0,0,0,0,44,0,0,0,0,0,0,0
FamilyReunion-COL-L00010M0001C001P001G001,12,TRUE,NONE,1e-05,0.008553,0.009464,0.011314,8872,FALSE,0,104,66,104,66,1224,939,687,473,22,319,44,0,0,0,0,0,1,0,0,0,0,0,0,0,0,0,55,0,0,0,0,0,0,0
FamilyReunion-COL-L00010M0001C001P001G001,13,TRUE,NONE,1.2e-05,0.008611,0.009667,0.012021,8900,FALSE,0,104,66,104,66,1224,939,632,440,22,341,66,0,0,0,0,0,1,0,0,0,0,0,0,0,0,0,66,0,0,0,0,0,0,0
FamilyReunion-COL-L00010M0001C001P001G001,14,FALSE,NONE,1.1e-05,0.008864,0.01204,0.014141,8680,FALSE,0,104,66,104,66,1224,939,655,462,33,297,77,0,0,0,0,0,1,0,0,0,0,0,0,0,0,0,110,0,0,0,0,0,0,0
FamilyReunion-COL-L00010M0001C001P001G001,15,NONE,NONE,1e-05,0.008664,0.007318,0.0,476128,FALSE,0,104,66,104,66,1224,939,509,341,33,264,22,0,0,0,0,0,1,0,0,0,0,0,0,0,0,0,55,0,0,0,0,0,0,0
FamilyReunion-COL-L00010M0001C001P001G001,16,FALSE,NONE,1e-05,0.008798,0.00815,0.011751,8944,FALSE,0,104,66,104,66,1224,939,611,429,33,341,77,0,0,0,0,0,1,0,0,0,0,0,0,0,0,0,88,0,0,0,0,0,0,0
FamilyReunion-COL-L00020M0002C001P001G001,1,FALSE,NONE,1.2e-05,0.01911,0.013104,0.016177,11972,FALSE,0,104,66,104,66,2735,2104,1051,567,21,126,0,0,1092,190,63,0,1,0,0,0,2428,0,0,0,0,0,126,0,0,0,0,0,0,0
FamilyReunion-COL-L00020M0002C001P001G001,2,FALSE,NONE,1.1e-05,0.019413,0.003326,0.0,11688,TRUE,0,104,66,104,66,2735,2104,0,0,0,0,0,0,0,0,0,0,1,0,0,0,0,0,0,0,0,0,0,0,0,0,0,0,0,0
FamilyReunion-COL-L00020M0002C001P001G001,3,TRUE,NONE,1e-05,0.022235,0.020589,0.003802,11520,FALSE,0,104,66,104,66,2735,2104,22,0,0,0,0,0,1113,1303,903,0,1,0,0,0,2035,0,0,0,0,0,0,0,0,0,0,0,0,0
FamilyReunion-COL-L00020M0002C001P001G001,4,TRUE,NONE,1.1e-05,0.020964,0.027569,0.005718,11808,FALSE,0,104,66,104,66,2735,2104,317,126,21,315,252,0,1029,316,126,0,1,0,0,0,4596,0,0,0,0,0,315,0,0,0,0,0,0,0
FamilyReunion-COL-L00020M0002C001P001G001,5,FALSE,NONE,1.1e-05,0.021526,0.020812,0.005376,11488,FALSE,0,104,66,104,66,2735,2104,21,0,0,0,0,0,924,1303,903,0,1,0,0,0,1769,0,0,0,0,0,0,0,0,0,0,0,0,0
FamilyReunion-COL-L00020M0002C001P001G001,6,NONE,NONE,1.1e-05,0.021179,0.021574,0.0,228836,FALSE,0,104,66,104,66,2735,2104,232,147,0,0,0,0,1029,1219,756,0,1,0,0,0,4506,0,0,0,0,0,0,0,0,0,0,0,0,0
FamilyReunion-COL-L00020M0002C001P001G001,7,TRUE,NONE,1.2e-05,0.019538,0.015592,0.004155,11776,FALSE,0,104,66,104,66,2735,2104,462,315,21,63,0,0,1092,694,378,0,1,0,0,0,1960,0,0,0,0,0,126,0,0,0,0,0,0,0
FamilyReunion-COL-L00020M0002C001P001G001,8,NONE,NONE,1.1e-05,0.016677,0.007576,0.0,415108,FALSE,0,104,66,104,66,2735,2104,546,378,21,63,0,0,0,0,0,0,1,0,0,0,0,0,0,0,0,0,126,0,0,0,0,0,0,0
FamilyReunion-COL-L00020M0002C001P001G001,9,FALSE,NONE,1.1e-05,0.019122,0.020167,0.005287,11608,FALSE,0,104,66,104,66,2735,2104,22,0,0,0,0,0,1029,1303,903,0,1,0,0,0,1929,0,0,0,0,0,0,0,0,0,0,0,0,0
FamilyReunion-COL-L00020M0002C001P001G001,10,FALSE,NONE,1e-05,0.021398,0.011723,0.005361,11752,FALSE,0,104,66,104,66,2735,2104,947,567,0,315,0,0,1113,127,0,0,1,0,0,0,1654,0,0,0,0,21,0,0,0,0,0,0,0,0
FamilyReunion-COL-L00020M0002C001P001G001,11,TRUE,NONE,1e-05,0.019974,0.019065,0.004727,11492,FALSE,0,104,66,104,66,2735,2104,21,0,0,0,0,0,84,1302,903,0,1,0,0,0,715,0,0,0,0,0,0,0,0,0,0,0,0,0
FamilyReunion-COL-L00020M0002C001P001G001,12,TRUE,NONE,1e-05,0.019238,0.021709,0.004757,11520,FALSE,0,104,66,104,66,2735,2104,22,0,0,0,0,0,1113,1303,903,0,1,0,0,0,2035,0,0,0,0,0,0,0,0,0,0,0,0,0
FamilyReunion-COL-L00020M0002C001P001G001,13,FALSE,NONE,1.4e-05,0.028097,0.002521,0.0,11660,TRUE,0,104,66,104,66,2735,2104,0,0,0,0,0,0,0,0,0,0,1,0,0,0,0,0,0,0,0,0,0,0,0,0,0,0,0,0
FamilyReunion-COL-L00020M0002C001P001G001,14,FALSE,NONE,1.2e-05,0.017012,0.023414,0.006442,11508,FALSE,0,104,66,104,66,2735,2104,42,0,0,0,0,0,1092,1303,903,0,1,0,0,0,2653,0,0,0,0,0,0,0,0,0,0,0,0,0
FamilyReunion-COL-L00020M0002C001P001G001,15,FALSE,NONE,1.6e-05,0.023808,0.017783,0.00581,11756,FALSE,0,104,66,104,66,2735,2104,546,315,21,126,63,0,735,505,252,0,1,0,0,0,2440,0,0,0,0,0,189,0,0,0,0,0,0,0
FamilyReunion-COL-L00020M0002C001P001G001,16,TRUE,NONE,1.2e-05,0.024744,0.031088,0.00808,11560,FALSE,0,104,66,104,66,2735,2104,2,0,0,0,0,0,1157,1303,903,0,1,0,0,0,1460,0,0,0,0,0,0,0,0,0,0,0,0,0
FamilyReunion-COL-L00050M0005C002P002G001,1,FALSE,NONE,1e-05,0.07546,0.271373,0.111793,35368,FALSE,0,104,66,104,66,9920,7654,5871,3876,306,2295,357,0,459,153,51,0,1,1,0,0,1635,0,0,0,0,0,867,0,0,0,0,0,0,0
FamilyReunion-COL-L00050M0005C002P002G001,2,FALSE,NONE,1.1e-05,0.097051,0.179297,0.017263,35320,FALSE,0,104,66,104,66,9920,7654,5772,4029,204,2856,510,0,359,51,0,0,1,0,0,0,380,0,0,0,0,0,306,0,0,0,0,0,0,0
FamilyReunion-COL-L00050M0005C002P002G001,3,FALSE,NONE,1e-05,0.076602,0.16167,0.124913,34032,FALSE,0,104,66,104,66,9920,7654,5614,3978,204,1734,307,0,0,0,0,0,1,0,0,0,0,0,0,0,0,0,816,0,0,0,0,0,0,0
FamilyReunion-COL-L00050M0005C002P002G001,4,NONE,NONE,1.2e-05,0.095106,0.250128,0.0,96376,FALSE,0,104,66,104,66,9920,7654,5822,4030,204,2295,459,0,255,102,0,0,1,1,0,0,623,0,0,0,0,0,663,0,0,0,0,0,0,0
FamilyReunion-COL-L00050M0005C002P002G001,5,TRUE,NONE,1.2e-05,0.093214,0.441312,0.070997,29048,FALSE,0,104,66,104,66,9920,7654,6022,4182,51,1632,154,0,357,1021,663,0,1,1,0,0,1584,0,0,0,0,0,867,0,0,0,0,0,0,0
FamilyReunion-COL-L00050M0005C002P002G001,6,FALSE,NONE,1.1e-05,0.076473,0.270133,0.824723,35328,FALSE,0,104,66,104,66,9920,7654,5360,3621,510,2652,459,0,357,358,204,0,1,1,0,0,870,0,0,0,0,0,408,0,0,0,0,0,0,0
FamilyReunion-COL-L00050M0005C002P002G001,7,FALSE,NONE,1.5e-05,0.090467,0.194928,0.122916,35304,FALSE,0,104,66,104,66,9920,7654,4644,3009,357,1734,154,102,0,0,0,0,1,0,0,0,0,0,0,0,0,0,306,0,0,0,0,0,0,0
FamilyReunion-COL-L00050M0005C002P002G001,8,NONE,NONE,1.1e-05,0.069619,0.167228,0.0,115772,FALSE,0,104,66,104,66,9920,7654,5106,3468,510,2703,510,0,0,0,0,0,1,0,0,0,0,0,0,0,0,0,561,0,0,0,0,0,0,0
FamilyReunion-COL-L00050M0005C002P002G001,9,TRUE,NONE,1.3e-05,0.081432,0.560203,0.333339,29220,FALSE,0,104,66,104,66,9920,7654,5106,3315,510,2652,460,0,461,613,408,0,1,1,0,0,3513,0,0,0,0,0,510,0,0,0,0,0,0,0
FamilyReunion-COL-L00050M0005C002P002G001,10,FALSE,NONE,1.1e-05,0.127856,0.218441,0.010619,35292,FALSE,0,104,66,104,66,9920,7654,5208,3519,459,2958,561,0,357,153,51,0,1,1,0,0,717,0,0,0,0,51,357,0,0,0,0,0,0,0
FamilyReunion-COL-L00050M0005C002P002G001,11,NONE,NONE,1.1e-05,0.073366,0.240492,0.0,142560,FALSE,0,104,66,104,66,9920,7654,5673,3825,204,2295,510,0,462,51,0,0,1,0,0,0,1062,0,0,0,0,0,867,0,0,0,0,0,0,0
FamilyReunion-COL-L00050M0005C002P002G001,12,TRUE,NONE,1.1e-05,0.07012,0.202056,0.061452,34352,FALSE,0,104,66,104,66,9920,7654,5206,3570,459,2193,307,0,0,0,0,0,1,0,0,0,0,0,0,0,0,0,459,0,0,0,0,0,0,0
FamilyReunion-COL-L00050M0005C002P002G001,13,TRUE,NONE,1.1e-05,0.07377,0.204273,5.98757,35268,FALSE,0,104,66,104,66,9920,7654,5667,3825,357,2652,357,0,0,0,0,0,1,0,0,0,0,0,0,0,0,0,510,0,0,0,0,0,0,0
FamilyReunion-COL-L00050M0005C002P002G001,14,TRUE,NONE,1.3e-05,0.091694,0.131348,0.13917,35184,FALSE,0,104,66,104,66,9920,7654,4695,3009,357,1326,1,0,0,0,0,0,1,0,0,0,0,0,0,0,0,0,306,0,0,0,0,0,0,0
FamilyReunion-COL-L00050M0005C002P002G001,15,TRUE,NONE,1.3e-05,0.097838,0.160003,0.194259,29532,FALSE,0,104,66,104,66,9920,7654,4951,3315,510,2652,460,0,0,0,0,0,1,0,0,0,0,0,0,0,0,0,510,0,0,0,0,0,0,0
FamilyReunion-COL-L00050M0005C002P002G001,16,TRUE,NONE,1.1e-05,0.075993,0.448574,0.147284,35188,FALSE,0,104,66,104,66,9920,7654,4748,3060,510,2295,256,0,461,1021,663,0,2,1,0,0,465,0,0,0,0,0,561,0,0,0,0,0,0,0
FamilyReunion-COL-L00100M0010C005P005G002,1,FALSE,NONE,1.1e-05,0.279017,0.297786,0.050903,81692,FALSE,0,104,66,104,66,31235,24244,3435,0,0,0,0,0,19998,4646,3434,0,1,0,0,0,60012,0,0,0,0,0,0,0,0,0,0,0,0,0
FamilyReunion-COL-L00100M0010C005P005G002,2,FALSE,NONE,1.1e-05,0.277314,0.166505,0.040195,81716,FALSE,0,104,66,104,66,31235,24244,2930,101,0,0,0,0,19998,4646,3333,0,1,0,0,0,48193,0,0,0,0,0,0,0,0,0,0,0,0,0
FamilyReunion-COL-L00100M0010C005P005G002,3,FALSE,NONE,9e-06,0.253362,0.128468,0.074035,83460,FALSE,0,104,66,104,66,31235,24244,6265,3434,0,0,0,0,20808,0,0,0,1,0,0,0,29509,0,0,0,0,0,0,0,0,0,0,0,0,0
FamilyReunion-COL-L00100M0010C005P005G002,4,TRUE,NONE,1.1e-05,0.255206,0.177567,0.023703,83368,FALSE,0,104,66,104,66,31235,24244,3135,0,0,0,0,0,20606,4646,3434,0,1,0,0,0,57823,0,0,0,0,0,0,0,0,0,0,0,0,0
FamilyReunion-COL-L00100M0010C005P005G002,5,TRUE,NONE,1.5e-05,0.396368,0.143239,0.039029,81612,FALSE,0,104,66,104,66,31235,24244,3333,0,0,0,0,0,7777,4646,3434,0,1,0,0,0,42320,0,0,0,0,0,0,0,0,0,0,0,0,0
FamilyReunion-COL-L00100M0010C005P005G002,6,TRUE,NONE,1.3e-05,0.256855,0.222627,0.040509,83188,FALSE,0,104,66,104,66,31235,24244,101,0,0,0,0,0,20099,4646,3434,0,1,0,0,0,26773,0,0,0,0,0,0,0,0,0,0,0,0,0
FamilyReunion-COL-L00100M0010C005P005G002,7,TRUE,NONE,1.1e-05,0.401022,0.160222,0.035892,83004,FALSE,0,104,66,104,66,31235,24244,1212,0,0,0,0,0,19998,4646,3434,0,1,0,0,0,37782,0,0,0,0,0,0,0,0,0,0,0,0,0
FamilyReunion-COL-L00100M0010C005P005G002,8,TRUE,NONE,1e-05,0.281451,0.194176,0.04273,83244,FALSE,0,104,66,104,66,31235,24244,1515,0,0,0,0,0,20200,4646,3434,0,1,0,0,0,41115,0,0,0,0,0,0,0,0,0,0,0,0,0
FamilyReunion-COL-L00100M0010C005P005G002,9,TRUE,NONE,1.4e-05,0.329801,0.169406,0.039273,83064,FALSE,0,104,66,104,66,31235,24244,608,0,0,0,0,0,20402,4646,3434,0,1,0,0,0,32248,0,0,0,0,0,0,0,0,0,0,0,0,0
FamilyReunion-COL-L00100M0010C005P005G002,10,FALSE,NONE,1.1e-05,0.250606,0.207161,0.042127,81212,FALSE,0,104,66,104,66,31235,24244,405,0,0,0,0,0,19998,4646,3434,0,1,0,0,0,29712,0,0,0,0,0,0,0,0,0,0,0,0,0
FamilyReunion-COL-L00100M0010C005P005G002,11,FALSE,NONE,1.4e-05,0.305391,0.174629,0.040254,81228,FALSE,0,104,66,104,66,31235,24244,101,0,0,0,0,0,19998,4646,3434,0,1,0,0,0,26672,0,0,0,0,0,0,0,0,0,0,0,0,0
FamilyReunion-COL-L00100M0010C005P005G002,12,TRUE,NONE,1.1e-05,0.253054,0.191513,0.026352,81516,FALSE,0,104,66,104,66,31235,24244,1618,101,0,0,0,0,20200,4646,3333,0,1,0,0,0,38000,0,0,0,0,0,0,0,0,0,0,0,0,0
FamilyReunion-COL-L00100M0010C005P005G002,13,TRUE,NONE,1.1e-05,0.258788,0.168583,0.043172,81524,FALSE,0,104,66,104,66,31235,24244,2428,101,0,0,0,0,19999,4646,3333,0,1,0,0,0,44178,0,0,0,0,0,0,0,0,0,0,0,0,0
FamilyReunion-COL-L00100M0010C005P005G002,14,FALSE,NONE,1.1e-05,0.26585,0.183652,0.040229,81212,FALSE,0,104,66,104,66,31235,24244,405,0,0,0,0,0,19998,4646,3434,0,1,0,0,0,29712,0,0,0,0,0,0,0,0,0,0,0,0,0
FamilyReunion-COL-L00100M0010C005P005G002,15,FALSE,NONE,1e-05,0.305423,0.168102,0.039384,83120,FALSE,0,104,66,104,66,31235,24244,202,0,0,0,0,0,19998,4646,3434,0,1,0,0,0,27682,0,0,0,0,0,0,0,0,0,0,0,0,0
FamilyReunion-COL-L00100M0010C005P005G002,16,FALSE,NONE,1.1e-05,0.277718,0.17681,0.047466,81800,FALSE,0,104,66,104,66,31235,24244,5152,2222,101,0,0,0,20606,3434,1111,0,1,0,0,0,46072,0,0,0,0,0,0,0,0,0,0,0,0,0
FamilyReunion-COL-L00200M0020C010P010G005,1,NONE,NONE,1.6e-05,1.56418,10.0061,0.0,271248,FALSE,0,104,66,104,66,107358,83419,66937,46632,6633,37788,2411,0,0,0,0,0,1,0,0,0,0,0,0,0,0,0,0,0,0,0,0,0,0,0
FamilyReunion-COL-L00200M0020C010P010G005,2,NONE,NONE,1e-05,1.03631,10.007,0.0,272408,FALSE,0,104,66,104,66,107358,83419,67340,47034,6834,38391,3013,0,0,0,0,0,1,0,0,0,0,0,0,0,0,0,0,0,0,0,0,0,0,0
FamilyReunion-COL-L00200M0020C010P010G005,3,NONE,NONE,1e-05,1.12553,10.0076,0.0,272364,FALSE,0,104,66,104,66,107358,83419,67744,47436,6633,38190,3013,0,3218,402,0,0,1,0,0,0,3429,0,0,0,0,0,0,0,0,0,0,0,0,0
FamilyReunion-COL-L00200M0020C010P010G005,4,NONE,NONE,1.1e-05,1.03279,10.0003,0.0,271288,FALSE,0,104,66,104,66,107358,83419,102513,78993,0,0,0,0,2211,1608,1206,0,1,0,0,0,3822,0,0,0,0,0,0,0,0,0,0,0,0,0
FamilyReunion-COL-L00200M0020C010P010G005,5,NONE,NONE,1.1e-05,0.970743,8.1986,0.0,273968,FALSE,0,104,66,104,66,107358,83419,46833,33768,4422,4221,0,0,0,0,0,0,1,0,0,0,0,0,0,0,0,0,8442,0,0,0,0,0,0,0
FamilyReunion-COL-L00200M0020C010P010G005,6,NONE,NONE,1.1e-05,1.01647,10.0053,0.0,273584,FALSE,0,104,66,104,66,107358,83419,102915,79194,0,0,0,0,3216,1608,1005,0,1,0,0,0,7642,0,0,0,0,0,0,0,0,0,0,0,0,0
FamilyReunion-COL-L00200M0020C010P010G005,7,NONE,NONE,1e-05,1.02692,0.0,0.0,280000,FALSE,0,104,66,104,66,107358,83419,0,0,0,0,0,0,0,0,0,0,0,0,0,0,0,0,0,0,0,0,0,0,0,0,0,0,0,0
FamilyReunion-COL-L00200M0020C010P010G005,8,NONE,NONE,1.5e-05,1.14924,10.0196,0.0,276660,FALSE,0,104,66,104,66,107358,83419,101911,79194,0,0,0,0,2816,2010,1005,0,1,0,0,0,3231,0,0,0,0,0,0,0,0,0,0,0,0,0
FamilyReunion-COL-L00200M0020C010P010G005,9,NONE,NONE,1.1e-05,1.01821,0.0,0.0,275868,FALSE,0,104,66,104,66,107358,83419,0,0,0,0,0,0,0,0,0,0,0,0,0,0,0,0,0,0,0,0,0,0,0,0,0,0,0,0
FamilyReunion-COL-L00200M0020C010P010G005,10,NONE,NONE,1e-05,1.1369,10.0116,0.0,275360,FALSE,0,104,66,104,66,107358,83419,76987,56280,2412,33567,2813,0,1407,402,0,0,1,0,0,0,2012,0,0,0,0,0,0,0,0,0,0,0,0,0
FamilyReunion-COL-L00200M0020C010P010G005,11,NONE,NONE,1.3e-05,1.0086,10.0066,0.0,274176,FALSE,0,104,66,104,66,107358,83419,25728,21105,4422,16884,8442,0,0,0,0,0,1,0,0,0,0,0,0,0,0,0,8442,0,0,0,0,0,0,0
FamilyReunion-COL-L00200M0020C010P010G005,12,NONE,NONE,1.2e-05,1.14992,10.0149,0.0,273780,FALSE,0,104,66,104,66,107358,83419,75379,55476,6834,24723,2813,0,0,0,0,0,1,0,0,0,0,0,0,0,0,0,0,0,0,0,0,0,0,0
FamilyReunion-COL-L00200M0020C010P010G005,13,NONE,NONE,1.1e-05,1.02577,10.0146,0.0,274412,FALSE,0,104,66,104,66,107358,83419,82598,59278,0,20720,0,0,2816,603,201,0,1,0,0,0,3226,0,0,0,201,0,0,0,0,0,0,0,0,0
FamilyReunion-COL-L00200M0020C010P010G005,14,NONE,NONE,1.1e-05,0.980013,10.0017,0.0,270108,FALSE,0,104,66,104,66,107358,83419,103317,78993,0,0,0,0,3216,1608,1206,0,1,0,0,0,10456,0,0,0,0,0,0,0,0,0,0,0,0,0
FamilyReunion-COL-L00200M0020C010P010G005,15,NONE,NONE,1.1e-05,1.04485,10.0192,0.0,274112,FALSE,0,104,66,104,66,107358,83419,71560,51456,2412,35175,2612,0,0,0,0,0,1,0,0,0,0,0,0,0,0,0,0,0,0,0,0,0,0,0
FamilyReunion-COL-L00200M0020C010P010G005,16,NONE,NONE,1e-05,1.00341,10.0073,0.0,275608,FALSE,0,104,66,104,66,107358,83419,102714,78993,0,0,0,0,1206,1608,1206,0,1,0,0,0,4022,0,0,0,0,0,0,0,0,0,0,0,0,0
FamilyReunion-COL-L00400M0040C020P020G001,1,NONE,NONE,1.3e-05,5.84101,0.0,0.0,434592,FALSE,0,104,66,104,66,394610,306769,0,0,0,0,0,0,0,0,0,0,0,0,0,0,0,0,0,0,0,0,0,0,0,0,0,0,0,0
FamilyReunion-COL-L00400M0040C020P020G001,2,NONE,NONE,1.3e-05,4.43376,0.0,0.0,436904,FALSE,0,104,66,104,66,394610,306769,0,0,0,0,0,0,0,0,0,0,0,0,0,0,0,0,0,0,0,0,0,0,0,0,0,0,0,0
FamilyReunion-COL-L00400M0040C020P020G001,3,NONE,NONE,1.2e-05,6.09828,0.0,0.0,435196,FALSE,0,104,66,104,66,394610,306769,0,0,0,0,0,0,0,0,0,0,0,0,0,0,0,0,0,0,0,0,0,0,0,0,0,0,0,0
FamilyReunion-COL-L00400M0040C020P020G001,4,NONE,NONE,1e-05,5.0417,0.0,0.0,434864,FALSE,0,104,66,104,66,394610,306769,0,0,0,0,0,0,0,0,0,0,0,0,0,0,0,0,0,0,0,0,0,0,0,0,0,0,0,0
FamilyReunion-COL-L00400M0040C020P020G001,5,NONE,NONE,1e-05,4.88407,0.0,0.0,437360,FALSE,0,104,66,104,66,394610,306769,0,0,0,0,0,0,0,0,0,0,0,0,0,0,0,0,0,0,0,0,0,0,0,0,0,0,0,0
FamilyReunion-COL-L00400M0040C020P020G001,6,NONE,NONE,1.1e-05,5.66552,0.0,0.0,435004,FALSE,0,104,66,104,66,394610,306769,0,0,0,0,0,0,0,0,0,0,0,0,0,0,0,0,0,0,0,0,0,0,0,0,0,0,0,0
FamilyReunion-COL-L00400M0040C020P020G001,7,NONE,NONE,1.1e-05,5.56495,0.0,0.0,436172,FALSE,0,104,66,104,66,394610,306769,0,0,0,0,0,0,0,0,0,0,0,0,0,0,0,0,0,0,0,0,0,0,0,0,0,0,0,0
FamilyReunion-COL-L00400M0040C020P020G001,8,NONE,NONE,1e-05,4.82557,0.0,0.0,439428,FALSE,0,104,66,104,66,394610,306769,0,0,0,0,0,0,0,0,0,0,0,0,0,0,0,0,0,0,0,0,0,0,0,0,0,0,0,0
FamilyReunion-COL-L00400M0040C020P020G001,9,NONE,NONE,1.1e-05,5.16376,0.0,0.0,437788,FALSE,0,104,66,104,66,394610,306769,0,0,0,0,0,0,0,0,0,0,0,0,0,0,0,0,0,0,0,0,0,0,0,0,0,0,0,0
FamilyReunion-COL-L00400M0040C020P020G001,10,NONE,NONE,1.1e-05,5.1343,0.0,0.0,435472,FALSE,0,104,66,104,66,394610,306769,0,0,0,0,0,0,0,0,0,0,0,0,0,0,0,0,0,0,0,0,0,0,0,0,0,0,0,0
FamilyReunion-COL-L00400M0040C020P020G001,11,NONE,NONE,1e-05,4.91279,0.0,0.0,438104,FALSE,0,104,66,104,66,394610,306769,0,0,0,0,0,0,0,0,0,0,0,0,0,0,0,0,0,0,0,0,0,0,0,0,0,0,0,0
FamilyReunion-COL-L00400M0040C020P020G001,12,NONE,NONE,1.2e-05,5.7291,0.0,0.0,434088,FALSE,0,104,66,104,66,394610,306769,0,0,0,0,0,0,0,0,0,0,0,0,0,0,0,0,0,0,0,0,0,0,0,0,0,0,0,0
FamilyReunion-COL-L00400M0040C020P020G001,13,NONE,NONE,1.2e-05,5.14318,0.0,0.0,437164,FALSE,0,104,66,104,66,394610,306769,0,0,0,0,0,0,0,0,0,0,0,0,0,0,0,0,0,0,0,0,0,0,0,0,0,0,0,0
FamilyReunion-COL-L00400M0040C020P020G001,14,NONE,NONE,1e-05,4.55757,0.0,0.0,436692,FALSE,0,104,66,104,66,394610,306769,0,0,0,0,0,0,0,0,0,0,0,0,0,0,0,0,0,0,0,0,0,0,0,0,0,0,0,0
FamilyReunion-COL-L00400M0040C020P020G001,15,NONE,NONE,1.1e-05,4.89008,0.0,0.0,435276,FALSE,0,104,66,104,66,394610,306769,0,0,0,0,0,0,0,0,0,0,0,0,0,0,0,0,0,0,0,0,0,0,0,0,0,0,0,0
FamilyReunion-COL-L00400M0040C020P020G001,16,NONE,NONE,1.2e-05,4.92212,0.0,0.0,435976,FALSE,0,104,66,104,66,394610,306769,0,0,0,0,0,0,0,0,0,0,0,0,0,0,0,0,0,0,0,0,0,0,0,0,0,0,0,0
FamilyReunion-COL-L00800M0080C040P040G020,1,NONE,NONE,1.1e-05,35.7689,0.0,0.0,1650996,FALSE,0,104,66,104,66,1509112,1173469,0,0,0,0,0,0,0,0,0,0,0,0,0,0,0,0,0,0,0,0,0,0,0,0,0,0,0,0
FamilyReunion-COL-L00800M0080C040P040G020,2,NONE,NONE,9e-06,33.7398,0.0,0.0,1652672,FALSE,0,104,66,104,66,1509112,1173469,0,0,0,0,0,0,0,0,0,0,0,0,0,0,0,0,0,0,0,0,0,0,0,0,0,0,0,0
FamilyReunion-COL-L00800M0080C040P040G020,3,NONE,NONE,1.1e-05,45.2928,0.0,0.0,1653860,FALSE,0,104,66,104,66,1509112,1173469,0,0,0,0,0,0,0,0,0,0,0,0,0,0,0,0,0,0,0,0,0,0,0,0,0,0,0,0
FamilyReunion-COL-L00800M0080C040P040G020,4,NONE,NONE,1.2e-05,35.1904,0.0,0.0,1653996,FALSE,0,104,66,104,66,1509112,1173469,0,0,0,0,0,0,0,0,0,0,0,0,0,0,0,0,0,0,0,0,0,0,0,0,0,0,0,0
FamilyReunion-COL-L00800M0080C040P040G020,5,NONE,NONE,1e-05,31.3259,0.0,0.0,1650784,FALSE,0,104,66,104,66,1509112,1173469,0,0,0,0,0,0,0,0,0,0,0,0,0,0,0,0,0,0,0,0,0,0,0,0,0,0,0,0
FamilyReunion-COL-L00800M0080C040P040G020,6,NONE,NONE,1.2e-05,44.2102,0.0,0.0,1651736,FALSE,0,104,66,104,66,1509112,1173469,0,0,0,0,0,0,0,0,0,0,0,0,0,0,0,0,0,0,0,0,0,0,0,0,0,0,0,0
FamilyReunion-COL-L00800M0080C040P040G020,7,NONE,NONE,1e-05,37.8249,0.0,0.0,1651792,FALSE,0,104,66,104,66,1509112,1173469,0,0,0,0,0,0,0,0,0,0,0,0,0,0,0,0,0,0,0,0,0,0,0,0,0,0,0,0
FamilyReunion-COL-L00800M0080C040P040G020,8,NONE,NONE,1e-05,38.3342,0.0,0.0,1654352,FALSE,0,104,66,104,66,1509112,1173469,0,0,0,0,0,0,0,0,0,0,0,0,0,0,0,0,0,0,0,0,0,0,0,0,0,0,0,0
FamilyReunion-COL-L00800M0080C040P040G020,9,NONE,NONE,1.1e-05,36.7708,0.0,0.0,1653728,FALSE,0,104,66,104,66,1509112,1173469,0,0,0,0,0,0,0,0,0,0,0,0,0,0,0,0,0,0,0,0,0,0,0,0,0,0,0,0
FamilyReunion-COL-L00800M0080C040P040G020,10,NONE,NONE,1e-05,35.8062,0.0,0.0,1653080,FALSE,0,104,66,104,66,1509112,1173469,0,0,0,0,0,0,0,0,0,0,0,0,0,0,0,0,0,0,0,0,0,0,0,0,0,0,0,0
FamilyReunion-COL-L00800M0080C040P040G020,11,NONE,NONE,1.6e-05,37.5639,0.0,0.0,1649756,FALSE,0,104,66,104,66,1509112,1173469,0,0,0,0,0,0,0,0,0,0,0,0,0,0,0,0,0,0,0,0,0,0,0,0,0,0,0,0
FamilyReunion-COL-L00800M0080C040P040G020,12,NONE,NONE,1e-05,39.287,0.0,0.0,1649336,FALSE,0,104,66,104,66,1509112,1173469,0,0,0,0,0,0,0,0,0,0,0,0,0,0,0,0,0,0,0,0,0,0,0,0,0,0,0,0
FamilyReunion-COL-L00800M0080C040P040G020,13,NONE,NONE,9e-06,29.3967,0.0,0.0,1650132,FALSE,0,104,66,104,66,1509112,1173469,0,0,0,0,0,0,0,0,0,0,0,0,0,0,0,0,0,0,0,0,0,0,0,0,0,0,0,0
FamilyReunion-COL-L00800M0080C040P040G020,14,NONE,NONE,1.1e-05,30.7759,0.0,0.0,1653368,FALSE,0,104,66,104,66,1509112,1173469,0,0,0,0,0,0,0,0,0,0,0,0,0,0,0,0,0,0,0,0,0,0,0,0,0,0,0,0
FamilyReunion-COL-L00800M0080C040P040G020,15,NONE,NONE,1e-05,30.5188,0.0,0.0,1652752,FALSE,0,104,66,104,66,1509112,1173469,0,0,0,0,0,0,0,0,0,0,0,0,0,0,0,0,0,0,0,0,0,0,0,0,0,0,0,0
FamilyReunion-COL-L00800M0080C040P040G020,16,NONE,NONE,1e-05,33.1066,0.0,0.0,1653148,FALSE,0,104,66,104,66,1509112,1173469,0,0,0,0,0,0,0,0,0,0,0,0,0,0,0,0,0,0,0,0,0,0,0,0,0,0,0,0
FamilyReunion-COL-L01200M0120C060P060G030,1,NONE,NONE,1.1e-05,0.0,0.0,0.0,2106288,FALSE,0,104,66,104,66,0,0,0,0,0,0,0,0,0,0,0,0,0,0,0,0,0,0,0,0,0,0,0,0,0,0,0,0,0,0
FamilyReunion-COL-L01200M0120C060P060G030,2,NONE,NONE,1.1e-05,0.0,0.0,0.0,2107076,FALSE,0,104,66,104,66,0,0,0,0,0,0,0,0,0,0,0,0,0,0,0,0,0,0,0,0,0,0,0,0,0,0,0,0,0,0
FamilyReunion-COL-L01200M0120C060P060G030,3,NONE,NONE,1.3e-05,0.0,0.0,0.0,2106852,FALSE,0,104,66,104,66,0,0,0,0,0,0,0,0,0,0,0,0,0,0,0,0,0,0,0,0,0,0,0,0,0,0,0,0,0,0
FamilyReunion-COL-L01200M0120C060P060G030,4,NONE,NONE,1.2e-05,0.0,0.0,0.0,2100824,FALSE,0,104,66,104,66,0,0,0,0,0,0,0,0,0,0,0,0,0,0,0,0,0,0,0,0,0,0,0,0,0,0,0,0,0,0
FamilyReunion-COL-L01200M0120C060P060G030,5,NONE,NONE,1.1e-05,0.0,0.0,0.0,2106032,FALSE,0,104,66,104,66,0,0,0,0,0,0,0,0,0,0,0,0,0,0,0,0,0,0,0,0,0,0,0,0,0,0,0,0,0,0
FamilyReunion-COL-L01200M0120C060P060G030,6,NONE,NONE,1.1e-05,0.0,0.0,0.0,2103860,FALSE,0,104,66,104,66,0,0,0,0,0,0,0,0,0,0,0,0,0,0,0,0,0,0,0,0,0,0,0,0,0,0,0,0,0,0
FamilyReunion-COL-L01200M0120C060P060G030,7,NONE,NONE,1.3e-05,0.0,0.0,0.0,2101128,FALSE,0,104,66,104,66,0,0,0,0,0,0,0,0,0,0,0,0,0,0,0,0,0,0,0,0,0,0,0,0,0,0,0,0,0,0
FamilyReunion-COL-L01200M0120C060P060G030,8,NONE,NONE,1.1e-05,0.0,0.0,0.0,2105708,FALSE,0,104,66,104,66,0,0,0,0,0,0,0,0,0,0,0,0,0,0,0,0,0,0,0,0,0,0,0,0,0,0,0,0,0,0
FamilyReunion-COL-L01200M0120C060P060G030,9,NONE,NONE,9e-06,0.0,0.0,0.0,2109308,FALSE,0,104,66,104,66,0,0,0,0,0,0,0,0,0,0,0,0,0,0,0,0,0,0,0,0,0,0,0,0,0,0,0,0,0,0
FamilyReunion-COL-L01200M0120C060P060G030,10,NONE,NONE,1.1e-05,0.0,0.0,0.0,2111864,FALSE,0,104,66,104,66,0,0,0,0,0,0,0,0,0,0,0,0,0,0,0,0,0,0,0,0,0,0,0,0,0,0,0,0,0,0
FamilyReunion-COL-L01200M0120C060P060G030,11,NONE,NONE,9e-06,0.0,0.0,0.0,2110040,FALSE,0,104,66,104,66,0,0,0,0,0,0,0,0,0,0,0,0,0,0,0,0,0,0,0,0,0,0,0,0,0,0,0,0,0,0
FamilyReunion-COL-L01200M0120C060P060G030,12,NONE,NONE,9e-06,0.0,0.0,0.0,2104444,FALSE,0,104,66,104,66,0,0,0,0,0,0,0,0,0,0,0,0,0,0,0,0,0,0,0,0,0,0,0,0,0,0,0,0,0,0
FamilyReunion-COL-L01200M0120C060P060G030,13,NONE,NONE,1.1e-05,0.0,0.0,0.0,2103076,FALSE,0,104,66,104,66,0,0,0,0,0,0,0,0,0,0,0,0,0,0,0,0,0,0,0,0,0,0,0,0,0,0,0,0,0,0
FamilyReunion-COL-L01200M0120C060P060G030,14,NONE,NONE,1.1e-05,0.0,0.0,0.0,2103000,FALSE,0,104,66,104,66,0,0,0,0,0,0,0,0,0,0,0,0,0,0,0,0,0,0,0,0,0,0,0,0,0,0,0,0,0,0
FamilyReunion-COL-L01200M0120C060P060G030,15,NONE,NONE,1.1e-05,0.0,0.0,0.0,2104276,FALSE,0,104,66,104,66,0,0,0,0,0,0,0,0,0,0,0,0,0,0,0,0,0,0,0,0,0,0,0,0,0,0,0,0,0,0
FamilyReunion-COL-L01200M0120C060P060G030,16,NONE,NONE,9e-06,0.0,0.0,0.0,2108296,FALSE,0,104,66,104,66,0,0,0,0,0,0,0,0,0,0,0,0,0,0,0,0,0,0,0,0,0,0,0,0,0,0,0,0,0,0
FamilyReunion-COL-L03000M0300G150P150G075,1,NONE,NONE,1.1e-05,0.0,0.0,0.0,2348308,FALSE,0,104,66,104,66,0,0,0,0,0,0,0,0,0,0,0,0,0,0,0,0,0,0,0,0,0,0,0,0,0,0,0,0,0,0
FamilyReunion-COL-L03000M0300G150P150G075,2,NONE,NONE,9e-06,0.0,0.0,0.0,2351160,FALSE,0,104,66,104,66,0,0,0,0,0,0,0,0,0,0,0,0,0,0,0,0,0,0,0,0,0,0,0,0,0,0,0,0,0,0
FamilyReunion-COL-L03000M0300G150P150G075,3,NONE,NONE,1.4e-05,0.0,0.0,0.0,2347716,FALSE,0,104,66,104,66,0,0,0,0,0,0,0,0,0,0,0,0,0,0,0,0,0,0,0,0,0,0,0,0,0,0,0,0,0,0
FamilyReunion-COL-L03000M0300G150P150G075,4,NONE,NONE,1e-05,0.0,0.0,0.0,2349980,FALSE,0,104,66,104,66,0,0,0,0,0,0,0,0,0,0,0,0,0,0,0,0,0,0,0,0,0,0,0,0,0,0,0,0,0,0
FamilyReunion-COL-L03000M0300G150P150G075,5,NONE,NONE,1e-05,0.0,0.0,0.0,2352584,FALSE,0,104,66,104,66,0,0,0,0,0,0,0,0,0,0,0,0,0,0,0,0,0,0,0,0,0,0,0,0,0,0,0,0,0,0
FamilyReunion-COL-L03000M0300G150P150G075,6,NONE,NONE,1.1e-05,0.0,0.0,0.0,2348520,FALSE,0,104,66,104,66,0,0,0,0,0,0,0,0,0,0,0,0,0,0,0,0,0,0,0,0,0,0,0,0,0,0,0,0,0,0
FamilyReunion-COL-L03000M0300G150P150G075,7,NONE,NONE,1.2e-05,0.0,0.0,0.0,2348416,FALSE,0,104,66,104,66,0,0,0,0,0,0,0,0,0,0,0,0,0,0,0,0,0,0,0,0,0,0,0,0,0,0,0,0,0,0
FamilyReunion-COL-L03000M0300G150P150G075,8,NONE,NONE,1.1e-05,0.0,0.0,0.0,2352012,FALSE,0,104,66,104,66,0,0,0,0,0,0,0,0,0,0,0,0,0,0,0,0,0,0,0,0,0,0,0,0,0,0,0,0,0,0
FamilyReunion-COL-L03000M0300G150P150G075,9,NONE,NONE,1e-05,0.0,0.0,0.0,2349800,FALSE,0,104,66,104,66,0,0,0,0,0,0,0,0,0,0,0,0,0,0,0,0,0,0,0,0,0,0,0,0,0,0,0,0,0,0
FamilyReunion-COL-L03000M0300G150P150G075,10,NONE,NONE,1.1e-05,0.0,0.0,0.0,2352672,FALSE,0,104,66,104,66,0,0,0,0,0,0,0,0,0,0,0,0,0,0,0,0,0,0,0,0,0,0,0,0,0,0,0,0,0,0
FamilyReunion-COL-L03000M0300G150P150G075,11,NONE,NONE,1.1e-05,0.0,0.0,0.0,2349744,FALSE,0,104,66,104,66,0,0,0,0,0,0,0,0,0,0,0,0,0,0,0,0,0,0,0,0,0,0,0,0,0,0,0,0,0,0
FamilyReunion-COL-L03000M0300G150P150G075,12,NONE,NONE,1.1e-05,0.0,0.0,0.0,2349528,FALSE,0,104,66,104,66,0,0,0,0,0,0,0,0,0,0,0,0,0,0,0,0,0,0,0,0,0,0,0,0,0,0,0,0,0,0
FamilyReunion-COL-L03000M0300G150P150G075,13,NONE,NONE,1e-05,0.0,0.0,0.0,2351136,FALSE,0,104,66,104,66,0,0,0,0,0,0,0,0,0,0,0,0,0,0,0,0,0,0,0,0,0,0,0,0,0,0,0,0,0,0
FamilyReunion-COL-L03000M0300G150P150G075,14,NONE,NONE,1.1e-05,0.0,0.0,0.0,2348264,FALSE,0,104,66,104,66,0,0,0,0,0,0,0,0,0,0,0,0,0,0,0,0,0,0,0,0,0,0,0,0,0,0,0,0,0,0
FamilyReunion-COL-L03000M0300G150P150G075,15,NONE,NONE,1.3e-05,0.0,0.0,0.0,2348992,FALSE,0,104,66,104,66,0,0,0,0,0,0,0,0,0,0,0,0,0,0,0,0,0,0,0,0,0,0,0,0,0,0,0,0,0,0
FamilyReunion-COL-L03000M0300G150P150G075,16,NONE,NONE,1e-05,0.0,0.0,0.0,2350312,FALSE,0,104,66,104,66,0,0,0,0,0,0,0,0,0,0,0,0,0,0,0,0,0,0,0,0,0,0,0,0,0,0,0,0,0,0
FamilyReunion-COL-L05000M0500C250P250G125,1,NONE,NONE,9e-06,0.0,0.0,0.0,5955576,FALSE,0,104,66,104,66,0,0,0,0,0,0,0,0,0,0,0,0,0,0,0,0,0,0,0,0,0,0,0,0,0,0,0,0,0,0
FamilyReunion-COL-L05000M0500C250P250G125,2,NONE,NONE,1.1e-05,0.0,0.0,0.0,5413528,FALSE,0,104,66,104,66,0,0,0,0,0,0,0,0,0,0,0,0,0,0,0,0,0,0,0,0,0,0,0,0,0,0,0,0,0,0
FamilyReunion-COL-L05000M0500C250P250G125,3,NONE,NONE,1e-05,0.0,0.0,0.0,5735308,FALSE,0,104,66,104,66,0,0,0,0,0,0,0,0,0,0,0,0,0,0,0,0,0,0,0,0,0,0,0,0,0,0,0,0,0,0
FamilyReunion-COL-L05000M0500C250P250G125,4,NONE,NONE,9e-06,0.0,0.0,0.0,5941808,FALSE,0,104,66,104,66,0,0,0,0,0,0,0,0,0,0,0,0,0,0,0,0,0,0,0,0,0,0,0,0,0,0,0,0,0,0
FamilyReunion-COL-L05000M0500C250P250G125,5,NONE,NONE,1.2e-05,0.0,0.0,0.0,5778264,FALSE,0,104,66,104,66,0,0,0,0,0,0,0,0,0,0,0,0,0,0,0,0,0,0,0,0,0,0,0,0,0,0,0,0,0,0
FamilyReunion-COL-L05000M0500C250P250G125,6,NONE,NONE,1.1e-05,0.0,0.0,0.0,5737088,FALSE,0,104,66,104,66,0,0,0,0,0,0,0,0,0,0,0,0,0,0,0,0,0,0,0,0,0,0,0,0,0,0,0,0,0,0
FamilyReunion-COL-L05000M0500C250P250G125,7,NONE,NONE,1.1e-05,0.0,0.0,0.0,5738048,FALSE,0,104,66,104,66,0,0,0,0,0,0,0,0,0,0,0,0,0,0,0,0,0,0,0,0,0,0,0,0,0,0,0,0,0,0
FamilyReunion-COL-L05000M0500C250P250G125,8,NONE,NONE,1.1e-05,0.0,0.0,0.0,5445344,FALSE,0,104,66,104,66,0,0,0,0,0,0,0,0,0,0,0,0,0,0,0,0,0,0,0,0,0,0,0,0,0,0,0,0,0,0
FamilyReunion-COL-L05000M0500C250P250G125,9,NONE,NONE,1.1e-05,0.0,0.0,0.0,5481200,FALSE,0,104,66,104,66,0,0,0,0,0,0,0,0,0,0,0,0,0,0,0,0,0,0,0,0,0,0,0,0,0,0,0,0,0,0
FamilyReunion-COL-L05000M0500C250P250G125,10,NONE,NONE,1.1e-05,0.0,0.0,0.0,5729516,FALSE,0,104,66,104,66,0,0,0,0,0,0,0,0,0,0,0,0,0,0,0,0,0,0,0,0,0,0,0,0,0,0,0,0,0,0
FamilyReunion-COL-L05000M0500C250P250G125,11,NONE,NONE,1.1e-05,0.0,0.0,0.0,5738852,FALSE,0,104,66,104,66,0,0,0,0,0,0,0,0,0,0,0,0,0,0,0,0,0,0,0,0,0,0,0,0,0,0,0,0,0,0
FamilyReunion-COL-L05000M0500C250P250G125,12,NONE,NONE,1.1e-05,0.0,0.0,0.0,5738236,FALSE,0,104,66,104,66,0,0,0,0,0,0,0,0,0,0,0,0,0,0,0,0,0,0,0,0,0,0,0,0,0,0,0,0,0,0
FamilyReunion-COL-L05000M0500C250P250G125,13,NONE,NONE,1e-05,0.0,0.0,0.0,5737768,FALSE,0,104,66,104,66,0,0,0,0,0,0,0,0,0,0,0,0,0,0,0,0,0,0,0,0,0,0,0,0,0,0,0,0,0,0
FamilyReunion-COL-L05000M0500C250P250G125,14,NONE,NONE,1.1e-05,0.0,0.0,0.0,5739232,FALSE,0,104,66,104,66,0,0,0,0,0,0,0,0,0,0,0,0,0,0,0,0,0,0,0,0,0,0,0,0,0,0,0,0,0,0
FamilyReunion-COL-L05000M0500C250P250G125,15,NONE,NONE,1e-05,0.0,0.0,0.0,5299808,FALSE,0,104,66,104,66,0,0,0,0,0,0,0,0,0,0,0,0,0,0,0,0,0,0,0,0,0,0,0,0,0,0,0,0,0,0
FamilyReunion-COL-L05000M0500C250P250G125,16,NONE,NONE,1.1e-05,0.0,0.0,0.0,5362488,FALSE,0,104,66,104,66,0,0,0,0,0,0,0,0,0,0,0,0,0,0,0,0,0,0,0,0,0,0,0,0,0,0,0,0,0,0
FamilyReunion-COL-L08000M0800C400P400G200,1,NONE,NONE,1.1e-05,0.0,0.0,0.0,7103676,FALSE,0,104,66,104,66,0,0,0,0,0,0,0,0,0,0,0,0,0,0,0,0,0,0,0,0,0,0,0,0,0,0,0,0,0,0
FamilyReunion-COL-L08000M0800C400P400G200,2,NONE,NONE,1.1e-05,0.0,0.0,0.0,7169696,FALSE,0,104,66,104,66,0,0,0,0,0,0,0,0,0,0,0,0,0,0,0,0,0,0,0,0,0,0,0,0,0,0,0,0,0,0
FamilyReunion-COL-L08000M0800C400P400G200,3,NONE,NONE,1.1e-05,0.0,0.0,0.0,7372584,FALSE,0,104,66,104,66,0,0,0,0,0,0,0,0,0,0,0,0,0,0,0,0,0,0,0,0,0,0,0,0,0,0,0,0,0,0
FamilyReunion-COL-L08000M0800C400P400G200,4,NONE,NONE,1e-05,0.0,0.0,0.0,7371564,FALSE,0,104,66,104,66,0,0,0,0,0,0,0,0,0,0,0,0,0,0,0,0,0,0,0,0,0,0,0,0,0,0,0,0,0,0
FamilyReunion-COL-L08000M0800C400P400G200,5,NONE,NONE,1e-05,0.0,0.0,0.0,7099844,FALSE,0,104,66,104,66,0,0,0,0,0,0,0,0,0,0,0,0,0,0,0,0,0,0,0,0,0,0,0,0,0,0,0,0,0,0
FamilyReunion-COL-L08000M0800C400P400G200,6,NONE,NONE,1e-05,0.0,0.0,0.0,7226168,FALSE,0,104,66,104,66,0,0,0,0,0,0,0,0,0,0,0,0,0,0,0,0,0,0,0,0,0,0,0,0,0,0,0,0,0,0
FamilyReunion-COL-L08000M0800C400P400G200,7,NONE,NONE,9e-06,0.0,0.0,0.0,7021004,FALSE,0,104,66,104,66,0,0,0,0,0,0,0,0,0,0,0,0,0,0,0,0,0,0,0,0,0,0,0,0,0,0,0,0,0,0
FamilyReunion-COL-L08000M0800C400P400G200,8,NONE,NONE,1.2e-05,0.0,0.0,0.0,7051432,FALSE,0,104,66,104,66,0,0,0,0,0,0,0,0,0,0,0,0,0,0,0,0,0,0,0,0,0,0,0,0,0,0,0,0,0,0
FamilyReunion-COL-L08000M0800C400P400G200,9,NONE,NONE,1e-05,0.0,0.0,0.0,7071472,FALSE,0,104,66,104,66,0,0,0,0,0,0,0,0,0,0,0,0,0,0,0,0,0,0,0,0,0,0,0,0,0,0,0,0,0,0
FamilyReunion-COL-L08000M0800C400P400G200,10,NONE,NONE,1.2e-05,0.0,0.0,0.0,7179744,FALSE,0,104,66,104,66,0,0,0,0,0,0,0,0,0,0,0,0,0,0,0,0,0,0,0,0,0,0,0,0,0,0,0,0,0,0
FamilyReunion-COL-L08000M0800C400P400G200,11,NONE,NONE,1.1e-05,0.0,0.0,0.0,7052164,FALSE,0,104,66,104,66,0,0,0,0,0,0,0,0,0,0,0,0,0,0,0,0,0,0,0,0,0,0,0,0,0,0,0,0,0,0
FamilyReunion-COL-L08000M0800C400P400G200,12,NONE,NONE,1.1e-05,0.0,0.0,0.0,7082608,FALSE,0,104,66,104,66,0,0,0,0,0,0,0,0,0,0,0,0,0,0,0,0,0,0,0,0,0,0,0,0,0,0,0,0,0,0
FamilyReunion-COL-L08000M0800C400P400G200,13,NONE,NONE,1.1e-05,0.0,0.0,0.0,7370536,FALSE,0,104,66,104,66,0,0,0,0,0,0,0,0,0,0,0,0,0,0,0,0,0,0,0,0,0,0,0,0,0,0,0,0,0,0
FamilyReunion-COL-L08000M0800C400P400G200,14,NONE,NONE,1.1e-05,0.0,0.0,0.0,6895464,FALSE,0,104,66,104,66,0,0,0,0,0,0,0,0,0,0,0,0,0,0,0,0,0,0,0,0,0,0,0,0,0,0,0,0,0,0
FamilyReunion-COL-L08000M0800C400P400G200,15,NONE,NONE,1e-05,0.0,0.0,0.0,7227968,FALSE,0,104,66,104,66,0,0,0,0,0,0,0,0,0,0,0,0,0,0,0,0,0,0,0,0,0,0,0,0,0,0,0,0,0,0
FamilyReunion-COL-L08000M0800C400P400G200,16,NONE,NONE,1.1e-05,0.0,0.0,0.0,7009224,FALSE,0,104,66,104,66,0,0,0,0,0,0,0,0,0,0,0,0,0,0,0,0,0,0,0,0,0,0,0,0,0,0,0,0,0,0
FamilyReunion-COL-L12000M1200C600P600G300,1,NONE,NONE,1.1e-05,0.0,0.0,0.0,9619892,FALSE,0,104,66,104,66,0,0,0,0,0,0,0,0,0,0,0,0,0,0,0,0,0,0,0,0,0,0,0,0,0,0,0,0,0,0
FamilyReunion-COL-L12000M1200C600P600G300,2,NONE,NONE,1.1e-05,0.0,0.0,0.0,10321304,FALSE,0,104,66,104,66,0,0,0,0,0,0,0,0,0,0,0,0,0,0,0,0,0,0,0,0,0,0,0,0,0,0,0,0,0,0
FamilyReunion-COL-L12000M1200C600P600G300,3,NONE,NONE,1.2e-05,0.0,0.0,0.0,10185716,FALSE,0,104,66,104,66,0,0,0,0,0,0,0,0,0,0,0,0,0,0,0,0,0,0,0,0,0,0,0,0,0,0,0,0,0,0
FamilyReunion-COL-L12000M1200C600P600G300,4,NONE,NONE,1e-05,0.0,0.0,0.0,9924972,FALSE,0,104,66,104,66,0,0,0,0,0,0,0,0,0,0,0,0,0,0,0,0,0,0,0,0,0,0,0,0,0,0,0,0,0,0
FamilyReunion-COL-L12000M1200C600P600G300,5,NONE,NONE,1.3e-05,0.0,0.0,0.0,9341100,FALSE,0,104,66,104,66,0,0,0,0,0,0,0,0,0,0,0,0,0,0,0,0,0,0,0,0,0,0,0,0,0,0,0,0,0,0
FamilyReunion-COL-L12000M1200C600P600G300,6,NONE,NONE,1e-05,0.0,0.0,0.0,8752104,FALSE,0,104,66,104,66,0,0,0,0,0,0,0,0,0,0,0,0,0,0,0,0,0,0,0,0,0,0,0,0,0,0,0,0,0,0
FamilyReunion-COL-L12000M1200C600P600G300,7,NONE,NONE,1.2e-05,0.0,0.0,0.0,9308344,FALSE,0,104,66,104,66,0,0,0,0,0,0,0,0,0,0,0,0,0,0,0,0,0,0,0,0,0,0,0,0,0,0,0,0,0,0
FamilyReunion-COL-L12000M1200C600P600G300,8,NONE,NONE,1.1e-05,0.0,0.0,0.0,9972896,FALSE,0,104,66,104,66,0,0,0,0,0,0,0,0,0,0,0,0,0,0,0,0,0,0,0,0,0,0,0,0,0,0,0,0,0,0
FamilyReunion-COL-L12000M1200C600P600G300,9,NONE,NONE,1.1e-05,0.0,0.0,0.0,9036252,FALSE,0,104,66,104,66,0,0,0,0,0,0,0,0,0,0,0,0,0,0,0,0,0,0,0,0,0,0,0,0,0,0,0,0,0,0
FamilyReunion-COL-L12000M1200C600P600G300,10,NONE,NONE,1.4e-05,0.0,0.0,0.0,9308340,FALSE,0,104,66,104,66,0,0,0,0,0,0,0,0,0,0,0,0,0,0,0,0,0,0,0,0,0,0,0,0,0,0,0,0,0,0
FamilyReunion-COL-L12000M1200C600P600G300,11,NONE,NONE,1e-05,0.0,0.0,0.0,9577812,FALSE,0,104,66,104,66,0,0,0,0,0,0,0,0,0,0,0,0,0,0,0,0,0,0,0,0,0,0,0,0,0,0,0,0,0,0
FamilyReunion-COL-L12000M1200C600P600G300,12,NONE,NONE,1.1e-05,0.0,0.0,0.0,9505504,FALSE,0,104,66,104,66,0,0,0,0,0,0,0,0,0,0,0,0,0,0,0,0,0,0,0,0,0,0,0,0,0,0,0,0,0,0
FamilyReunion-COL-L12000M1200C600P600G300,13,NONE,NONE,1.2e-05,0.0,0.0,0.0,8935088,FALSE,0,104,66,104,66,0,0,0,0,0,0,0,0,0,0,0,0,0,0,0,0,0,0,0,0,0,0,0,0,0,0,0,0,0,0
FamilyReunion-COL-L12000M1200C600P600G300,14,NONE,NONE,9e-06,0.0,0.0,0.0,10206496,FALSE,0,104,66,104,66,0,0,0,0,0,0,0,0,0,0,0,0,0,0,0,0,0,0,0,0,0,0,0,0,0,0,0,0,0,0
FamilyReunion-COL-L12000M1200C600P600G300,15,NONE,NONE,1.1e-05,0.0,0.0,0.0,9589756,FALSE,0,104,66,104,66,0,0,0,0,0,0,0,0,0,0,0,0,0,0,0,0,0,0,0,0,0,0,0,0,0,0,0,0,0,0
FamilyReunion-COL-L12000M1200C600P600G300,16,NONE,NONE,1.1e-05,0.0,0.0,0.0,9308344,FALSE,0,104,66,104,66,0,0,0,0,0,0,0,0,0,0,0,0,0,0,0,0,0,0,0,0,0,0,0,0,0,0,0,0,0,0
GlobalResAllocation-COL-03,1,TRUE,NONE,5.9e-05,0.000552,0.000209,0.005036,6844,FALSE,0,5,7,5,7,14,21,14,21,0,0,0,0,0,0,0,0,0,0,0,0,0,0,0,0,0,0,0,0,0,0,0,0,0,0
GlobalResAllocation-COL-03,2,FALSE,NONE,6.3e-05,0.000394,0.000176,0.003869,10016,FALSE,0,5,7,5,7,14,21,14,21,0,0,0,0,0,0,0,0,0,0,0,0,0,0,0,0,0,0,0,0,0,0,0,0,0,0
GlobalResAllocation-COL-03,3,FALSE,NONE,5.7e-05,0.000426,0.000214,0.002532,9832,FALSE,0,5,7,5,7,14,21,14,21,0,0,0,0,0,0,0,0,0,0,0,0,0,0,0,0,0,0,0,0,0,0,0,0,0,0
GlobalResAllocation-COL-03,4,TRUE,NONE,3.1e-05,0.000431,5.5e-05,0.0,9944,TRUE,0,5,7,5,7,14,21,0,0,0,0,0,0,0,0,0,0,1,0,0,0,0,0,0,0,0,0,0,0,0,0,0,0,0,0
GlobalResAllocation-COL-03,5,TRUE,NONE,3.3e-05,0.000397,0.000184,0.003671,9780,FALSE,0,5,7,5,7,14,21,14,21,0,0,0,0,0,0,0,0,0,0,0,0,0,0,0,0,0,0,0,0,0,0,0,0,0,0
GlobalResAllocation-COL-03,6,FALSE,NONE,4e-06,0.000403,7.6e-05,0.0,9960,TRUE,0,5,7,5,7,14,21,0,0,0,0,0,0,0,0,0,0,1,0,0,0,0,0,0,0,0,0,0,0,0,0,0,0,0,0
GlobalResAllocation-COL-03,7,FALSE,NONE,5e-05,0.000373,0.000207,0.002349,10276,FALSE,0,5,7,5,7,14,21,14,21,0,0,0,0,0,0,0,0,0,0,0,0,0,0,0,0,0,0,0,0,0,0,0,0,0,0
GlobalResAllocation-COL-03,8,TRUE,NONE,4.8e-05,0.000422,8e-05,0.0,9952,TRUE,0,5,7,5,7,14,21,0,0,0,0,0,0,0,0,0,0,1,0,0,0,0,0,0,0,0,0,0,0,0,0,0,0,0,0
GlobalResAllocation-COL-03,9,TRUE,NONE,1.6e-05,0.000354,5.2e-05,0.0,9940,TRUE,0,5,7,5,7,14,21,0,0,0,0,0,0,0,0,0,0,1,0,0,0,0,0,0,0,0,0,0,0,0,0,0,0,0,0
GlobalResAllocation-COL-03,10,TRUE,NONE,5.2e-05,0.00046,0.000182,0.001992,10080,FALSE,0,5,7,5,7,14,21,11,21,0,0,3,0,0,0,0,0,0,0,0,0,0,0,0,0,0,0,0,0,0,0,0,0,0,0
GlobalResAllocation-COL-03,11,FALSE,NONE,5.6e-05,0.0004,0.000217,0.00252,6672,FALSE,0,5,7,5,7,14,21,14,21,0,0,0,0,0,0,0,0,0,0,0,0,0,0,0,0,0,0,0,0,0,0,0,0,0,0
GlobalResAllocation-COL-03,12,FALSE,NONE,3.4e-05,0.000352,5.4e-05,0.0,9936,TRUE,0,5,7,5,7,14,21,0,0,0,0,0,0,0,0,0,0,1,0,0,0,0,0,0,0,0,0,0,0,0,0,0,0,0,0
GlobalResAllocation-COL-03,13,TRUE,NONE,4.9e-05,0.000414,7.8e-05,0.0,10220,TRUE,0,5,7,5,7,14,21,0,0,0,0,0,0,0,0,0,0,1,0,0,0,0,0,0,0,0,0,0,0,0,0,0,0,0,0
GlobalResAllocation-COL-03,14,TRUE,NONE,4e-05,0.000375,0.000233,0.004046,10052,FALSE,0,5,7,5,7,14,21,14,21,0,0,0,0,0,0,0,0,0,0,0,0,0,0,0,0,0,0,0,0,0,0,0,0,0,0
GlobalResAllocation-COL-03,15,FALSE,NONE,4.1e-05,0.000382,9.4e-05,0.0,4800,TRUE,0,5,7,5,7,14,21,0,0,0,0,0,0,0,0,0,0,1,0,0,0,0,0,0,0,0,0,0,0,0,0,0,0,0,0
GlobalResAllocation-COL-03,16,TRUE,NONE,4.9e-05,0.000354,7.3e-05,0.0,4820,TRUE,0,5,7,5,7,14,21,0,0,0,0,0,0,0,0,0,0,1,0,0,0,0,0,0,0,0,0,0,0,0,0,0,0,0,0
GlobalResAllocation-COL-05,1,FALSE,NONE,9.4e-05,0.000533,0.000467,0.002626,6676,FALSE,0,5,7,5,7,22,35,17,30,0,0,5,5,0,0,0,0,0,0,0,0,0,0,0,0,0,0,0,0,0,0,0,0,0,0
GlobalResAllocation-COL-05,2,TRUE,NONE,5.5e-05,0.000505,0.000401,0.002528,9904,FALSE,0,5,7,5,7,22,35,22,35,0,0,0,0,0,0,0,0,0,0,0,0,0,0,0,0,0,0,0,0,0,0,0,0,0,0
GlobalResAllocation-COL-05,3,TRUE,NONE,4.8e-05,0.000704,0.000355,0.062719,6676,FALSE,0,5,7,5,7,22,35,22,35,0,0,0,0,0,0,0,0,0,0,0,0,0,0,0,0,0,0,0,0,0,0,0,0,0,0
GlobalResAllocation-COL-05,4,FALSE,NONE,5.1e-05,0.000585,0.000111,0.0,4872,TRUE,0,5,7,5,7,22,35,0,0,0,0,0,0,0,0,0,0,1,0,0,0,0,0,0,0,0,0,0,0,0,0,0,0,0,0
GlobalResAllocation-COL-05,5,TRUE,NONE,6.3e-05,0.00054,0.000415,0.059954,6792,FALSE,0,5,7,5,7,22,35,22,35,0,0,0,0,0,0,0,0,0,0,0,0,0,0,0,0,0,0,0,0,0,0,0,0,0,0
GlobalResAllocation-COL-05,6,FALSE,NONE,5.5e-05,0.000558,0.000316,0.040289,6648,FALSE,0,5,7,5,7,22,35,22,35,0,0,0,0,0,0,0,0,0,0,0,0,0,0,0,0,0,0,0,0,0,0,0,0,0,0
GlobalResAllocation-COL-05,7,FALSE,NONE,6.5e-05,0.000547,0.000501,0.002404,6676,FALSE,0,5,7,5,7,22,35,17,30,0,0,5,5,0,0,0,0,0,0,0,0,0,0,0,0,0,0,0,0,0,0,0,0,0,0
GlobalResAllocation-COL-05,8,TRUE,NONE,7.9e-05,0.000521,0.000489,0.002637,6676,FALSE,0,5,7,5,7,22,35,17,30,0,0,5,5,0,0,0,0,0,0,0,0,0,0,0,0,0,0,0,0,0,0,0,0,0,0
GlobalResAllocation-COL-05,9,FALSE,NONE,8.3e-05,0.000585,0.000378,0.002597,6676,FALSE,0,5,7,5,7,22,35,22,35,0,0,0,0,0,0,0,0,0,0,0,0,0,0,0,0,0,0,0,0,0,0,0,0,0,0
GlobalResAllocation-COL-05,10,FALSE,NONE,4.8e-05,0.000582,7.2e-05,0.0,4920,TRUE,0,5,7,5,7,22,35,0,0,0,0,0,0,0,0,0,0,1,0,0,0,0,0,0,0,0,0,0,0,0,0,0,0,0,0
GlobalResAllocation-COL-05,11,FALSE,NONE,2.9e-05,0.000575,0.000409,0.002405,6640,FALSE,0,5,7,5,7,22,35,22,35,0,0,0,0,0,0,0,0,0,0,0,0,0,0,0,0,0,0,0,0,0,0,0,0,0,0
GlobalResAllocation-COL-05,12,TRUE,NONE,6.9e-05,0.000493,7.2e-05,0.0,4904,TRUE,0,5,7,5,7,22,35,0,0,0,0,0,0,0,0,0,0,1,0,0,0,0,0,0,0,0,0,0,0,0,0,0,0,0,0
GlobalResAllocation-COL-05,13,FALSE,NONE,3.4e-05,0.00052,0.00046,0.002453,10012,FALSE,0,5,7,5,7,22,35,17,30,0,0,5,5,0,0,0,0,0,0,0,0,0,0,0,0,0,0,0,0,0,0,0,0,0,0
GlobalResAllocation-COL-05,14,FALSE,NONE,6e-05,0.000511,0.000484,0.002349,6676,FALSE,0,5,7,5,7,22,35,17,30,0,0,5,5,0,0,0,0,0,0,0,0,0,0,0,0,0,0,0,0,0,0,0,0,0,0
GlobalResAllocation-COL-05,15,TRUE,NONE,6.6e-05,0.000511,0.000458,0.002327,6676,FALSE,0,5,7,5,7,22,35,17,30,0,0,5,5,0,0,0,0,0,0,0,0,0,0,0,0,0,0,0,0,0,0,0,0,0,0
GlobalResAllocation-COL-05,16,TRUE,NONE,7.5e-05,0.00056,0.000456,0.002129,6676,FALSE,0,5,7,5,7,22,35,17,30,0,0,5,5,0,0,0,0,0,0,0,0,0,0,0,0,0,0,0,0,0,0,0,0,0,0
GlobalResAllocation-COL-06,1,TRUE,NONE,2.7e-05,0.000576,0.000513,0.003508,7028,FALSE,0,5,7,5,7,26,42,26,42,0,0,0,0,0,0,0,0,0,0,0,0,0,0,0,0,0,0,0,0,0,0,0,0,0,0
GlobalResAllocation-COL-06,2,FALSE,NONE,6e-05,0.00067,0.000476,0.365152,9672,FALSE,0,5,7,5,7,26,42,26,42,0,0,0,0,0,0,0,0,0,0,0,0,0,0,0,0,0,0,0,0,0,0,0,0,0,0
GlobalResAllocation-COL-06,3,FALSE,NONE,4.9e-05,0.00062,0.000101,0.0,4424,TRUE,0,5,7,5,7,26,42,0,0,0,0,0,0,0,0,0,0,1,0,0,0,0,0,0,0,0,0,0,0,0,0,0,0,0,0
GlobalResAllocation-COL-06,4,TRUE,NONE,2.9e-05,0.000663,0.00063,0.002655,6768,FALSE,0,5,7,5,7,26,42,26,42,0,0,0,0,0,0,0,0,0,0,0,0,0,0,0,0,0,0,0,0,0,0,0,0,0,0
GlobalResAllocation-COL-06,5,FALSE,NONE,5.9e-05,0.000598,0.000602,0.002374,6676,FALSE,0,5,7,5,7,26,42,20,42,0,0,6,0,0,0,0,0,0,0,0,0,0,0,0,0,0,0,0,0,0,0,0,0,0,0
GlobalResAllocation-COL-06,6,FALSE,NONE,5.7e-05,0.000641,0.000525,0.002185,6868,FALSE,0,5,7,5,7,26,42,26,42,0,0,0,0,0,0,0,0,0,0,0,0,0,0,0,0,0,0,0,0,0,0,0,0,0,0
GlobalResAllocation-COL-06,7,FALSE,NONE,5.3e-05,0.000656,0.000455,0.635236,7012,FALSE,0,5,7,5,7,26,42,26,42,0,0,0,0,0,0,0,0,0,0,0,0,0,0,0,0,0,0,0,0,0,0,0,0,0,0
GlobalResAllocation-COL-06,8,TRUE,NONE,4.5e-05,0.000657,0.000741,0.002482,6676,FALSE,0,5,7,5,7,26,42,20,42,0,0,6,0,0,0,0,0,0,0,0,0,0,0,0,0,0,0,0,0,0,0,0,0,0,0
GlobalResAllocation-COL-06,9,FALSE,NONE,6.8e-05,0.000624,6.7e-05,0.0,4424,TRUE,0,5,7,5,7,26,42,0,0,0,0,0,0,0,0,0,0,1,0,0,0,0,0,0,0,0,0,0,0,0,0,0,0,0,0
GlobalResAllocation-COL-06,10,FALSE,NONE,6.2e-05,0.000566,5.9e-05,0.0,4424,TRUE,0,5,7,5,7,26,42,0,0,0,0,0,0,0,0,0,0,1,0,0,0,0,0,0,0,0,0,0,0,0,0,0,0,0,0
GlobalResAllocation-COL-06,11,TRUE,NONE,7.9e-05,0.000532,0.00052,0.003094,6676,FALSE,0,5,7,5,7,26,42,20,42,0,0,6,0,0,0,0,0,0,0,0,0,0,0,0,0,0,0,0,0,0,0,0,0,0,0
GlobalResAllocation-COL-06,12,FALSE,NONE,6.4e-05,0.000545,0.000467,0.002368,6676,FALSE,0,5,7,5,7,26,42,26,42,0,0,0,0,0,0,0,0,0,0,0,0,0,0,0,0,0,0,0,0,0,0,0,0,0,0
GlobalResAllocation-COL-06,13,TRUE,NONE,2.7e-05,0.000542,0.000454,0.00234,6940,FALSE,0,5,7,5,7,26,42,26,42,0,0,0,0,0,0,0,0,0,0,0,0,0,0,0,0,0,0,0,0,0,0,0,0,0,0
GlobalResAllocation-COL-06,14,FALSE,NONE,7.9e-05,0.000594,0.000609,0.002531,6716,FALSE,0,5,7,5,7,26,42,20,42,0,0,6,0,0,0,0,0,0,0,0,0,0,0,0,0,0,0,0,0,0,0,0,0,0,0
GlobalResAllocation-COL-06,15,FALSE,NONE,4e-06,0.000544,6.6e-05,0.0,4432,TRUE,0,5,7,5,7,26,42,0,0,0,0,0,0,0,0,0,0,1,0,0,0,0,0,0,0,0,0,0,0,0,0,0,0,0,0
GlobalResAllocation-COL-06,16,TRUE,NONE,8.2e-05,0.000613,0.000599,0.002247,6676,FALSE,0,5,7,5,7,26,42,20,42,0,0,6,0,0,0,0,0,0,0,0,0,0,0,0,0,0,0,0,0,0,0,0,0,0,0
GlobalResAllocation-COL-07,1,FALSE,NONE,5.2e-05,0.000644,6.7e-05,0.0,4436,TRUE,0,5,7,5,7,30,49,0,0,0,0,0,0,0,0,0,0,1,0,0,0,0,0,0,0,0,0,0,0,0,0,0,0,0,0
GlobalResAllocation-COL-07,2,FALSE,NONE,7e-05,0.000647,9.3e-05,0.0,4436,TRUE,0,5,7,5,7,30,49,0,0,0,0,0,0,0,0,0,0,1,0,0,0,0,0,0,0,0,0,0,0,0,0,0,0,0,0
GlobalResAllocation-COL-07,3,FALSE,NONE,5e-05,0.00071,0.000482,0.002396,6980,FALSE,0,5,7,5,7,30,49,30,49,0,0,0,0,0,0,0,0,0,0,0,0,0,0,0,0,0,0,0,0,0,0,0,0,0,0
GlobalResAllocation-COL-07,4,FALSE,NONE,5.4e-05,0.000817,0.000497,0.002479,9508,FALSE,0,5,7,5,7,30,49,23,42,0,0,7,7,0,0,0,0,0,0,0,0,0,0,0,0,0,0,0,0,0,0,0,0,0,0
GlobalResAllocation-COL-07,5,TRUE,NONE,6.2e-05,0.000637,6.7e-05,0.0,4428,TRUE,0,5,7,5,7,30,49,0,0,0,0,0,0,0,0,0,0,1,0,0,0,0,0,0,0,0,0,0,0,0,0,0,0,0,0
GlobalResAllocation-COL-07,6,TRUE,NONE,5.1e-05,0.00061,6.6e-05,0.0,4440,TRUE,0,5,7,5,7,30,49,0,0,0,0,0,0,0,0,0,0,1,0,0,0,0,0,0,0,0,0,0,0,0,0,0,0,0,0
GlobalResAllocation-COL-07,7,FALSE,NONE,5.8e-05,0.000749,0.000462,0.002616,6680,FALSE,0,5,7,5,7,30,49,30,49,0,0,0,0,0,0,0,0,0,0,0,0,0,0,0,0,0,0,0,0,0,0,0,0,0,0
GlobalResAllocation-COL-07,8,FALSE,NONE,7.6e-05,0.000755,9.6e-05,0.0,4432,TRUE,0,5,7,5,7,30,49,0,0,0,0,0,0,0,0,0,0,1,0,0,0,0,0,0,0,0,0,0,0,0,0,0,0,0,0
GlobalResAllocation-COL-07,9,TRUE,NONE,2.5e-05,0.000654,9.5e-05,0.0,4444,TRUE,0,5,7,5,7,30,49,0,0,0,0,0,0,0,0,0,0,1,0,0,0,0,0,0,0,0,0,0,0,0,0,0,0,0,0
GlobalResAllocation-COL-07,10,TRUE,NONE,7e-05,0.000747,9.4e-05,0.0,4436,TRUE,0,5,7,5,7,30,49,0,0,0,0,0,0,0,0,0,0,1,0,0,0,0,0,0,0,0,0,0,0,0,0,0,0,0,0
GlobalResAllocation-COL-07,11,TRUE,NONE,4.2e-05,0.000727,9.9e-05,0.0,4436,TRUE,0,5,7,5,7,30,49,0,0,0,0,0,0,0,0,0,0,1,0,0,0,0,0,0,0,0,0,0,0,0,0,0,0,0,0
GlobalResAllocation-COL-07,12,FALSE,NONE,4.4e-05,0.000748,0.000389,5.21899,17292,FALSE,0,5,7,5,7,30,49,30,49,0,0,0,0,0,0,0,0,0,0,0,0,0,0,0,0,0,0,0,0,0,0,0,0,0,0
GlobalResAllocation-COL-07,13,TRUE,NONE,6.7e-05,0.000736,0.000448,0.002151,6676,FALSE,0,5,7,5,7,30,49,30,49,0,0,0,0,0,0,0,0,0,0,0,0,0,0,0,0,0,0,0,0,0,0,0,0,0,0
GlobalResAllocation-COL-07,14,FALSE,NONE,4.4e-05,0.000838,0.000418,0.005722,6900,FALSE,0,5,7,5,7,30,49,30,49,0,0,0,0,0,0,0,0,0,0,0,0,0,0,0,0,0,0,0,0,0,0,0,0,0,0
GlobalResAllocation-COL-07,15,TRUE,NONE,7.3e-05,0.000753,0.0001,0.0,4436,TRUE,0,5,7,5,7,30,49,0,0,0,0,0,0,0,0,0,0,1,0,0,0,0,0,0,0,0,0,0,0,0,0,0,0,0,0
GlobalResAllocation-COL-07,16,TRUE,NONE,5.6e-05,0.000698,8e-05,0.0,4436,TRUE,0,5,7,5,7,30,49,0,0,0,0,0,0,0,0,0,0,1,0,0,0,0,0,0,0,0,0,0,0,0,0,0,0,0,0
GlobalResAllocation-COL-09,1,FALSE,NONE,2.3e-05,0.000893,7.7e-05,0.0,4464,TRUE,0,5,7,5,7,38,63,0,0,0,0,0,0,0,0,0,0,1,0,0,0,0,0,0,0,0,0,0,0,0,0,0,0,0,0
GlobalResAllocation-COL-09,2,TRUE,NONE,7.6e-05,0.000923,9.4e-05,0.0,4460,TRUE,0,5,7,5,7,38,63,0,0,0,0,0,0,0,0,0,0,1,0,0,0,0,0,0,0,0,0,0,0,0,0,0,0,0,0
GlobalResAllocation-COL-09,3,TRUE,NONE,4.1e-05,0.000781,0.000725,0.002897,10216,FALSE,0,5,7,5,7,38,63,29,54,0,0,9,9,0,0,0,0,0,0,0,0,0,0,0,0,0,0,0,0,0,0,0,0,0,0
GlobalResAllocation-COL-09,4,TRUE,NONE,7.2e-05,0.000912,0.000688,0.0025,10052,FALSE,0,5,7,5,7,38,63,29,63,0,0,9,0,0,0,0,0,0,0,0,0,0,0,0,0,0,0,0,0,0,0,0,0,0,0
GlobalResAllocation-COL-09,5,NONE,NONE,6.6e-05,0.001056,0.000737,0.0,179248,FALSE,0,5,7,5,7,38,63,38,63,0,0,0,0,0,0,0,0,0,0,0,0,0,0,0,0,0,0,0,0,0,0,0,0,0,0
GlobalResAllocation-COL-09,6,TRUE,NONE,6.6e-05,0.000892,0.000108,0.0,10008,TRUE,0,5,7,5,7,38,63,0,0,0,0,0,0,0,0,0,0,1,0,0,0,0,0,0,0,0,0,0,0,0,0,0,0,0,0
GlobalResAllocation-COL-09,7,FALSE,NONE,6e-05,0.001018,0.000132,0.0,4464,TRUE,0,5,7,5,7,38,63,0,0,0,0,0,0,0,0,0,0,1,0,0,0,0,0,0,0,0,0,0,0,0,0,0,0,0,0
GlobalResAllocation-COL-09,8,TRUE,NONE,6e-05,0.000943,8.8e-05,0.0,4460,TRUE,0,5,7,5,7,38,63,0,0,0,0,0,0,0,0,0,0,1,0,0,0,0,0,0,0,0,0,0,0,0,0,0,0,0,0
GlobalResAllocation-COL-09,9,FALSE,NONE,4.4e-05,0.000857,0.000127,0.0,4984,TRUE,0,5,7,5,7,38,63,0,0,0,0,0,0,0,0,0,0,1,0,0,0,0,0,0,0,0,0,0,0,0,0,0,0,0,0
GlobalResAllocation-COL-09,10,FALSE,NONE,5.3e-05,0.000982,0.0001,0.0,5004,TRUE,0,5,7,5,7,38,63,0,0,0,0,0,0,0,0,0,0,1,0,0,0,0,0,0,0,0,0,0,0,0,0,0,0,0,0
GlobalResAllocation-COL-09,11,TRUE,NONE,8.7e-05,0.000825,0.000102,0.0,4456,TRUE,0,5,7,5,7,38,63,0,0,0,0,0,0,0,0,0,0,1,0,0,0,0,0,0,0,0,0,0,0,0,0,0,0,0,0
GlobalResAllocation-COL-09,12,TRUE,NONE,9.7e-05,0.000832,8.9e-05,0.0,4460,TRUE,0,5,7,5,7,38,63,0,0,0,0,0,0,0,0,0,0,1,0,0,0,0,0,0,0,0,0,0,0,0,0,0,0,0,0
GlobalResAllocation-COL-09,13,TRUE,NONE,5e-06,0.000861,0.000117,0.0,4468,TRUE,0,5,7,5,7,38,63,0,0,0,0,0,0,0,0,0,0,1,0,0,0,0,0,0,0,0,0,0,0,0,0,0,0,0,0
GlobalResAllocation-COL-09,14,FALSE,NONE,5e-05,0.00105,8.8e-05,0.0,4464,TRUE,0,5,7,5,7,38,63,0,0,0,0,0,0,0,0,0,0,1,0,0,0,0,0,0,0,0,0,0,0,0,0,0,0,0,0
GlobalResAllocation-COL-09,15,FALSE,NONE,6.1e-05,0.001,0.000866,0.002797,6744,FALSE,0,5,7,5,7,38,63,29,54,0,0,9,9,0,0,0,0,0,0,0,0,0,0,0,0,0,0,0,0,0,0,0,0,0,0
GlobalResAllocation-COL-09,16,TRUE,NONE,4.9e-05,0.000716,8.1e-05,0.0,4456,TRUE,0,5,7,5,7,38,63,0,0,0,0,0,0,0,0,0,0,1,0,0,0,0,0,0,0,0,0,0,0,0,0,0,0,0,0
GlobalResAllocation-COL-10,1,TRUE,NONE,2.8e-05,0.000961,0.000758,0.002148,7144,FALSE,0,5,7,5,7,42,70,42,70,0,0,0,0,0,0,0,0,0,0,0,0,0,0,0,0,0,0,0,0,0,0,0,0,0,0
GlobalResAllocation-COL-10,2,FALSE,NONE,5.3e-05,0.000939,0.00081,0.002857,7016,FALSE,0,5,7,5,7,42,70,32,60,0,0,10,10,0,0,0,0,0,0,0,0,0,0,0,0,0,0,0,0,0,0,0,0,0,0
GlobalResAllocation-COL-10,3,TRUE,NONE,2.7e-05,0.00084,9.6e-05,0.0,4484,TRUE,0,5,7,5,7,42,70,0,0,0,0,0,0,0,0,0,0,1,0,0,0,0,0,0,0,0,0,0,0,0,0,0,0,0,0
GlobalResAllocation-COL-10,4,FALSE,NONE,4e-06,0.001018,0.000719,0.003141,8816,FALSE,0,5,7,5,7,42,70,42,70,0,0,0,0,0,0,0,0,0,0,0,0,0,0,0,0,0,0,0,0,0,0,0,0,0,0
GlobalResAllocation-COL-10,5,TRUE,NONE,9.1e-05,0.000976,9e-05,0.0,4476,TRUE,0,5,7,5,7,42,70,0,0,0,0,0,0,0,0,0,0,1,0,0,0,0,0,0,0,0,0,0,0,0,0,0,0,0,0
GlobalResAllocation-COL-10,6,FALSE,NONE,7.2e-05,0.000853,8.1e-05,0.0,4476,TRUE,0,5,7,5,7,42,70,0,0,0,0,0,0,0,0,0,0,1,0,0,0,0,0,0,0,0,0,0,0,0,0,0,0,0,0
GlobalResAllocation-COL-10,7,FALSE,NONE,9e-05,0.000924,8.1e-05,0.0,4476,TRUE,0,5,7,5,7,42,70,0,0,0,0,0,0,0,0,0,0,1,0,0,0,0,0,0,0,0,0,0,0,0,0,0,0,0,0
GlobalResAllocation-COL-10,8,TRUE,NONE,5e-05,0.00101,0.000823,0.002847,7144,FALSE,0,5,7,5,7,42,70,42,70,0,0,0,0,0,0,0,0,0,0,0,0,0,0,0,0,0,0,0,0,0,0,0,0,0,0
GlobalResAllocation-COL-10,9,NONE,NONE,5e-05,0.000866,0.000799,0.0,144144,FALSE,0,5,7,5,7,42,70,42,70,0,0,0,0,0,0,0,0,0,0,0,0,0,0,0,0,0,0,0,0,0,0,0,0,0,0
GlobalResAllocation-COL-10,10,FALSE,NONE,6.9e-05,0.00088,0.000815,0.00267,7012,FALSE,0,5,7,5,7,42,70,42,70,0,0,0,0,0,0,0,0,0,0,0,0,0,0,0,0,0,0,0,0,0,0,0,0,0,0
GlobalResAllocation-COL-10,11,TRUE,NONE,8.2e-05,0.00102,0.000866,0.00271,6996,FALSE,0,5,7,5,7,42,70,42,70,0,0,0,0,0,0,0,0,0,0,0,0,0,0,0,0,0,0,0,0,0,0,0,0,0,0
GlobalResAllocation-COL-10,12,TRUE,NONE,5.4e-05,0.000994,0.00011,0.0,4476,TRUE,0,5,7,5,7,42,70,0,0,0,0,0,0,0,0,0,0,1,0,0,0,0,0,0,0,0,0,0,0,0,0,0,0,0,0
GlobalResAllocation-COL-10,13,TRUE,NONE,7.2e-05,0.000871,0.000104,0.0,4480,TRUE,0,5,7,5,7,42,70,0,0,0,0,0,0,0,0,0,0,1,0,0,0,0,0,0,0,0,0,0,0,0,0,0,0,0,0
GlobalResAllocation-COL-10,14,TRUE,NONE,6.7e-05,0.000993,0.000127,0.0,4472,TRUE,0,5,7,5,7,42,70,0,0,0,0,0,0,0,0,0,0,1,0,0,0,0,0,0,0,0,0,0,0,0,0,0,0,0,0
GlobalResAllocation-COL-10,15,TRUE,NONE,3.9e-05,0.001161,0.000963,0.003364,9472,FALSE,0,5,7,5,7,42,70,32,70,0,0,10,0,0,0,0,0,0,0,0,0,0,0,0,0,0,0,0,0,0,0,0,0,0,0
GlobalResAllocation-COL-10,16,FALSE,NONE,5.7e-05,0.001037,0.000143,0.0,4496,TRUE,0,5,7,5,7,42,70,0,0,0,0,0,0,0,0,0,0,1,0,0,0,0,0,0,0,0,0,0,0,0,0,0,0,0,0
GlobalResAllocation-COL-11,1,NONE,NONE,6.7e-05,0.00109,0.001289,0.0,290104,FALSE,0,5,7,5,7,46,77,46,77,0,0,0,0,0,0,0,0,0,0,0,0,0,0,0,0,0,0,0,0,0,0,0,0,0,0
GlobalResAllocation-COL-11,2,FALSE,NONE,2.2e-05,0.001082,0.000111,0.0,4496,TRUE,0,5,7,5,7,46,77,0,0,0,0,0,0,0,0,0,0,1,0,0,0,0,0,0,0,0,0,0,0,0,0,0,0,0,0
GlobalResAllocation-COL-11,3,TRUE,NONE,6.6e-05,0.001032,0.001766,0.002964,7004,FALSE,0,5,7,5,7,46,77,35,66,0,0,11,11,0,0,0,0,0,0,0,0,0,0,0,0,0,0,0,0,0,0,0,0,0,0
GlobalResAllocation-COL-11,4,FALSE,NONE,2.7e-05,0.000996,9.8e-05,0.0,4496,TRUE,0,5,7,5,7,46,77,0,0,0,0,0,0,0,0,0,0,1,0,0,0,0,0,0,0,0,0,0,0,0,0,0,0,0,0
GlobalResAllocation-COL-11,5,TRUE,NONE,7.5e-05,0.0011,0.000113,0.0,4476,TRUE,0,5,7,5,7,46,77,0,0,0,0,0,0,0,0,0,0,1,0,0,0,0,0,0,0,0,0,0,0,0,0,0,0,0,0
GlobalResAllocation-COL-11,6,TRUE,NONE,8e-05,0.002217,0.002024,0.003689,6740,FALSE,0,5,7,5,7,46,77,35,66,0,0,11,11,0,0,0,0,0,0,0,0,0,0,0,0,0,0,0,0,0,0,0,0,0,0
GlobalResAllocation-COL-11,7,TRUE,NONE,2.5e-05,0.001089,0.000116,0.0,4508,TRUE,0,5,7,5,7,46,77,0,0,0,0,0,0,0,0,0,0,1,0,0,0,0,0,0,0,0,0,0,0,0,0,0,0,0,0
GlobalResAllocation-COL-11,8,FALSE,NONE,4.7e-05,0.001081,0.000108,0.0,4496,TRUE,0,5,7,5,7,46,77,0,0,0,0,0,0,0,0,0,0,1,0,0,0,0,0,0,0,0,0,0,0,0,0,0,0,0,0
GlobalResAllocation-COL-11,9,TRUE,NONE,6.4e-05,0.000966,0.000121,0.0,4496,TRUE,0,5,7,5,7,46,77,0,0,0,0,0,0,0,0,0,0,1,0,0,0,0,0,0,0,0,0,0,0,0,0,0,0,0,0
GlobalResAllocation-COL-11,10,FALSE,NONE,7.2e-05,0.000947,0.001415,0.003864,7004,FALSE,0,5,7,5,7,46,77,46,77,0,0,0,0,0,0,0,0,0,0,0,0,0,0,0,0,0,0,0,0,0,0,0,0,0,0
GlobalResAllocation-COL-11,11,TRUE,NONE,5.8e-05,0.001152,0.000114,0.0,4492,TRUE,0,5,7,5,7,46,77,0,0,0,0,0,0,0,0,0,0,1,0,0,0,0,0,0,0,0,0,0,0,0,0,0,0,0,0
GlobalResAllocation-COL-11,12,TRUE,NONE,8.3e-05,0.001058,0.001514,0.002381,6748,FALSE,0,5,7,5,7,46,77,46,77,0,0,0,0,0,0,0,0,0,0,0,0,0,0,0,0,0,0,0,0,0,0,0,0,0,0
GlobalResAllocation-COL-11,13,FALSE,NONE,8e-05,0.000999,0.000109,0.0,4484,TRUE,0,5,7,5,7,46,77,0,0,0,0,0,0,0,0,0,0,1,0,0,0,0,0,0,0,0,0,0,0,0,0,0,0,0,0
GlobalResAllocation-COL-11,14,FALSE,NONE,4.7e-05,0.001141,0.000127,0.0,4496,TRUE,0,5,7,5,7,46,77,0,0,0,0,0,0,0,0,0,0,1,0,0,0,0,0,0,0,0,0,0,0,0,0,0,0,0,0
GlobalResAllocation-COL-11,15,TRUE,NONE,8.8e-05,0.000983,0.001532,0.002485,7004,FALSE,0,5,7,5,7,46,77,46,77,0,0,0,0,0,0,0,0,0,0,0,0,0,0,0,0,0,0,0,0,0,0,0,0,0,0
GlobalResAllocation-COL-11,16,TRUE,NONE,2.5e-05,0.001076,0.000113,0.0,4504,TRUE,0,5,7,5,7,46,77,0,0,0,0,0,0,0,0,0,0,1,0,0,0,0,0,0,0,0,0,0,0,0,0,0,0,0,0
LamportFastMutEx-COL-2,1,TRUE,NONE,2.5e-05,0.000829,0.000382,0.002571,6740,FALSE,0,18,17,18,17,46,62,46,62,0,0,0,0,0,0,0,0,0,0,0,0,0,0,0,0,0,0,0,0,0,0,0,0,0,0
LamportFastMutEx-COL-2,2,TRUE,NONE,4.9e-05,0.000787,0.000393,0.002685,6740,FALSE,0,18,17,18,17,46,62,46,62,0,0,0,0,0,0,0,0,0,0,0,0,0,0,0,0,0,0,0,0,0,0,0,0,0,0
LamportFastMutEx-COL-2,3,TRUE,NONE,2.5e-05,0.000821,0.000502,0.002554,6736,FALSE,0,18,17,18,17,46,62,44,60,0,4,0,0,0,0,0,0,0,0,0,0,0,0,0,0,0,0,0,0,0,0,0,0,0,0
LamportFastMutEx-COL-2,4,TRUE,NONE,2.5e-05,0.000705,9.6e-05,0.0,4564,TRUE,0,18,17,18,17,46,62,0,0,0,0,0,0,0,0,0,0,1,0,0,0,0,0,0,0,0,0,0,0,0,0,0,0,0,0
LamportFastMutEx-COL-2,5,TRUE,NONE,2.7e-05,0.000916,0.000438,0.003411,6740,FALSE,0,18,17,18,17,46,62,46,62,0,0,0,0,0,0,0,0,0,0,0,0,0,0,0,0,0,0,0,0,0,0,0,0,0,0
LamportFastMutEx-COL-2,6,TRUE,NONE,2.5e-05,0.000837,0.00044,0.002887,6740,FALSE,0,18,17,18,17,46,62,44,60,0,4,0,0,0,0,0,0,0,0,0,0,0,0,0,0,0,0,0,0,0,0,0,0,0,0
LamportFastMutEx-COL-2,7,FALSE,NONE,3.1e-05,0.000742,9.6e-05,0.0,4564,TRUE,0,18,17,18,17,46,62,0,0,0,0,0,0,0,0,0,0,1,0,0,0,0,0,0,0,0,0,0,0,0,0,0,0,0,0
LamportFastMutEx-COL-2,8,TRUE,NONE,3.5e-05,0.000905,0.000124,0.0,4568,TRUE,0,18,17,18,17,46,62,0,0,0,0,0,0,0,0,0,0,1,0,0,0,0,0,0,0,0,0,0,0,0,0,0,0,0,0
LamportFastMutEx-COL-2,9,FALSE,NONE,2.5e-05,0.00103,0.000102,0.0,4564,TRUE,0,18,17,18,17,46,62,0,0,0,0,0,0,0,0,0,0,1,0,0,0,0,0,0,0,0,0,0,0,0,0,0,0,0,0
LamportFastMutEx-COL-2,10,TRUE,NONE,3.2e-05,0.000913,0.000104,0.0,4564,TRUE,0,18,17,18,17,46,62,0,0,0,0,0,0,0,0,0,0,1,0,0,0,0,0,0,0,0,0,0,0,0,0,0,0,0,0
LamportFastMutEx-COL-2,11,TRUE,NONE,2.6e-05,0.00076,0.000399,0.003049,7004,FALSE,0,18,17,18,17,46,62,46,62,0,0,0,0,0,0,0,0,0,0,0,0,0,0,0,0,0,0,0,0,0,0,0,0,0,0
LamportFastMutEx-COL-2,12,TRUE,NONE,3.7e-05,0.000989,0.000132,0.0,4560,TRUE,0,18,17,18,17,46,62,0,0,0,0,0,0,0,0,0,0,1,0,0,0,0,0,0,0,0,0,0,0,0,0,0,0,0,0
LamportFastMutEx-COL-2,13,FALSE,NONE,2.6e-05,0.000928,8.8e-05,0.0,4564,TRUE,0,18,17,18,17,46,62,0,0,0,0,0,0,0,0,0,0,1,0,0,0,0,0,0,0,0,0,0,0,0,0,0,0,0,0
LamportFastMutEx-COL-2,14,TRUE,NONE,2.4e-05,0.000886,0.000386,0.002775,6740,FALSE,0,18,17,18,17,46,62,46,62,0,0,0,0,0,0,0,0,0,0,0,0,0,0,0,0,0,0,0,0,0,0,0,0,0,0
LamportFastMutEx-COL-2,15,TRUE,NONE,2.8e-05,0.000845,0.000104,0.0,4564,TRUE,0,18,17,18,17,46,62,0,0,0,0,0,0,0,0,0,0,1,0,0,0,0,0,0,0,0,0,0,0,0,0,0,0,0,0
LamportFastMutEx-COL-2,16,TRUE,NONE,2.7e-05,0.000673,0.000396,0.00251,6740,FALSE,0,18,17,18,17,46,62,44,60,0,4,0,0,0,0,0,0,0,0,0,0,0,0,0,0,0,0,0,0,0,0,0,0,0,0
LamportFastMutEx-COL-3,1,FALSE,NONE,2.2e-05,0.001281,0.000759,0.013309,6852,FALSE,0,18,17,18,17,73,114,73,114,0,0,0,0,0,0,0,0,0,0,0,0,0,0,0,0,0,0,0,0,0,0,0,0,0,0
LamportFastMutEx-COL-3,2,TRUE,NONE,2.1e-05,0.001277,0.000696,0.04304,7104,FALSE,0,18,17,18,17,73,114,73,114,0,0,0,0,0,0,0,0,0,0,0,0,0,0,0,0,0,0,0,0,0,0,0,0,0,0
LamportFastMutEx-COL-3,3,FALSE,NONE,2.4e-05,0.001313,0.000714,0.186353,7008,FALSE,0,18,17,18,17,73,114,73,114,0,0,0,0,0,0,0,0,0,0,0,0,0,0,0,0,0,0,0,0,0,0,0,0,0,0
LamportFastMutEx-COL-3,4,FALSE,NONE,2.2e-05,0.001478,0.000748,0.00667,6824,FALSE,0,18,17,18,17,73,114,73,114,0,0,0,0,0,0,0,0,0,0,0,0,0,0,0,0,0,0,0,0,0,0,0,0,0,0
LamportFastMutEx-COL-3,5,FALSE,NONE,2.6e-05,0.001289,0.00076,0.211717,7068,FALSE,0,18,17,18,17,73,114,73,114,0,0,0,0,0,0,0,0,0,0,0,0,0,0,0,0,0,0,0,0,0,0,0,0,0,0
LamportFastMutEx-COL-3,6,FALSE,NONE,2.9e-05,0.001435,0.000802,0.004086,6924,FALSE,0,18,17,18,17,73,114,73,114,0,0,0,0,0,0,0,0,0,0,0,0,0,0,0,0,0,0,0,0,0,0,0,0,0,0
LamportFastMutEx-COL-3,7,FALSE,NONE,2.6e-05,0.001096,0.000688,0.006081,6924,FALSE,0,18,17,18,17,73,114,73,114,0,0,0,0,0,0,0,0,0,0,0,0,0,0,0,0,0,0,0,0,0,0,0,0,0,0
LamportFastMutEx-COL-3,8,FALSE,NONE,2.4e-05,0.001136,0.000807,0.26379,6924,FALSE,0,18,17,18,17,73,114,73,114,0,0,0,0,0,0,0,0,0,0,0,0,0,0,0,0,0,0,0,0,0,0,0,0,0,0
LamportFastMutEx-COL-3,9,FALSE,NONE,2.4e-05,0.00121,0.000643,0.002842,6924,FALSE,0,18,17,18,17,73,114,73,114,0,0,0,0,0,0,0,0,0,0,0,0,0,0,0,0,0,0,0,0,0,0,0,0,0,0
LamportFastMutEx-COL-3,10,FALSE,NONE,2.8e-05,0.001131,0.000771,0.002713,6924,FALSE,0,18,17,18,17,73,114,73,114,0,0,0,0,0,0,0,0,0,0,0,0,0,0,0,0,0,0,0,0,0,0,0,0,0,0
LamportFastMutEx-COL-3,11,TRUE,NONE,2.5e-05,0.001257,0.000172,0.0,5040,TRUE,0,18,17,18,17,73,114,0,0,0,0,0,0,0,0,0,0,1,0,0,0,0,0,0,0,0,0,0,0,0,0,0,0,0,0
LamportFastMutEx-COL-3,12,FALSE,NONE,3.2e-05,0.001417,0.000743,0.003853,6924,FALSE,0,18,17,18,17,73,114,73,114,0,0,0,0,0,0,0,0,0,0,0,0,0,0,0,0,0,0,0,0,0,0,0,0,0,0
LamportFastMutEx-COL-3,13,TRUE,NONE,2.8e-05,0.001288,0.000753,0.003572,6924,FALSE,0,18,17,18,17,73,114,73,114,0,0,0,0,0,0,0,0,0,0,0,0,0,0,0,0,0,0,0,0,0,0,0,0,0,0
LamportFastMutEx-COL-3,14,FALSE,NONE,2.6e-05,0.001285,0.000776,0.007396,6924,FALSE,0,18,17,18,17,73,114,73,114,0,0,0,0,0,0,0,0,0,0,0,0,0,0,0,0,0,0,0,0,0,0,0,0,0,0
LamportFastMutEx-COL-3,15,TRUE,NONE,2.8e-05,0.0012,0.000818,0.002548,6924,FALSE,0,18,17,18,17,73,114,73,114,0,0,0,0,0,0,0,0,0,0,0,0,0,0,0,0,0,0,0,0,0,0,0,0,0,0
LamportFastMutEx-COL-3,16,FALSE,NONE,2.7e-05,0.001429,0.000661,0.007976,6844,FALSE,0,18,17,18,17,73,114,73,114,0,0,0,0,0,0,0,0,0,0,0,0,0,0,0,0,0,0,0,0,0,0,0,0,0,0
LamportFastMutEx-COL-4,1,FALSE,NONE,2.7e-05,0.001938,0.000437,0.002655,6992,FALSE,0,18,17,18,17,104,180,20,0,0,0,0,0,172,8,8,0,0,0,0,0,216,0,0,0,0,0,0,0,0,0,0,0,0,0
LamportFastMutEx-COL-4,2,TRUE,NONE,2.9e-05,0.001944,0.000453,0.003327,7256,FALSE,0,18,17,18,17,104,180,48,4,0,0,0,0,172,4,4,0,0,0,0,0,160,0,0,0,0,0,0,0,0,0,0,0,0,0
LamportFastMutEx-COL-4,3,TRUE,NONE,2.8e-05,0.001872,0.000431,0.00332,6992,FALSE,0,18,17,18,17,104,180,20,0,0,0,0,0,172,8,8,0,0,0,0,0,216,0,0,0,0,0,0,0,0,0,0,0,0,0
LamportFastMutEx-COL-4,4,TRUE,NONE,2.6e-05,0.001891,0.0005,0.002926,7256,FALSE,0,18,17,18,17,104,180,15,0,0,0,0,0,172,8,8,0,0,0,0,0,186,0,0,0,0,0,0,0,0,0,0,0,0,0
LamportFastMutEx-COL-4,5,FALSE,NONE,9.2e-05,0.001759,0.000409,0.003079,7256,FALSE,0,18,17,18,17,104,180,46,4,0,0,0,0,172,4,4,0,0,0,0,0,156,0,0,0,0,0,0,0,0,0,0,0,0,0
LamportFastMutEx-COL-4,6,FALSE,NONE,2.9e-05,0.001976,0.00045,0.002396,7200,FALSE,0,18,17,18,17,104,180,34,4,0,0,0,0,172,4,4,0,0,0,0,0,132,0,0,0,0,0,0,0,0,0,0,0,0,0
LamportFastMutEx-COL-4,7,FALSE,NONE,2.7e-05,0.001659,0.000488,0.002629,6992,FALSE,0,18,17,18,17,104,180,9,0,0,0,0,0,172,8,8,0,0,0,0,0,150,0,0,0,0,0,0,0,0,0,0,0,0,0
LamportFastMutEx-COL-4,8,TRUE,NONE,2.2e-05,0.001709,0.000431,0.002632,7248,FALSE,0,18,17,18,17,104,180,67,8,0,0,0,0,172,4,0,0,0,0,0,0,198,0,0,0,0,0,0,0,0,0,0,0,0,0
LamportFastMutEx-COL-4,9,FALSE,NONE,2.3e-05,0.00184,0.000512,0.002275,7328,FALSE,0,18,17,18,17,104,180,42,0,0,0,0,0,172,8,8,0,0,0,0,0,348,0,0,0,0,0,0,0,0,0,0,0,0,0
LamportFastMutEx-COL-4,10,FALSE,NONE,3.6e-05,0.001857,0.000537,0.00278,6992,FALSE,0,18,17,18,17,104,180,9,0,0,0,0,0,172,8,8,0,0,0,0,0,150,0,0,0,0,0,0,0,0,0,0,0,0,0
LamportFastMutEx-COL-4,11,FALSE,NONE,2.8e-05,0.001856,0.000519,0.002388,6992,FALSE,0,18,17,18,17,104,180,9,0,0,0,0,0,172,8,8,0,0,0,0,0,150,0,0,0,0,0,0,0,0,0,0,0,0,0
LamportFastMutEx-COL-4,12,TRUE,NONE,2.1e-05,0.001691,0.00045,0.002653,7324,FALSE,0,18,17,18,17,104,180,33,8,0,0,0,0,172,4,0,0,0,0,0,0,130,0,0,0,0,0,0,0,0,0,0,0,0,0
LamportFastMutEx-COL-4,13,FALSE,NONE,2.5e-05,0.001889,0.000231,0.0,4632,TRUE,0,18,17,18,17,104,180,0,0,0,0,0,0,0,0,0,0,1,0,0,0,0,0,0,0,0,0,0,0,0,0,0,0,0,0
LamportFastMutEx-COL-4,14,FALSE,NONE,2.6e-05,0.001849,0.000425,0.002561,7256,FALSE,0,18,17,18,17,104,180,40,4,0,0,0,0,172,4,4,0,0,0,0,0,144,0,0,0,0,0,0,0,0,0,0,0,0,0
LamportFastMutEx-COL-4,15,TRUE,NONE,2.6e-05,0.001777,0.000448,0.002521,7136,FALSE,0,18,17,18,17,104,180,58,4,0,0,0,0,172,4,4,0,0,0,0,0,180,0,0,0,0,0,0,0,0,0,0,0,0,0
LamportFastMutEx-COL-4,16,FALSE,NONE,2.8e-05,0.002267,0.000519,0.002898,6992,FALSE,0,18,17,18,17,104,180,9,0,0,0,0,0,172,8,8,0,0,0,0,0,150,0,0,0,0,0,0,0,0,0,0,0,0,0
LamportFastMutEx-COL-5,1,TRUE,NONE,2.7e-05,0.002568,0.002135,0.053201,7188,FALSE,0,18,17,18,17,139,260,139,260,0,0,0,0,0,0,0,0,0,0,0,0,0,0,0,0,0,0,0,0,0,0,0,0,0,0
LamportFastMutEx-COL-5,2,FALSE,NONE,3.9e-05,0.002688,0.002163,0.118626,7456,FALSE,0,18,17,18,17,139,260,134,255,0,10,0,0,0,0,0,0,0,0,0,0,0,0,0,0,0,0,0,0,0,0,0,0,0,0
LamportFastMutEx-COL-5,3,TRUE,NONE,3e-05,0.002519,0.002237,0.004484,7192,FALSE,0,18,17,18,17,139,260,139,260,0,0,0,0,0,0,0,0,0,0,0,0,0,0,0,0,0,0,0,0,0,0,0,0,0,0
LamportFastMutEx-COL-5,4,FALSE,NONE,2.6e-05,0.002774,0.002464,1.05656,7372,FALSE,0,18,17,18,17,139,260,139,260,0,0,0,0,0,0,0,0,0,0,0,0,0,0,0,0,0,0,0,0,0,0,0,0,0,0
LamportFastMutEx-COL-5,5,TRUE,NONE,2.4e-05,0.002514,0.002085,0.0568,7408,FALSE,0,18,17,18,17,139,260,139,260,0,0,0,0,0,0,0,0,0,0,0,0,0,0,0,0,0,0,0,0,0,0,0,0,0,0
LamportFastMutEx-COL-5,6,TRUE,NONE,3e-05,0.002663,0.002368,0.005164,7408,FALSE,0,18,17,18,17,139,260,134,255,0,10,0,0,0,0,0,0,0,0,0,0,0,0,0,0,0,0,0,0,0,0,0,0,0,0
LamportFastMutEx-COL-5,7,TRUE,NONE,3e-05,0.002659,0.004604,0.07185,7312,FALSE,0,18,17,18,17,139,260,129,250,0,10,0,0,0,0,0,0,0,0,0,0,0,0,0,0,0,0,30,0,0,0,0,0,0,0
LamportFastMutEx-COL-5,8,TRUE,NONE,2.6e-05,0.00265,0.002346,0.004415,7192,FALSE,0,18,17,18,17,139,260,134,255,0,10,0,0,0,0,0,0,0,0,0,0,0,0,0,0,0,0,0,0,0,0,0,0,0,0
LamportFastMutEx-COL-5,9,NONE,NONE,2.4e-05,0.002544,0.00225,0.0,47860,FALSE,0,18,17,18,17,139,260,139,260,0,0,0,0,0,0,0,0,0,0,0,0,0,0,0,0,0,0,0,0,0,0,0,0,0,0
LamportFastMutEx-COL-5,10,TRUE,NONE,2.8e-05,0.002727,0.002328,0.005482,7324,FALSE,0,18,17,18,17,139,260,134,255,0,10,0,0,0,0,0,0,0,0,0,0,0,0,0,0,0,0,0,0,0,0,0,0,0,0
LamportFastMutEx-COL-5,11,TRUE,NONE,2.8e-05,0.002747,0.002369,0.016845,7252,FALSE,0,18,17,18,17,139,260,134,255,0,10,0,0,0,0,0,0,0,0,0,0,0,0,0,0,0,0,0,0,0,0,0,0,0,0
LamportFastMutEx-COL-5,12,NONE,NONE,2.6e-05,0.002205,0.003801,0.0,62636,FALSE,0,18,17,18,17,139,260,129,250,0,10,0,0,0,0,0,0,0,0,0,0,0,0,0,0,0,0,30,0,0,0,0,0,0,0
LamportFastMutEx-COL-5,13,FALSE,NONE,3.4e-05,0.002123,0.001826,0.047084,7192,FALSE,0,18,17,18,17,139,260,139,260,0,0,0,0,0,0,0,0,0,0,0,0,0,0,0,0,0,0,0,0,0,0,0,0,0,0
LamportFastMutEx-COL-5,14,TRUE,NONE,2.6e-05,0.002258,0.002123,17.192,37024,FALSE,0,18,17,18,17,139,260,139,260,0,0,0,0,0,0,0,0,0,0,0,0,0,0,0,0,0,0,0,0,0,0,0,0,0,0
LamportFastMutEx-COL-5,15,FALSE,NONE,2.6e-05,0.002733,0.00221,0.011276,7344,FALSE,0,18,17,18,17,139,260,139,260,0,0,0,0,0,0,0,0,0,0,0,0,0,0,0,0,0,0,0,0,0,0,0,0,0,0
LamportFastMutEx-COL-5,16,FALSE,NONE,2.4e-05,0.002527,0.002153,0.024214,7404,FALSE,0,18,17,18,17,139,260,139,260,0,0,0,0,0,0,0,0,0,0,0,0,0,0,0,0,0,0,0,0,0,0,0,0,0,0
LamportFastMutEx-COL-6,1,TRUE,NONE,2.8e-05,0.003464,0.003459,0.045113,7432,FALSE,0,18,17,18,17,178,354,178,354,0,0,0,0,0,0,0,0,0,0,0,0,0,0,0,0,0,0,0,0,0,0,0,0,0,0
LamportFastMutEx-COL-6,2,FALSE,NONE,2.9e-05,0.003412,0.003217,0.527374,7452,FALSE,0,18,17,18,17,178,354,178,354,0,0,0,0,0,0,0,0,0,0,0,0,0,0,0,0,0,0,0,0,0,0,0,0,0,0
LamportFastMutEx-COL-6,3,FALSE,NONE,2.7e-05,0.003908,0.003482,0.020634,7472,FALSE,0,18,17,18,17,178,354,178,354,0,0,0,0,0,0,0,0,0,0,0,0,0,0,0,0,0,0,0,0,0,0,0,0,0,0
LamportFastMutEx-COL-6,4,TRUE,NONE,1.2e-05,0.003414,0.003617,3.43261,11152,FALSE,0,18,17,18,17,178,354,178,354,0,0,0,0,0,0,0,0,0,0,0,0,0,0,0,0,0,0,0,0,0,0,0,0,0,0
LamportFastMutEx-COL-6,5,FALSE,NONE,3.4e-05,0.003837,0.002961,1.67501,8468,FALSE,0,18,17,18,17,178,354,178,354,0,0,0,0,0,0,0,0,0,0,0,0,0,0,0,0,0,0,0,0,0,0,0,0,0,0
LamportFastMutEx-COL-6,6,NONE,NONE,3.2e-05,0.003102,0.002984,0.0,160240,FALSE,0,18,17,18,17,178,354,178,354,0,0,0,0,0,0,0,0,0,0,0,0,0,0,0,0,0,0,0,0,0,0,0,0,0,0
LamportFastMutEx-COL-6,7,NONE,NONE,2.7e-05,0.003361,0.003282,0.0,48632,FALSE,0,18,17,18,17,178,354,178,354,0,0,0,0,0,0,0,0,0,0,0,0,0,0,0,0,0,0,0,0,0,0,0,0,0,0
LamportFastMutEx-COL-6,8,FALSE,NONE,2.2e-05,0.003522,0.003157,0.793562,7528,FALSE,0,18,17,18,17,178,354,178,354,0,0,0,0,0,0,0,0,0,0,0,0,0,0,0,0,0,0,0,0,0,0,0,0,0,0
LamportFastMutEx-COL-6,9,FALSE,NONE,2.5e-05,0.004645,0.003415,0.3305,7392,FALSE,0,18,17,18,17,178,354,178,354,0,0,0,0,0,0,0,0,0,0,0,0,0,0,0,0,0,0,0,0,0,0,0,0,0,0
LamportFastMutEx-COL-6,10,FALSE,NONE,3.2e-05,0.005047,0.003383,2.69908,11720,FALSE,0,18,17,18,17,178,354,178,354,0,0,0,0,0,0,0,0,0,0,0,0,0,0,0,0,0,0,0,0,0,0,0,0,0,0
LamportFastMutEx-COL-6,11,FALSE,NONE,2.7e-05,0.003752,0.00343,0.047724,7460,FALSE,0,18,17,18,17,178,354,178,354,0,0,0,0,0,0,0,0,0,0,0,0,0,0,0,0,0,0,0,0,0,0,0,0,0,0
LamportFastMutEx-COL-6,12,TRUE,NONE,2.8e-05,0.003636,0.003481,0.011761,7752,FALSE,0,18,17,18,17,178,354,178,354,0,0,0,0,0,0,0,0,0,0,0,0,0,0,0,0,0,0,0,0,0,0,0,0,0,0
LamportFastMutEx-COL-6,13,FALSE,NONE,2.8e-05,0.003382,0.003373,0.621307,7696,FALSE,0,18,17,18,17,178,354,178,354,0,0,0,0,0,0,0,0,0,0,0,0,0,0,0,0,0,0,0,0,0,0,0,0,0,0
LamportFastMutEx-COL-6,14,TRUE,NONE,3e-05,0.003673,0.003325,0.144788,7536,FALSE,0,18,17,18,17,178,354,178,354,0,0,0,0,0,0,0,0,0,0,0,0,0,0,0,0,0,0,0,0,0,0,0,0,0,0
LamportFastMutEx-COL-6,15,TRUE,NONE,2.7e-05,0.003432,0.003736,0.328259,7592,FALSE,0,18,17,18,17,178,354,178,354,0,0,0,0,0,0,0,0,0,0,0,0,0,0,0,0,0,0,0,0,0,0,0,0,0,0
LamportFastMutEx-COL-6,16,TRUE,NONE,2.8e-05,0.003141,0.0039,18.897,41464,FALSE,0,18,17,18,17,178,354,178,354,0,0,0,0,0,0,0,0,0,0,0,0,0,0,0,0,0,0,0,0,0,0,0,0,0,0
LamportFastMutEx-COL-7,1,TRUE,NONE,2.2e-05,0.004388,0.0042,0.106717,7792,FALSE,0,18,17,18,17,221,462,115,350,0,0,0,0,63,105,49,0,0,0,0,0,41,0,0,0,0,0,0,0,0,0,0,0,0,0
LamportFastMutEx-COL-7,2,FALSE,NONE,2.4e-05,0.004197,0.00442,0.003746,7736,FALSE,0,18,17,18,17,221,462,100,336,0,0,0,0,63,112,63,0,0,0,0,0,9,0,0,0,0,0,0,0,0,0,0,0,0,0
LamportFastMutEx-COL-7,3,TRUE,NONE,1.9e-05,0.004211,0.003785,5.24603,25168,FALSE,0,18,17,18,17,221,462,116,350,0,0,0,0,63,105,49,0,0,0,0,0,45,0,0,0,0,0,0,0,0,0,0,0,0,0
LamportFastMutEx-COL-7,4,NONE,NONE,2.5e-05,0.004305,0.004603,0.0,56516,FALSE,0,18,17,18,17,221,462,101,336,0,0,0,0,63,112,63,0,0,0,0,0,15,0,0,0,0,0,0,0,0,0,0,0,0,0
LamportFastMutEx-COL-7,5,FALSE,NONE,2.4e-05,0.004273,0.003658,0.003003,8200,FALSE,0,18,17,18,17,221,462,108,343,0,0,0,0,63,112,56,0,0,0,0,0,57,0,0,0,0,0,0,0,0,0,0,0,0,0
LamportFastMutEx-COL-7,6,NONE,NONE,2.6e-05,0.004525,0.004265,0.0,30264,FALSE,0,18,17,18,17,221,462,115,350,0,0,0,0,63,105,49,0,0,0,0,0,41,0,0,0,0,0,0,0,0,0,0,0,0,0
LamportFastMutEx-COL-7,7,TRUE,NONE,2.5e-05,0.004257,0.003892,0.060478,7628,FALSE,0,18,17,18,17,221,462,107,350,0,0,0,0,63,105,49,0,0,0,0,0,9,0,0,0,0,0,0,0,0,0,0,0,0,0
LamportFastMutEx-COL-7,8,TRUE,NONE,2.7e-05,0.005053,0.003702,0.037853,8088,FALSE,0,18,17,18,17,221,462,164,399,0,0,0,0,63,49,0,0,0,0,0,0,11,0,0,0,0,0,0,0,0,0,0,0,0,0
LamportFastMutEx-COL-7,9,TRUE,NONE,2.8e-05,0.004469,0.004723,2.85659,14232,FALSE,0,18,17,18,17,221,462,100,336,0,0,0,0,63,112,63,0,0,0,0,0,9,0,0,0,0,0,0,0,0,0,0,0,0,0
LamportFastMutEx-COL-7,10,NONE,NONE,2.1e-05,0.004356,0.003716,0.0,26888,FALSE,0,18,17,18,17,221,462,171,399,0,0,0,0,63,49,0,0,0,0,0,0,25,0,0,0,0,0,0,0,0,0,0,0,0,0
LamportFastMutEx-COL-7,11,NONE,NONE,2.8e-05,0.004296,0.004698,0.0,35176,FALSE,0,18,17,18,17,221,462,108,336,0,0,0,0,63,112,63,0,0,0,0,0,57,0,0,0,0,0,0,0,0,0,0,0,0,0
LamportFastMutEx-COL-7,12,NONE,NONE,2.5e-05,0.00428,0.005464,0.0,55128,FALSE,0,18,17,18,17,221,462,109,343,0,0,0,0,63,112,56,0,0,0,0,0,63,0,0,0,0,0,0,0,0,0,0,0,0,0
LamportFastMutEx-COL-7,13,TRUE,NONE,2.8e-05,0.004462,0.004701,0.021064,7660,FALSE,0,18,17,18,17,221,462,102,343,0,0,0,0,63,112,56,0,0,0,0,0,21,0,0,0,0,0,0,0,0,0,0,0,0,0
LamportFastMutEx-COL-7,14,NONE,NONE,3e-05,0.004599,0.003723,0.0,59856,FALSE,0,18,17,18,17,221,462,165,399,0,0,0,0,63,49,0,0,0,0,0,0,13,0,0,0,0,0,0,0,0,0,0,0,0,0
LamportFastMutEx-COL-7,15,TRUE,NONE,2.4e-05,0.004279,0.004639,0.035471,7680,FALSE,0,18,17,18,17,221,462,100,343,0,0,0,0,63,112,56,0,0,0,0,0,9,0,0,0,0,0,0,0,0,0,0,0,0,0
LamportFastMutEx-COL-7,16,NONE,NONE,2.7e-05,0.004182,0.004501,0.0,61528,FALSE,0,18,17,18,17,221,462,108,336,0,0,0,0,63,112,63,0,0,0,0,0,57,0,0,0,0,0,0,0,0,0,0,0,0,0
LamportFastMutEx-COL-8,1,FALSE,NONE,2.8e-05,0.005544,0.010531,0.053692,7660,FALSE,0,18,17,18,17,268,584,268,584,0,0,0,0,0,0,0,0,0,0,0,0,0,0,0,0,0,0,0,0,0,0,0,0,0,0
LamportFastMutEx-COL-8,2,FALSE,NONE,3e-05,0.007253,0.020004,0.04821,7340,FALSE,0,18,17,18,17,268,584,252,568,0,16,0,0,0,0,0,0,0,0,0,0,0,0,0,0,0,0,72,0,0,0,0,0,0,0
LamportFastMutEx-COL-8,3,TRUE,NONE,2.6e-05,0.005344,0.01138,17.3268,36992,FALSE,0,18,17,18,17,268,584,260,576,0,16,0,0,0,0,0,0,0,0,0,0,0,0,0,0,0,0,0,0,0,0,0,0,0,0
LamportFastMutEx-COL-8,4,NONE,NONE,2.6e-05,0.005359,0.010189,0.0,52372,FALSE,0,18,17,18,17,268,584,260,576,0,16,0,0,0,0,0,0,0,0,0,0,0,0,0,0,0,0,0,0,0,0,0,0,0,0
LamportFastMutEx-COL-8,5,FALSE,NONE,2.4e-05,0.005429,0.020794,0.003427,7336,FALSE,0,18,17,18,17,268,584,252,568,0,16,0,0,0,0,0,0,0,0,0,0,0,0,0,0,0,0,72,0,0,0,0,0,0,0
LamportFastMutEx-COL-8,6,NONE,NONE,2.6e-05,0.005245,0.018692,0.0,36728,FALSE,0,18,17,18,17,268,584,252,568,0,16,0,0,0,0,0,0,0,0,0,0,0,0,0,0,0,0,72,0,0,0,0,0,0,0
LamportFastMutEx-COL-8,7,NONE,NONE,2.9e-05,0.005734,0.009143,0.0,104496,FALSE,0,18,17,18,17,268,584,268,584,0,0,0,0,0,0,0,0,0,0,0,0,0,0,0,0,0,0,0,0,0,0,0,0,0,0
LamportFastMutEx-COL-8,8,FALSE,NONE,2.5e-05,0.005234,0.019562,0.003835,7764,FALSE,0,18,17,18,17,268,584,252,568,0,16,0,0,0,0,0,0,0,0,0,0,0,0,0,0,0,0,72,0,0,0,0,0,0,0
LamportFastMutEx-COL-8,9,NONE,NONE,2.3e-05,0.005259,0.019375,0.0,92564,FALSE,0,18,17,18,17,268,584,260,576,0,0,0,0,0,0,0,0,0,0,0,0,0,0,0,0,0,0,72,0,0,0,0,0,0,0
LamportFastMutEx-COL-8,10,FALSE,NONE,2.4e-05,0.005626,0.01053,0.022577,8272,FALSE,0,18,17,18,17,268,584,268,584,0,0,0,0,0,0,0,0,0,0,0,0,0,0,0,0,0,0,0,0,0,0,0,0,0,0
LamportFastMutEx-COL-8,11,TRUE,NONE,2.7e-05,0.005655,0.02007,0.004405,7568,FALSE,0,18,17,18,17,268,584,252,568,0,16,0,0,0,0,0,0,0,0,0,0,0,0,0,0,0,0,72,0,0,0,0,0,0,0
LamportFastMutEx-COL-8,12,TRUE,NONE,2.4e-05,0.00534,0.018654,0.005244,7964,FALSE,0,18,17,18,17,268,584,252,568,0,16,0,0,0,0,0,0,0,0,0,0,0,0,0,0,0,0,72,0,0,0,0,0,0,0
LamportFastMutEx-COL-8,13,NONE,NONE,2.5e-05,0.005295,0.009688,0.0,35700,FALSE,0,18,17,18,17,268,584,268,584,0,0,0,0,0,0,0,0,0,0,0,0,0,0,0,0,0,0,0,0,0,0,0,0,0,0
LamportFastMutEx-COL-8,14,NONE,NONE,2.8e-05,0.005352,0.010626,0.0,71724,FALSE,0,18,17,18,17,268,584,268,584,0,0,0,0,0,0,0,0,0,0,0,0,0,0,0,0,0,0,0,0,0,0,0,0,0,0
LamportFastMutEx-COL-8,15,TRUE,NONE,2.8e-05,0.005374,0.010278,0.385719,7696,FALSE,0,18,17,18,17,268,584,268,584,0,0,0,0,0,0,0,0,0,0,0,0,0,0,0,0,0,0,0,0,0,0,0,0,0,0
LamportFastMutEx-COL-8,16,TRUE,NONE,2.5e-05,0.005516,0.010369,0.004764,8080,FALSE,0,18,17,18,17,268,584,268,584,0,0,0,0,0,0,0,0,0,0,0,0,0,0,0,0,0,0,0,0,0,0,0,0,0,0
NeoElection-COL-2,1,NONE,NONE,5.3e-05,0.0,0.0,0.0,4564,FALSE,0,18,22,18,22,0,0,0,0,0,0,0,0,0,0,0,0,0,0,0,0,0,0,0,0,0,0,0,0,0,0,0,0,0,0
NeoElection-COL-2,2,NONE,NONE,5e-05,0.0,0.0,0.0,4568,FALSE,0,18,22,18,22,0,0,0,0,0,0,0,0,0,0,0,0,0,0,0,0,0,0,0,0,0,0,0,0,0,0,0,0,0,0
NeoElection-COL-2,3,NONE,NONE,6e-05,0.0,0.0,0.0,4560,FALSE,0,18,22,18,22,0,0,0,0,0,0,0,0,0,0,0,0,0,0,0,0,0,0,0,0,0,0,0,0,0,0,0,0,0,0
NeoElection-COL-2,4,NONE,NONE,6.4e-05,0.0,0.0,0.0,4560,FALSE,0,18,22,18,22,0,0,0,0,0,0,0,0,0,0,0,0,0,0,0,0,0,0,0,0,0,0,0,0,0,0,0,0,0,0
NeoElection-COL-2,5,NONE,NONE,5.4e-05,0.0,0.0,0.0,4568,FALSE,0,18,22,18,22,0,0,0,0,0,0,0,0,0,0,0,0,0,0,0,0,0,0,0,0,0,0,0,0,0,0,0,0,0,0
NeoElection-COL-2,6,NONE,NONE,5e-05,0.0,0.0,0.0,4568,FALSE,0,18,22,18,22,0,0,0,0,0,0,0,0,0,0,0,0,0,0,0,0,0,0,0,0,0,0,0,0,0,0,0,0,0,0
NeoElection-COL-2,7,NONE,NONE,5.4e-05,0.0,0.0,0.0,4564,FALSE,0,18,22,18,22,0,0,0,0,0,0,0,0,0,0,0,0,0,0,0,0,0,0,0,0,0,0,0,0,0,0,0,0,0,0
NeoElection-COL-2,8,NONE,NONE,5.7e-05,0.0,0.0,0.0,4564,FALSE,0,18,22,18,22,0,0,0,0,0,0,0,0,0,0,0,0,0,0,0,0,0,0,0,0,0,0,0,0,0,0,0,0,0,0
NeoElection-COL-2,9,NONE,NONE,6.5e-05,0.0,0.0,0.0,4564,FALSE,0,18,22,18,22,0,0,0,0,0,0,0,0,0,0,0,0,0,0,0,0,0,0,0,0,0,0,0,0,0,0,0,0,0,0
NeoElection-COL-2,10,NONE,NONE,5.4e-05,0.0,0.0,0.0,4564,FALSE,0,18,22,18,22,0,0,0,0,0,0,0,0,0,0,0,0,0,0,0,0,0,0,0,0,0,0,0,0,0,0,0,0,0,0
NeoElection-COL-2,11,NONE,NONE,5.6e-05,0.0,0.0,0.0,4564,FALSE,0,18,22,18,22,0,0,0,0,0,0,0,0,0,0,0,0,0,0,0,0,0,0,0,0,0,0,0,0,0,0,0,0,0,0
NeoElection-COL-2,12,NONE,NONE,6e-05,0.0,0.0,0.0,4568,FALSE,0,18,22,18,22,0,0,0,0,0,0,0,0,0,0,0,0,0,0,0,0,0,0,0,0,0,0,0,0,0,0,0,0,0,0
NeoElection-COL-2,13,NONE,NONE,5.3e-05,0.0,0.0,0.0,4564,FALSE,0,18,22,18,22,0,0,0,0,0,0,0,0,0,0,0,0,0,0,0,0,0,0,0,0,0,0,0,0,0,0,0,0,0,0
NeoElection-COL-2,14,NONE,NONE,5.8e-05,0.0,0.0,0.0,4564,FALSE,0,18,22,18,22,0,0,0,0,0,0,0,0,0,0,0,0,0,0,0,0,0,0,0,0,0,0,0,0,0,0,0,0,0,0
NeoElection-COL-2,15,NONE,NONE,7e-05,0.0,0.0,0.0,4560,FALSE,0,18,22,18,22,0,0,0,0,0,0,0,0,0,0,0,0,0,0,0,0,0,0,0,0,0,0,0,0,0,0,0,0,0,0
NeoElection-COL-2,16,NONE,NONE,5.8e-05,0.0,0.0,0.0,4560,FALSE,0,18,22,18,22,0,0,0,0,0,0,0,0,0,0,0,0,0,0,0,0,0,0,0,0,0,0,0,0,0,0,0,0,0,0
NeoElection-COL-3,1,FALSE,NONE,3.9e-05,0.00124,0.000114,0.0,4724,TRUE,0,18,22,18,22,81,60,0,0,0,0,0,0,0,0,0,0,1,0,0,0,0,0,0,0,0,0,0,0,0,0,0,0,0,0
NeoElection-COL-3,2,FALSE,NONE,5.5e-05,0.001425,0.000107,0.0,4716,TRUE,0,18,22,18,22,81,60,0,0,0,0,0,0,0,0,0,0,1,0,0,0,0,0,0,0,0,0,0,0,0,0,0,0,0,0
NeoElection-COL-3,3,TRUE,NONE,5.8e-05,0.001384,0.000134,0.0,4712,TRUE,0,18,22,18,22,81,60,0,0,0,0,0,0,0,0,0,0,1,0,0,0,0,0,0,0,0,0,0,0,0,0,0,0,0,0
NeoElection-COL-3,4,TRUE,NONE,5.4e-05,0.001329,0.000125,0.0,4720,TRUE,0,18,22,18,22,81,60,0,0,0,0,0,0,0,0,0,0,1,0,0,0,0,0,0,0,0,0,0,0,0,0,0,0,0,0
NeoElection-COL-3,5,FALSE,NONE,7.1e-05,0.001398,0.000132,0.0,4720,TRUE,0,18,22,18,22,81,60,0,0,0,0,0,0,0,0,0,0,1,0,0,0,0,0,0,0,0,0,0,0,0,0,0,0,0,0
NeoElection-COL-3,6,FALSE,NONE,5.8e-05,0.001366,0.000131,0.0,4720,TRUE,0,18,22,18,22,81,60,0,0,0,0,0,0,0,0,0,0,1,0,0,0,0,0,0,0,0,0,0,0,0,0,0,0,0,0
NeoElection-COL-3,7,FALSE,NONE,4.5e-05,0.001272,0.000134,0.0,4712,TRUE,0,18,22,18,22,81,60,0,0,0,0,0,0,0,0,0,0,1,0,0,0,0,0,0,0,0,0,0,0,0,0,0,0,0,0
NeoElection-COL-3,8,FALSE,NONE,5.3e-05,0.001355,0.000118,0.0,4716,TRUE,0,18,22,18,22,81,60,0,0,0,0,0,0,0,0,0,0,1,0,0,0,0,0,0,0,0,0,0,0,0,0,0,0,0,0
NeoElection-COL-3,9,FALSE,NONE,5.1e-05,0.001325,0.000129,0.0,4716,TRUE,0,18,22,18,22,81,60,0,0,0,0,0,0,0,0,0,0,1,0,0,0,0,0,0,0,0,0,0,0,0,0,0,0,0,0
NeoElection-COL-3,10,FALSE,NONE,5.3e-05,0.001316,0.000127,0.0,4712,TRUE,0,18,22,18,22,81,60,0,0,0,0,0,0,0,0,0,0,1,0,0,0,0,0,0,0,0,0,0,0,0,0,0,0,0,0
NeoElection-COL-3,11,FALSE,NONE,5e-05,0.001301,0.000135,0.0,4716,TRUE,0,18,22,18,22,81,60,0,0,0,0,0,0,0,0,0,0,1,0,0,0,0,0,0,0,0,0,0,0,0,0,0,0,0,0
NeoElection-COL-3,12,TRUE,NONE,4.8e-05,0.00119,0.000107,0.0,4716,TRUE,0,18,22,18,22,81,60,0,0,0,0,0,0,0,0,0,0,1,0,0,0,0,0,0,0,0,0,0,0,0,0,0,0,0,0
NeoElection-COL-3,13,TRUE,NONE,6.3e-05,0.001567,0.000133,0.0,4724,TRUE,0,18,22,18,22,81,60,0,0,0,0,0,0,0,0,0,0,1,0,0,0,0,0,0,0,0,0,0,0,0,0,0,0,0,0
NeoElection-COL-3,14,FALSE,NONE,5.5e-05,0.001312,0.000115,0.0,4716,TRUE,0,18,22,18,22,81,60,0,0,0,0,0,0,0,0,0,0,1,0,0,0,0,0,0,0,0,0,0,0,0,0,0,0,0,0
NeoElection-COL-3,15,FALSE,NONE,5.7e-05,0.001382,0.000117,0.0,4716,TRUE,0,18,22,18,22,81,60,0,0,0,0,0,0,0,0,0,0,1,0,0,0,0,0,0,0,0,0,0,0,0,0,0,0,0,0
NeoElection-COL-3,16,FALSE,NONE,4.2e-05,0.001184,0.000141,0.0,4720,TRUE,0,18,22,18,22,81,60,0,0,0,0,0,0,0,0,0,0,1,0,0,0,0,0,0,0,0,0,0,0,0,0,0,0,0,0
NeoElection-COL-4,1,TRUE,NONE,4.8e-05,0.00224,0.000196,0.0,4964,TRUE,0,18,22,18,22,136,130,0,0,0,0,0,0,0,0,0,0,1,0,0,0,0,0,0,0,0,0,0,0,0,0,0,0,0,0
NeoElection-COL-4,2,FALSE,NONE,5e-05,0.003074,0.000203,0.0,4960,TRUE,0,18,22,18,22,136,130,0,0,0,0,0,0,0,0,0,0,1,0,0,0,0,0,0,0,0,0,0,0,0,0,0,0,0,0
NeoElection-COL-4,3,TRUE,NONE,6e-05,0.002546,0.002112,0.003746,7288,FALSE,0,18,22,18,22,136,130,89,104,3,123,0,0,4,0,9,0,2,0,0,0,5,0,0,0,1,0,0,0,0,0,0,0,0,0
NeoElection-COL-4,4,TRUE,NONE,6.5e-05,0.002379,0.002156,0.003597,7288,FALSE,0,18,22,18,22,136,130,95,104,3,135,0,0,4,0,9,0,1,0,0,0,5,0,0,0,1,0,0,0,0,0,0,0,0,0
NeoElection-COL-4,5,FALSE,NONE,5.6e-05,0.00236,0.000205,0.0,4956,TRUE,0,18,22,18,22,136,130,0,0,0,0,0,0,0,0,0,0,1,0,0,0,0,0,0,0,0,0,0,0,0,0,0,0,0,0
NeoElection-COL-4,6,TRUE,NONE,5.1e-05,0.002367,0.0002,0.0,4960,TRUE,0,18,22,18,22,136,130,0,0,0,0,0,0,0,0,0,0,1,0,0,0,0,0,0,0,0,0,0,0,0,0,0,0,0,0
NeoElection-COL-4,7,FALSE,NONE,5.7e-05,0.002569,0.000188,0.0,4956,TRUE,0,18,22,18,22,136,130,0,0,0,0,0,0,0,0,0,0,1,0,0,0,0,0,0,0,0,0,0,0,0,0,0,0,0,0
NeoElection-COL-4,8,TRUE,NONE,4.9e-05,0.002589,0.001946,0.006271,7548,FALSE,0,18,22,18,22,136,130,110,127,0,0,0,0,3,0,0,0,1,0,0,0,3,0,0,0,0,0,0,0,0,0,0,0,0,0
NeoElection-COL-4,9,FALSE,NONE,6.2e-05,0.002592,0.000184,0.0,4952,TRUE,0,18,22,18,22,136,130,0,0,0,0,0,0,0,0,0,0,1,0,0,0,0,0,0,0,0,0,0,0,0,0,0,0,0,0
NeoElection-COL-4,10,TRUE,NONE,6.2e-05,0.002352,0.001331,0.005693,7548,FALSE,0,18,22,18,22,136,130,106,123,0,99,0,0,3,0,0,0,1,0,0,0,3,0,0,0,0,0,0,0,0,0,0,0,0,0
NeoElection-COL-4,11,TRUE,NONE,5.3e-05,0.002483,0.002239,0.003548,7548,FALSE,0,18,22,18,22,136,130,89,104,3,123,0,0,4,0,9,0,2,0,0,0,5,0,0,0,1,0,0,0,0,0,0,0,0,0
NeoElection-COL-4,12,TRUE,NONE,5.6e-05,0.002539,0.000206,0.0,4976,TRUE,0,18,22,18,22,136,130,0,0,0,0,0,0,0,0,0,0,1,0,0,0,0,0,0,0,0,0,0,0,0,0,0,0,0,0
NeoElection-COL-4,13,TRUE,NONE,5.2e-05,0.002625,0.001964,0.003012,7284,FALSE,0,18,22,18,22,136,130,90,111,0,107,0,0,7,0,0,0,1,0,0,0,11,0,0,0,4,0,0,0,0,0,0,0,0,0
NeoElection-COL-4,14,TRUE,NONE,5.6e-05,0.002803,0.000252,0.0,4960,TRUE,0,18,22,18,22,136,130,0,0,0,0,0,0,0,0,0,0,1,0,0,0,0,0,0,0,0,0,0,0,0,0,0,0,0,0
NeoElection-COL-4,15,FALSE,NONE,5.5e-05,0.002428,0.000199,0.0,4956,TRUE,0,18,22,18,22,136,130,0,0,0,0,0,0,0,0,0,0,1,0,0,0,0,0,0,0,0,0,0,0,0,0,0,0,0,0
NeoElection-COL-4,16,FALSE,NONE,4.3e-05,0.002396,0.000201,0.0,4976,TRUE,0,18,22,18,22,136,130,0,0,0,0,0,0,0,0,0,0,1,0,0,0,0,0,0,0,0,0,0,0,0,0,0,0,0,0
NeoElection-COL-5,1,TRUE,NONE,5.9e-05,0.004479,0.000347,0.0,5312,TRUE,0,18,22,18,22,208,240,0,0,0,0,0,0,0,0,0,0,1,0,0,0,0,0,0,0,0,0,0,0,0,0,0,0,0,0
NeoElection-COL-5,2,TRUE,NONE,6.8e-05,0.004282,0.000306,0.0,5308,TRUE,0,18,22,18,22,208,240,0,0,0,0,0,0,0,0,0,0,1,0,0,0,0,0,0,0,0,0,0,0,0,0,0,0,0,0
NeoElection-COL-5,3,NONE,NONE,4.8e-05,0.004013,0.0,0.0,5920,FALSE,0,18,22,18,22,208,240,0,0,0,0,0,0,0,0,0,0,0,0,0,0,0,0,0,0,0,0,0,0,0,0,0,0,0,0
NeoElection-COL-5,4,TRUE,NONE,6e-05,0.004254,0.000333,0.0,5312,TRUE,0,18,22,18,22,208,240,0,0,0,0,0,0,0,0,0,0,1,0,0,0,0,0,0,0,0,0,0,0,0,0,0,0,0,0
NeoElection-COL-5,5,NONE,NONE,4.8e-05,0.004372,0.0,0.0,6048,FALSE,0,18,22,18,22,208,240,0,0,0,0,0,0,0,0,0,0,0,0,0,0,0,0,0,0,0,0,0,0,0,0,0,0,0,0
NeoElection-COL-5,6,NONE,NONE,4.5e-05,0.004374,0.0,0.0,6040,FALSE,0,18,22,18,22,208,240,0,0,0,0,0,0,0,0,0,0,0,0,0,0,0,0,0,0,0,0,0,0,0,0,0,0,0,0
NeoElection-COL-5,7,TRUE,NONE,6.1e-05,0.004652,0.000288,0.0,5308,TRUE,0,18,22,18,22,208,240,0,0,0,0,0,0,0,0,0,0,1,0,0,0,0,0,0,0,0,0,0,0,0,0,0,0,0,0
NeoElection-COL-5,8,NONE,NONE,4.9e-05,0.004543,0.0,0.0,5964,FALSE,0,18,22,18,22,208,240,0,0,0,0,0,0,0,0,0,0,0,0,0,0,0,0,0,0,0,0,0,0,0,0,0,0,0,0
NeoElection-COL-5,9,FALSE,NONE,5.9e-05,0.004652,0.000368,0.0,5308,TRUE,0,18,22,18,22,208,240,0,0,0,0,0,0,0,0,0,0,1,0,0,0,0,0,0,0,0,0,0,0,0,0,0,0,0,0
NeoElection-COL-5,10,FALSE,NONE,4.2e-05,0.00453,0.000332,0.0,5316,TRUE,0,18,22,18,22,208,240,0,0,0,0,0,0,0,0,0,0,1,0,0,0,0,0,0,0,0,0,0,0,0,0,0,0,0,0
NeoElection-COL-5,11,FALSE,NONE,5.5e-05,0.00418,0.000412,0.0,5316,TRUE,0,18,22,18,22,208,240,0,0,0,0,0,0,0,0,0,0,1,0,0,0,0,0,0,0,0,0,0,0,0,0,0,0,0,0
NeoElection-COL-5,12,NONE,NONE,4.6e-05,0.004461,0.0,0.0,5920,FALSE,0,18,22,18,22,208,240,0,0,0,0,0,0,0,0,0,0,0,0,0,0,0,0,0,0,0,0,0,0,0,0,0,0,0,0
NeoElection-COL-5,13,TRUE,NONE,5e-05,0.004386,0.000305,0.0,5316,TRUE,0,18,22,18,22,208,240,0,0,0,0,0,0,0,0,0,0,1,0,0,0,0,0,0,0,0,0,0,0,0,0,0,0,0,0
NeoElection-COL-5,14,FALSE,NONE,4.4e-05,0.00491,0.000334,0.0,5308,TRUE,0,18,22,18,22,208,240,0,0,0,0,0,0,0,0,0,0,1,0,0,0,0,0,0,0,0,0,0,0,0,0,0,0,0,0
NeoElection-COL-5,15,FALSE,NONE,4.1e-05,0.004122,0.000354,0.0,5316,TRUE,0,18,22,18,22,208,240,0,0,0,0,0,0,0,0,0,0,1,0,0,0,0,0,0,0,0,0,0,0,0,0,0,0,0,0
NeoElection-COL-5,16,NONE,NONE,6.1e-05,0.004422,0.0,0.0,5912,FALSE,0,18,22,18,22,208,240,0,0,0,0,0,0,0,0,0,0,0,0,0,0,0,0,0,0,0,0,0,0,0,0,0,0,0,0
NeoElection-COL-6,1,FALSE,NONE,3.6e-05,0.006326,0.000441,0.0,5780,TRUE,0,18,22,18,22,294,399,0,0,0,0,0,0,0,0,0,0,1,0,0,0,0,0,0,0,0,0,0,0,0,0,0,0,0,0
NeoElection-COL-6,2,FALSE,NONE,5e-05,0.00635,0.00045,0.0,5788,TRUE,0,18,22,18,22,294,399,0,0,0,0,0,0,0,0,0,0,1,0,0,0,0,0,0,0,0,0,0,0,0,0,0,0,0,0
NeoElection-COL-6,3,TRUE,NONE,5.6e-05,0.006574,0.000419,0.0,5780,TRUE,0,18,22,18,22,294,399,0,0,0,0,0,0,0,0,0,0,1,0,0,0,0,0,0,0,0,0,0,0,0,0,0,0,0,0
NeoElection-COL-6,4,TRUE,NONE,6.5e-05,0.006995,0.008313,0.006081,8020,FALSE,0,18,22,18,22,294,399,239,382,0,346,0,0,5,0,0,0,1,0,0,0,2,0,0,0,0,0,0,0,0,0,0,0,0,0
NeoElection-COL-6,5,FALSE,NONE,5.5e-05,0.007176,0.000462,0.0,5784,TRUE,0,18,22,18,22,294,399,0,0,0,0,0,0,0,0,0,0,1,0,0,0,0,0,0,0,0,0,0,0,0,0,0,0,0,0
NeoElection-COL-6,6,FALSE,NONE,5.9e-05,0.006323,0.01354,0.008834,8008,FALSE,0,18,22,18,22,294,399,230,349,5,347,0,0,6,0,0,0,2,0,0,0,4,0,0,0,1,0,70,0,0,0,0,0,0,0
NeoElection-COL-6,7,FALSE,NONE,5.6e-05,0.006439,0.02802,0.003751,8216,FALSE,0,18,22,18,22,294,399,236,380,5,7,0,0,6,0,0,0,1,0,0,0,4,0,0,0,1,0,40,0,0,0,0,0,0,0
NeoElection-COL-6,8,FALSE,NONE,8e-05,0.007308,0.000474,0.0,5776,TRUE,0,18,22,18,22,294,399,0,0,0,0,0,0,0,0,0,0,1,0,0,0,0,0,0,0,0,0,0,0,0,0,0,0,0,0
NeoElection-COL-6,9,TRUE,NONE,5.9e-05,0.006532,0.012548,0.015976,8188,FALSE,0,18,22,18,22,294,399,220,349,5,347,0,0,6,0,0,0,2,0,0,0,4,0,0,0,1,0,40,0,0,0,0,0,0,0
NeoElection-COL-6,10,NONE,NONE,4.6e-05,0.006195,0.007752,0.0,197664,FALSE,0,18,22,18,22,294,399,239,382,0,346,0,0,5,0,0,0,1,0,0,0,2,0,0,0,0,0,0,0,0,0,0,0,0,0
NeoElection-COL-6,11,FALSE,NONE,5.8e-05,0.006342,0.00038,0.0,5792,TRUE,0,18,22,18,22,294,399,0,0,0,0,0,0,0,0,0,0,1,0,0,0,0,0,0,0,0,0,0,0,0,0,0,0,0,0
NeoElection-COL-6,12,TRUE,NONE,6.5e-05,0.006393,0.093356,0.003605,8008,FALSE,0,18,22,18,22,294,399,221,370,0,12,0,0,11,0,0,0,1,0,0,0,14,0,0,0,6,0,340,0,0,0,0,0,0,0
NeoElection-COL-6,13,FALSE,NONE,5.9e-05,0.00644,0.007604,0.003719,8012,FALSE,0,18,22,18,22,294,399,239,382,0,346,0,0,5,0,0,0,1,0,0,0,2,0,0,0,0,0,0,0,0,0,0,0,0,0
NeoElection-COL-6,14,FALSE,NONE,5.7e-05,0.006512,0.000463,0.0,5788,TRUE,0,18,22,18,22,294,399,0,0,0,0,0,0,0,0,0,0,1,0,0,0,0,0,0,0,0,0,0,0,0,0,0,0,0,0
NeoElection-COL-6,15,TRUE,NONE,6.4e-05,0.008999,0.000539,0.0,5776,TRUE,0,18,22,18,22,294,399,0,0,0,0,0,0,0,0,0,0,1,0,0,0,0,0,0,0,0,0,0,0,0,0,0,0,0,0
NeoElection-COL-6,16,FALSE,NONE,5.3e-05,0.006361,0.000384,0.0,5772,TRUE,0,18,22,18,22,294,399,0,0,0,0,0,0,0,0,0,0,1,0,0,0,0,0,0,0,0,0,0,0,0,0,0,0,0,0
NeoElection-COL-7,1,FALSE,NONE,4.9e-05,0.009952,0.000677,0.0,6448,TRUE,0,18,22,18,22,397,616,0,0,0,0,0,0,0,0,0,0,1,0,0,0,0,0,0,0,0,0,0,0,0,0,0,0,0,0
NeoElection-COL-7,2,FALSE,NONE,5.4e-05,0.009494,0.000549,0.0,6440,TRUE,0,18,22,18,22,397,616,0,0,0,0,0,0,0,0,0,0,1,0,0,0,0,0,0,0,0,0,0,0,0,0,0,0,0,0
NeoElection-COL-7,3,TRUE,NONE,5.4e-05,0.009588,0.000659,0.0,6440,TRUE,0,18,22,18,22,397,616,0,0,0,0,0,0,0,0,0,0,1,0,0,0,0,0,0,0,0,0,0,0,0,0,0,0,0,0
NeoElection-COL-7,4,TRUE,NONE,4.6e-05,0.009715,0.046529,0.006313,8664,FALSE,0,18,22,18,22,397,616,314,589,0,14,0,0,13,0,0,0,1,1,0,0,18,0,0,0,7,0,0,0,0,0,0,0,0,0
NeoElection-COL-7,5,TRUE,NONE,5.9e-05,0.008928,0.028384,0.008143,9860,FALSE,0,18,22,18,22,397,616,335,603,0,7,0,0,6,0,0,0,1,1,0,0,4,0,0,0,0,0,0,0,0,0,0,0,0,0
NeoElection-COL-7,6,FALSE,NONE,5.9e-05,0.00958,0.064767,0.010126,9440,FALSE,0,18,22,18,22,397,616,325,594,6,8,0,0,7,0,0,0,1,1,0,0,6,0,0,0,1,0,54,0,0,0,0,0,0,0
NeoElection-COL-7,7,TRUE,NONE,7.8e-05,0.010947,0.000779,0.0,6436,TRUE,0,18,22,18,22,397,616,0,0,0,0,0,0,0,0,0,0,1,0,0,0,0,0,0,0,0,0,0,0,0,0,0,0,0,0
NeoElection-COL-7,8,FALSE,NONE,5.9e-05,0.009856,0.049029,0.005048,8664,FALSE,0,18,22,18,22,397,616,321,596,0,7,0,0,13,0,0,0,1,1,0,0,18,0,0,0,7,0,0,0,0,0,0,0,0,0
NeoElection-COL-7,9,TRUE,NONE,5.7e-05,0.009625,0.000701,0.0,6440,TRUE,0,18,22,18,22,397,616,0,0,0,0,0,0,0,0,0,0,1,0,0,0,0,0,0,0,0,0,0,0,0,0,0,0,0,0
NeoElection-COL-7,10,TRUE,NONE,7.2e-05,0.011151,0.021574,0.01608,9924,FALSE,0,18,22,18,22,397,616,342,610,0,0,0,0,6,0,0,0,1,1,0,0,4,0,0,0,0,0,0,0,0,0,0,0,0,0
NeoElection-COL-7,11,FALSE,NONE,6.4e-05,0.009995,0.00076,0.0,6444,TRUE,0,18,22,18,22,397,616,0,0,0,0,0,0,0,0,0,0,1,0,0,0,0,0,0,0,0,0,0,0,0,0,0,0,0,0
NeoElection-COL-7,12,FALSE,NONE,0.000148,0.010873,0.083249,0.006452,9044,FALSE,0,18,22,18,22,397,616,325,594,6,8,0,0,7,0,0,0,1,1,0,0,6,0,0,0,1,0,96,0,0,0,0,0,0,0
NeoElection-COL-7,13,TRUE,NONE,6.3e-05,0.009769,0.000756,0.0,6444,TRUE,0,18,22,18,22,397,616,0,0,0,0,0,0,0,0,0,0,1,0,0,0,0,0,0,0,0,0,0,0,0,0,0,0,0,0
NeoElection-COL-7,14,TRUE,NONE,6.2e-05,0.01068,0.077163,0.00885,8740,FALSE,0,18,22,18,22,397,616,325,594,6,8,0,0,7,0,0,0,1,1,0,0,6,0,0,0,1,0,96,0,0,0,0,0,0,0
NeoElection-COL-7,15,TRUE,NONE,5.2e-05,0.009997,0.023955,0.004859,9552,FALSE,0,18,22,18,22,397,616,335,603,0,7,0,0,6,0,0,0,1,1,0,0,4,0,0,0,0,0,0,0,0,0,0,0,0,0
NeoElection-COL-7,16,FALSE,NONE,6e-05,0.009593,0.000698,0.0,6436,TRUE,0,18,22,18,22,397,616,0,0,0,0,0,0,0,0,0,0,1,0,0,0,0,0,0,0,0,0,0,0,0,0,0,0,0,0
NeoElection-COL-8,1,FALSE,NONE,5.5e-05,0.014655,0.001041,0.0,7292,TRUE,0,18,22,18,22,516,900,0,0,0,0,0,0,0,0,0,0,1,0,0,0,0,0,0,0,0,0,0,0,0,0,0,0,0,0
NeoElection-COL-8,2,NONE,NONE,6e-05,0.014194,0.068294,0.0,74768,FALSE,0,18,22,18,22,516,900,439,885,0,0,0,0,15,8,0,0,1,0,0,0,4,0,0,0,0,0,0,0,0,0,0,0,0,0
NeoElection-COL-8,3,TRUE,NONE,6.6e-05,0.016547,0.102681,0.0061,9516,FALSE,0,18,22,18,22,516,900,431,877,0,8,0,0,15,8,0,0,1,0,0,0,4,0,0,0,0,0,0,0,0,0,0,0,0,0
NeoElection-COL-8,4,NONE,NONE,6.5e-05,0.016903,0.122427,0.0,108816,FALSE,0,18,22,18,22,516,900,429,876,0,9,1,0,15,8,0,0,1,0,0,0,4,0,0,0,0,0,0,0,0,0,0,0,0,0
NeoElection-COL-8,5,FALSE,NONE,4.9e-05,0.016555,0.001251,0.0,7300,TRUE,0,18,22,18,22,516,900,0,0,0,0,0,0,0,0,0,0,1,0,0,0,0,0,0,0,0,0,0,0,0,0,0,0,0,0
NeoElection-COL-8,6,FALSE,NONE,5.9e-05,0.016517,0.001318,0.0,7296,TRUE,0,18,22,18,22,516,900,0,0,0,0,0,0,0,0,0,0,1,0,0,0,0,0,0,0,0,0,0,0,0,0,0,0,0,0
NeoElection-COL-8,7,FALSE,NONE,6.6e-05,0.016716,0.001348,0.0,7300,TRUE,0,18,22,18,22,516,900,0,0,0,0,0,0,0,0,0,0,1,0,0,0,0,0,0,0,0,0,0,0,0,0,0,0,0,0
NeoElection-COL-8,8,FALSE,NONE,6.4e-05,0.016369,0.001199,0.0,7296,TRUE,0,18,22,18,22,516,900,0,0,0,0,0,0,0,0,0,0,1,0,0,0,0,0,0,0,0,0,0,0,0,0,0,0,0,0
NeoElection-COL-8,9,FALSE,NONE,6.2e-05,0.014829,0.095577,0.006307,9524,FALSE,0,18,22,18,22,516,900,431,877,0,8,0,0,15,8,0,0,1,0,0,0,4,0,0,0,0,0,0,0,0,0,0,0,0,0
NeoElection-COL-8,10,TRUE,NONE,5.8e-05,0.01486,0.095276,0.0058,9516,FALSE,0,18,22,18,22,516,900,431,877,0,8,0,0,15,8,0,0,1,0,0,0,4,0,0,0,0,0,0,0,0,0,0,0,0,0
NeoElection-COL-8,11,TRUE,NONE,5.9e-05,0.014645,0.126085,0.005219,9512,FALSE,0,18,22,18,22,516,900,431,877,0,8,0,0,15,8,0,0,1,0,0,0,4,0,0,0,0,0,0,0,0,0,0,0,0,0
NeoElection-COL-8,12,TRUE,NONE,5.5e-05,0.014593,0.00111,0.0,7296,TRUE,0,18,22,18,22,516,900,0,0,0,0,0,0,0,0,0,0,1,0,0,0,0,0,0,0,0,0,0,0,0,0,0,0,0,0
NeoElection-COL-8,13,TRUE,NONE,5.7e-05,0.014365,0.001132,0.0,7292,TRUE,0,18,22,18,22,516,900,0,0,0,0,0,0,0,0,0,0,1,0,0,0,0,0,0,0,0,0,0,0,0,0,0,0,0,0
NeoElection-COL-8,14,FALSE,NONE,6e-05,0.014623,0.001054,0.0,7288,TRUE,0,18,22,18,22,516,900,0,0,0,0,0,0,0,0,0,0,1,0,0,0,0,0,0,0,0,0,0,0,0,0,0,0,0,0
NeoElection-COL-8,15,TRUE,NONE,5.3e-05,0.014397,0.001015,0.0,7300,TRUE,0,18,22,18,22,516,900,0,0,0,0,0,0,0,0,0,0,1,0,0,0,0,0,0,0,0,0,0,0,0,0,0,0,0,0
NeoElection-COL-8,16,FALSE,NONE,5.7e-05,0.014242,0.001153,0.0,7288,TRUE,0,18,22,18,22,516,900,0,0,0,0,0,0,0,0,0,0,1,0,0,0,0,0,0,0,0,0,0,0,0,0,0,0,0,0
PermAdmissibility-COL-01,1,FALSE,NONE,7e-06,0.000413,8.8e-05,0.0,4944,TRUE,0,40,16,40,16,42,16,0,0,0,0,0,0,0,0,0,0,1,0,0,0,0,0,0,0,0,0,0,0,0,0,0,0,0,0
PermAdmissibility-COL-01,2,TRUE,NONE,8e-06,0.000466,7.3e-05,0.0,4944,TRUE,0,40,16,40,16,42,16,0,0,0,0,0,0,0,0,0,0,1,0,0,0,0,0,0,0,0,0,0,0,0,0,0,0,0,0
PermAdmissibility-COL-01,3,TRUE,NONE,6e-06,0.000545,0.000287,0.002485,6764,FALSE,0,40,16,40,16,42,16,32,14,0,1,0,0,0,0,0,0,1,2,0,0,0,0,0,0,0,0,1,0,0,0,0,0,0,0
PermAdmissibility-COL-01,4,FALSE,NONE,7e-06,0.000386,0.000263,0.002482,6764,FALSE,0,40,16,40,16,42,16,27,13,0,0,0,0,0,0,0,0,1,1,0,0,2,0,0,0,0,0,1,0,0,0,0,0,0,0
PermAdmissibility-COL-01,5,FALSE,NONE,8e-06,0.000412,7e-05,0.0,4948,TRUE,0,40,16,40,16,42,16,0,0,0,0,0,0,0,0,0,0,1,0,0,0,0,0,0,0,0,0,0,0,0,0,0,0,0,0
PermAdmissibility-COL-01,6,FALSE,NONE,7e-06,0.000479,9.1e-05,0.0,4944,TRUE,0,40,16,40,16,42,16,0,0,0,0,0,0,0,0,0,0,1,0,0,0,0,0,0,0,0,0,0,0,0,0,0,0,0,0
PermAdmissibility-COL-01,7,TRUE,NONE,7e-06,0.000433,0.000243,0.002618,6764,FALSE,0,40,16,40,16,42,16,22,10,0,1,0,0,0,0,0,0,1,3,0,0,2,0,0,0,0,0,1,0,0,0,0,0,0,0
PermAdmissibility-COL-01,8,FALSE,NONE,7e-06,0.000384,7.4e-05,0.0,4944,TRUE,0,40,16,40,16,42,16,0,0,0,0,0,0,0,0,0,0,1,0,0,0,0,0,0,0,0,0,0,0,0,0,0,0,0,0
PermAdmissibility-COL-01,9,TRUE,NONE,8e-06,0.00045,0.000253,0.002424,6760,FALSE,0,40,16,40,16,42,16,33,15,0,0,0,0,0,0,0,0,1,2,0,0,0,0,0,0,0,0,1,0,0,0,0,0,0,0
PermAdmissibility-COL-01,10,FALSE,NONE,8e-06,0.000457,8.3e-05,0.0,4944,TRUE,0,40,16,40,16,42,16,0,0,0,0,0,0,0,0,0,0,1,0,0,0,0,0,0,0,0,0,0,0,0,0,0,0,0,0
PermAdmissibility-COL-01,11,FALSE,NONE,7e-06,0.000571,6.6e-05,0.0,4948,TRUE,0,40,16,40,16,42,16,0,0,0,0,0,0,0,0,0,0,1,0,0,0,0,0,0,0,0,0,0,0,0,0,0,0,0,0
PermAdmissibility-COL-01,12,FALSE,NONE,8e-06,0.000451,8.3e-05,0.0,4948,TRUE,0,40,16,40,16,42,16,0,0,0,0,0,0,0,0,0,0,1,0,0,0,0,0,0,0,0,0,0,0,0,0,0,0,0,0
PermAdmissibility-COL-01,13,TRUE,NONE,8e-06,0.000418,8.2e-05,0.0,4948,TRUE,0,40,16,40,16,42,16,0,0,0,0,0,0,0,0,0,0,1,0,0,0,0,0,0,0,0,0,0,0,0,0,0,0,0,0
PermAdmissibility-COL-01,14,TRUE,NONE,7e-06,0.000472,7.6e-05,0.0,4944,TRUE,0,40,16,40,16,42,16,0,0,0,0,0,0,0,0,0,0,1,0,0,0,0,0,0,0,0,0,0,0,0,0,0,0,0,0
PermAdmissibility-COL-01,15,FALSE,NONE,7e-06,0.000428,0.000118,0.0,4948,TRUE,0,40,16,40,16,42,16,0,0,0,0,0,0,0,0,0,0,1,0,0,0,0,0,0,0,0,0,0,0,0,0,0,0,0,0
PermAdmissibility-COL-01,16,TRUE,NONE,7e-06,0.000483,8.7e-05,0.0,4944,TRUE,0,40,16,40,16,42,16,0,0,0,0,0,0,0,0,0,0,1,0,0,0,0,0,0,0,0,0,0,0,0,0,0,0,0,0
PermAdmissibility-COL-02,1,NONE,NONE,7e-06,0.000407,0.0,0.0,4992,FALSE,0,40,16,40,16,42,16,0,0,0,0,0,0,0,0,0,0,0,0,0,0,0,0,0,0,0,0,0,0,0,0,0,0,0,0
PermAdmissibility-COL-02,2,NONE,NONE,1.5e-05,0.000449,0.0,0.0,4984,FALSE,0,40,16,40,16,42,16,0,0,0,0,0,0,0,0,0,0,0,0,0,0,0,0,0,0,0,0,0,0,0,0,0,0,0,0
PermAdmissibility-COL-02,3,NONE,NONE,7e-06,0.000407,0.0,0.0,4988,FALSE,0,40,16,40,16,42,16,0,0,0,0,0,0,0,0,0,0,0,0,0,0,0,0,0,0,0,0,0,0,0,0,0,0,0,0
PermAdmissibility-COL-02,4,NONE,NONE,6e-06,0.000496,0.0,0.0,4984,FALSE,0,40,16,40,16,42,16,0,0,0,0,0,0,0,0,0,0,0,0,0,0,0,0,0,0,0,0,0,0,0,0,0,0,0,0
PermAdmissibility-COL-02,5,NONE,NONE,6e-06,0.000473,0.0,0.0,4988,FALSE,0,40,16,40,16,42,16,0,0,0,0,0,0,0,0,0,0,0,0,0,0,0,0,0,0,0,0,0,0,0,0,0,0,0,0
PermAdmissibility-COL-02,6,NONE,NONE,7e-06,0.00041,0.0,0.0,4988,FALSE,0,40,16,40,16,42,16,0,0,0,0,0,0,0,0,0,0,0,0,0,0,0,0,0,0,0,0,0,0,0,0,0,0,0,0
PermAdmissibility-COL-02,7,TRUE,NONE,6e-06,0.000461,8.2e-05,0.0,4632,TRUE,0,40,16,40,16,42,16,0,0,0,0,0,0,0,0,0,0,1,0,0,0,0,0,0,0,0,0,0,0,0,0,0,0,0,0
PermAdmissibility-COL-02,8,TRUE,NONE,7e-06,0.000408,8.1e-05,0.0,4952,TRUE,0,40,16,40,16,42,16,0,0,0,0,0,0,0,0,0,0,1,0,0,0,0,0,0,0,0,0,0,0,0,0,0,0,0,0
PermAdmissibility-COL-02,9,FALSE,NONE,6e-06,0.00047,8.2e-05,0.0,4952,TRUE,0,40,16,40,16,42,16,0,0,0,0,0,0,0,0,0,0,1,0,0,0,0,0,0,0,0,0,0,0,0,0,0,0,0,0
PermAdmissibility-COL-02,10,NONE,NONE,6e-06,0.000459,0.0,0.0,4992,FALSE,0,40,16,40,16,42,16,0,0,0,0,0,0,0,0,0,0,0,0,0,0,0,0,0,0,0,0,0,0,0,0,0,0,0,0
PermAdmissibility-COL-02,11,NONE,NONE,7e-06,0.000457,0.0,0.0,4988,FALSE,0,40,16,40,16,42,16,0,0,0,0,0,0,0,0,0,0,0,0,0,0,0,0,0,0,0,0,0,0,0,0,0,0,0,0
PermAdmissibility-COL-02,12,NONE,NONE,7e-06,0.000407,0.0,0.0,4988,FALSE,0,40,16,40,16,42,16,0,0,0,0,0,0,0,0,0,0,0,0,0,0,0,0,0,0,0,0,0,0,0,0,0,0,0,0
PermAdmissibility-COL-02,13,NONE,NONE,7e-06,0.000444,0.0,0.0,4988,FALSE,0,40,16,40,16,42,16,0,0,0,0,0,0,0,0,0,0,0,0,0,0,0,0,0,0,0,0,0,0,0,0,0,0,0,0
PermAdmissibility-COL-02,14,NONE,NONE,6e-06,0.000411,0.0,0.0,4984,FALSE,0,40,16,40,16,42,16,0,0,0,0,0,0,0,0,0,0,0,0,0,0,0,0,0,0,0,0,0,0,0,0,0,0,0,0
PermAdmissibility-COL-02,15,NONE,NONE,7e-06,0.00041,0.0,0.0,4988,FALSE,0,40,16,40,16,42,16,0,0,0,0,0,0,0,0,0,0,0,0,0,0,0,0,0,0,0,0,0,0,0,0,0,0,0,0
PermAdmissibility-COL-02,16,NONE,NONE,7e-06,0.001557,0.0,0.0,4988,FALSE,0,40,16,40,16,42,16,0,0,0,0,0,0,0,0,0,0,0,0,0,0,0,0,0,0,0,0,0,0,0,0,0,0,0,0
PermAdmissibility-COL-05,1,TRUE,NONE,7e-06,0.000465,0.000147,0.0024,6636,FALSE,0,40,16,40,16,42,16,34,16,0,0,0,0,0,0,0,0,1,0,0,0,0,0,0,0,0,0,0,0,0,0,0,0,0,0
PermAdmissibility-COL-05,2,TRUE,NONE,7e-06,0.000462,0.000143,0.002327,6640,FALSE,0,40,16,40,16,42,16,34,16,0,0,0,0,0,0,0,0,1,0,0,0,0,0,0,0,0,0,0,0,0,0,0,0,0,0
PermAdmissibility-COL-05,3,TRUE,NONE,8e-06,0.000472,0.000192,0.002702,6640,FALSE,0,40,16,40,16,42,16,33,16,0,0,1,0,0,0,0,0,1,0,0,0,0,0,0,0,0,0,0,0,0,0,0,0,0,0
PermAdmissibility-COL-05,4,TRUE,NONE,8e-06,0.000438,0.000261,0.002382,6636,FALSE,0,40,16,40,16,42,16,27,13,0,0,2,0,0,0,0,0,1,0,0,0,0,0,0,0,0,0,1,0,0,0,0,0,0,0
PermAdmissibility-COL-05,5,FALSE,NONE,7e-06,0.000468,0.000267,0.002394,6640,FALSE,0,40,16,40,16,42,16,27,13,0,0,2,0,0,0,0,0,1,0,0,0,0,0,0,0,0,0,1,0,0,0,0,0,0,0
PermAdmissibility-COL-05,6,TRUE,NONE,7e-06,0.000457,0.000194,0.002393,6640,FALSE,0,40,16,40,16,42,16,28,14,0,0,2,0,0,0,0,0,1,0,0,0,0,0,0,0,0,0,0,0,0,0,0,0,0,0
PermAdmissibility-COL-05,7,TRUE,NONE,9e-06,0.000416,0.000192,0.002417,6640,FALSE,0,40,16,40,16,42,16,28,14,0,0,2,0,0,0,0,0,1,0,0,0,0,0,0,0,0,0,0,0,0,0,0,0,0,0
PermAdmissibility-COL-05,8,TRUE,NONE,7e-06,0.0005,0.00019,0.002407,6640,FALSE,0,40,16,40,16,42,16,28,14,0,0,2,0,0,0,0,0,1,0,0,0,0,0,0,0,0,0,0,0,0,0,0,0,0,0
PermAdmissibility-COL-05,9,TRUE,NONE,8e-06,0.000455,6.6e-05,0.0,4816,TRUE,0,40,16,40,16,42,16,0,0,0,0,0,0,0,0,0,0,1,0,0,0,0,0,0,0,0,0,0,0,0,0,0,0,0,0
PermAdmissibility-COL-05,10,FALSE,NONE,7e-06,0.000431,0.0002,0.002621,6640,FALSE,0,40,16,40,16,42,16,32,16,0,0,2,0,0,0,0,0,1,0,0,0,0,0,0,0,0,0,0,0,0,0,0,0,0,0
PermAdmissibility-COL-05,11,TRUE,NONE,8e-06,0.000496,0.000193,0.002718,6640,FALSE,0,40,16,40,16,42,16,29,14,0,0,1,0,0,0,0,0,1,0,0,0,0,0,0,0,0,0,0,0,0,0,0,0,0,0
PermAdmissibility-COL-05,12,TRUE,NONE,7e-06,0.000477,0.000218,0.002535,6640,FALSE,0,40,16,40,16,42,16,28,13,0,0,1,0,0,0,0,0,1,0,0,0,0,0,0,0,0,0,1,0,0,0,0,0,0,0
PermAdmissibility-COL-05,13,TRUE,NONE,7e-06,0.000494,0.00017,0.002826,6640,FALSE,0,40,16,40,16,42,16,30,14,0,0,0,0,0,0,0,0,1,0,0,0,0,0,0,0,0,0,0,0,0,0,0,0,0,0
PermAdmissibility-COL-05,14,TRUE,NONE,8e-06,0.00042,0.000237,0.002357,6640,FALSE,0,40,16,40,16,42,16,27,13,0,0,2,0,0,0,0,0,1,0,0,0,0,0,0,0,0,0,1,0,0,0,0,0,0,0
PermAdmissibility-COL-05,15,TRUE,NONE,8e-06,0.000466,0.000164,0.002556,6640,FALSE,0,40,16,40,16,42,16,28,14,0,0,2,0,0,0,0,0,1,0,0,0,0,0,0,0,0,0,0,0,0,0,0,0,0,0
PermAdmissibility-COL-05,16,TRUE,NONE,7e-06,0.000424,0.000157,0.002839,6640,FALSE,0,40,16,40,16,42,16,34,16,0,0,0,0,0,0,0,0,1,0,0,0,0,0,0,0,0,0,0,0,0,0,0,0,0,0
PermAdmissibility-COL-10,1,TRUE,NONE,7e-06,0.000487,0.000245,0.005461,6640,FALSE,0,40,16,40,16,42,16,22,10,0,1,2,0,0,0,0,0,1,2,0,0,0,0,0,0,0,0,1,0,0,0,0,0,0,0
PermAdmissibility-COL-10,2,TRUE,NONE,8e-06,0.000487,0.000242,0.00239,6640,FALSE,0,40,16,40,16,42,16,22,10,0,1,2,0,0,0,0,0,1,2,0,0,0,0,0,0,0,0,1,0,0,0,0,0,0,0
PermAdmissibility-COL-10,3,TRUE,NONE,8e-06,0.000486,0.00018,0.002145,6640,FALSE,0,40,16,40,16,42,16,24,12,0,0,2,0,0,0,0,0,1,0,0,0,0,0,0,0,0,0,0,0,0,0,0,0,0,0
PermAdmissibility-COL-10,4,TRUE,NONE,7e-06,0.00053,0.000307,0.002365,6640,FALSE,0,40,16,40,16,42,16,32,15,0,0,1,0,0,0,0,0,1,2,0,0,0,0,0,0,0,0,1,0,0,0,0,0,0,0
PermAdmissibility-COL-10,5,FALSE,NONE,8e-06,0.00043,0.00031,0.023427,6640,FALSE,0,40,16,40,16,42,16,28,13,0,0,1,0,0,0,0,0,1,0,0,0,0,0,0,0,0,0,1,0,0,0,0,0,0,0
PermAdmissibility-COL-10,6,TRUE,NONE,8e-06,0.000441,0.000159,0.002493,6640,FALSE,0,40,16,40,16,42,16,24,12,0,0,2,0,0,0,0,0,1,0,0,0,0,0,0,0,0,0,0,0,0,0,0,0,0,0
PermAdmissibility-COL-10,7,FALSE,NONE,7e-06,0.000658,0.000263,0.004126,6640,FALSE,0,40,16,40,16,42,16,28,14,0,0,2,0,0,0,0,0,1,0,0,0,0,0,0,0,0,0,0,0,0,0,0,0,0,0
PermAdmissibility-COL-10,8,TRUE,NONE,7e-06,0.000722,0.000263,0.009521,6640,FALSE,0,40,16,40,16,42,16,23,10,0,1,1,0,0,0,0,0,1,2,0,0,0,0,0,0,0,0,1,0,0,0,0,0,0,0
PermAdmissibility-COL-10,9,FALSE,NONE,7e-06,0.000498,0.000273,0.003367,6640,FALSE,0,40,16,40,16,42,16,32,15,0,0,1,0,0,0,0,0,1,2,0,0,0,0,0,0,0,0,1,0,0,0,0,0,0,0
PermAdmissibility-COL-10,10,FALSE,NONE,7e-06,0.00039,9.1e-05,0.00251,6640,FALSE,0,40,16,40,16,42,16,4,2,0,0,0,0,0,0,0,0,1,0,0,0,0,0,0,0,0,0,0,0,0,0,0,0,0,0
PermAdmissibility-COL-10,11,TRUE,NONE,8e-06,0.00049,0.000205,0.003457,6640,FALSE,0,40,16,40,16,42,16,27,13,0,0,2,0,0,0,0,0,1,0,0,0,0,0,0,0,0,0,1,0,0,0,0,0,0,0
PermAdmissibility-COL-10,12,TRUE,NONE,7e-06,0.000405,8.1e-05,0.0,4820,TRUE,0,40,16,40,16,42,16,0,0,0,0,0,0,0,0,0,0,1,0,0,0,0,0,0,0,0,0,0,0,0,0,0,0,0,0
PermAdmissibility-COL-10,13,TRUE,NONE,7e-06,0.000445,0.000237,0.002443,6636,FALSE,0,40,16,40,16,42,16,22,10,0,1,2,0,0,0,0,0,1,2,0,0,0,0,0,0,0,0,1,0,0,0,0,0,0,0
PermAdmissibility-COL-10,14,TRUE,NONE,7e-06,0.000494,0.000345,0.002887,6640,FALSE,0,40,16,40,16,42,16,30,14,0,1,2,0,0,0,0,0,1,2,0,0,0,0,0,0,0,0,1,0,0,0,0,0,0,0
PermAdmissibility-COL-10,15,TRUE,NONE,8e-06,0.000488,0.000218,0.004215,6640,FALSE,0,40,16,40,16,42,16,23,11,0,0,2,0,0,0,0,0,1,2,0,0,0,0,0,0,0,0,1,0,0,0,0,0,0,0
PermAdmissibility-COL-10,16,TRUE,NONE,7e-06,0.000493,5.8e-05,0.0,4820,TRUE,0,40,16,40,16,42,16,0,0,0,0,0,0,0,0,0,0,1,0,0,0,0,0,0,0,0,0,0,0,0,0,0,0,0,0
PermAdmissibility-COL-20,1,FALSE,NONE,7e-06,0.000402,5.7e-05,0.0,4920,TRUE,0,40,16,40,16,42,16,0,0,0,0,0,0,0,0,0,0,1,0,0,0,0,0,0,0,0,0,0,0,0,0,0,0,0,0
PermAdmissibility-COL-20,2,FALSE,NONE,8e-06,0.00044,8.9e-05,0.0,4916,TRUE,0,40,16,40,16,42,16,0,0,0,0,0,0,0,0,0,0,1,0,0,0,0,0,0,0,0,0,0,0,0,0,0,0,0,0
PermAdmissibility-COL-20,3,TRUE,NONE,7e-06,0.000412,0.000233,0.002596,6740,FALSE,0,40,16,40,16,42,16,28,13,0,0,1,0,0,0,0,0,1,0,0,0,0,0,0,0,0,0,1,0,0,0,0,0,0,0
PermAdmissibility-COL-20,4,TRUE,NONE,7e-06,0.000454,0.000197,0.012664,6740,FALSE,0,40,16,40,16,42,16,29,14,0,0,1,0,0,0,0,0,1,0,0,0,0,0,0,0,0,0,0,0,0,0,0,0,0,0
PermAdmissibility-COL-20,5,FALSE,NONE,7e-06,0.000473,0.000186,0.002361,6740,FALSE,0,40,16,40,16,42,16,32,16,0,0,2,0,0,0,0,0,1,0,0,0,0,0,0,0,0,0,0,0,0,0,0,0,0,0
PermAdmissibility-COL-20,6,TRUE,NONE,8e-06,0.000483,0.000215,0.002948,6740,FALSE,0,40,16,40,16,42,16,32,16,0,0,2,0,0,0,0,0,1,0,0,0,0,0,0,0,0,0,0,0,0,0,0,0,0,0
PermAdmissibility-COL-20,7,TRUE,NONE,7e-06,0.000465,0.000237,0.002386,6740,FALSE,0,40,16,40,16,42,16,26,12,0,0,2,0,0,0,0,0,1,0,0,0,0,0,0,0,0,0,2,0,0,0,0,0,0,0
PermAdmissibility-COL-20,8,TRUE,NONE,8e-06,0.000475,0.000175,0.00241,6740,FALSE,0,40,16,40,16,42,16,32,16,0,0,2,0,0,0,0,0,1,0,0,0,0,0,0,0,0,0,0,0,0,0,0,0,0,0
PermAdmissibility-COL-20,9,FALSE,NONE,7e-06,0.000458,0.000229,0.003318,6740,FALSE,0,40,16,40,16,42,16,33,16,0,0,1,0,0,0,0,0,1,0,0,0,0,0,0,0,0,0,0,0,0,0,0,0,0,0
PermAdmissibility-COL-20,10,FALSE,NONE,6e-06,0.000448,0.000257,0.002328,6740,FALSE,0,40,16,40,16,42,16,26,12,0,0,2,0,0,0,0,0,1,0,0,0,0,0,0,0,0,0,2,0,0,0,0,0,0,0
PermAdmissibility-COL-20,11,FALSE,NONE,8e-06,0.00041,0.000268,0.002416,6736,FALSE,0,40,16,40,16,42,16,27,13,0,0,2,0,0,0,0,0,1,0,0,0,0,0,0,0,0,0,1,0,0,0,0,0,0,0
PermAdmissibility-COL-20,12,TRUE,NONE,7e-06,0.000466,0.000208,0.147317,6740,FALSE,0,40,16,40,16,42,16,32,16,0,0,2,0,0,0,0,0,1,0,0,0,0,0,0,0,0,0,0,0,0,0,0,0,0,0
PermAdmissibility-COL-20,13,FALSE,NONE,8e-06,0.000416,8.6e-05,0.0,4920,TRUE,0,40,16,40,16,42,16,0,0,0,0,0,0,0,0,0,0,1,0,0,0,0,0,0,0,0,0,0,0,0,0,0,0,0,0
PermAdmissibility-COL-20,14,TRUE,NONE,7e-06,0.000445,0.000222,0.002181,6736,FALSE,0,40,16,40,16,42,16,27,13,0,0,2,0,0,0,0,0,1,0,0,0,0,0,0,0,0,0,1,0,0,0,0,0,0,0
PermAdmissibility-COL-20,15,TRUE,NONE,9e-06,0.000469,0.000327,0.00372,6736,FALSE,0,40,16,40,16,42,16,26,12,0,0,2,0,0,0,0,0,1,0,0,0,0,0,0,0,0,0,2,0,0,0,0,0,0,0
PermAdmissibility-COL-20,16,FALSE,NONE,8e-06,0.000476,0.000258,0.002579,6740,FALSE,0,40,16,40,16,42,16,32,16,0,0,2,0,0,0,0,0,1,0,0,0,0,0,0,0,0,0,0,0,0,0,0,0,0,0
PermAdmissibility-COL-50,1,NONE,NONE,7e-06,0.000512,0.000272,0.0,4864,FALSE,0,40,16,40,16,42,16,33,16,0,0,1,0,0,0,0,0,1,0,0,0,0,0,0,1,0,0,0,0,0,0,0,0,0,0
PermAdmissibility-COL-50,2,NONE,NONE,7e-06,0.000441,0.000331,0.0,4860,FALSE,0,40,16,40,16,42,16,31,14,0,1,1,0,0,0,0,0,1,2,0,0,0,0,0,1,0,0,1,0,0,0,0,0,0,0
PermAdmissibility-COL-50,3,NONE,NONE,7e-06,0.000455,0.000185,0.0,4860,FALSE,0,40,16,40,16,42,16,25,12,0,0,1,0,0,0,0,0,1,0,0,0,0,0,0,1,0,0,0,0,0,0,0,0,0,0
PermAdmissibility-COL-50,4,NONE,NONE,7e-06,0.00046,0.000235,0.0,4860,FALSE,0,40,16,40,16,42,16,33,16,0,0,1,0,0,0,0,0,1,0,0,0,0,0,0,1,0,0,0,0,0,0,0,0,0,0
PermAdmissibility-COL-50,5,NONE,NONE,6e-06,0.000462,0.00029,0.0,4860,FALSE,0,40,16,40,16,42,16,33,15,0,0,0,0,0,0,0,0,1,2,0,0,0,0,0,1,0,0,1,0,0,0,0,0,0,0
PermAdmissibility-COL-50,6,NONE,NONE,8e-06,0.00051,0.000251,0.0,4864,FALSE,0,40,16,40,16,42,16,25,12,0,0,1,0,0,0,0,0,1,0,0,0,0,0,0,1,0,0,0,0,0,0,0,0,0,0
PermAdmissibility-COL-50,7,NONE,NONE,6e-06,0.000438,0.00021,0.0,4864,FALSE,0,40,16,40,16,42,16,33,16,0,0,1,0,0,0,0,0,1,0,0,0,0,0,0,1,0,0,0,0,0,0,0,0,0,0
PermAdmissibility-COL-50,8,NONE,NONE,7e-06,0.000486,0.000175,0.0,4860,FALSE,0,40,16,40,16,42,16,25,12,0,0,1,0,0,0,0,0,1,0,0,0,0,0,0,1,0,0,0,0,0,0,0,0,0,0
PermAdmissibility-COL-50,9,NONE,NONE,8e-06,0.000459,0.000257,0.0,4864,FALSE,0,40,16,40,16,42,16,23,10,0,1,1,0,0,0,0,0,1,2,0,0,0,0,0,1,0,0,1,0,0,0,0,0,0,0
PermAdmissibility-COL-50,10,NONE,NONE,8e-06,0.000396,0.000297,0.0,4864,FALSE,0,40,16,40,16,42,16,32,14,0,1,0,0,0,0,0,0,1,2,0,0,0,0,0,1,0,0,1,0,0,0,0,0,0,0
PermAdmissibility-COL-50,11,NONE,NONE,6e-06,0.000439,0.000191,0.0,4860,FALSE,0,40,16,40,16,42,16,25,12,0,0,1,0,0,0,0,0,1,0,0,0,0,0,0,1,0,0,0,0,0,0,0,0,0,0
PermAdmissibility-COL-50,12,NONE,NONE,8e-06,0.000406,0.00031,0.0,4856,FALSE,0,40,16,40,16,42,16,32,15,0,0,1,0,0,0,0,0,1,2,0,0,0,0,0,1,0,0,1,0,0,0,0,0,0,0
PermAdmissibility-COL-50,13,NONE,NONE,9e-06,0.000449,0.000193,0.0,4860,FALSE,0,40,16,40,16,42,16,25,12,0,0,1,0,0,0,0,0,1,0,0,0,0,0,0,1,0,0,0,0,0,0,0,0,0,0
PermAdmissibility-COL-50,14,NONE,NONE,8e-06,0.000394,0.000308,0.0,4860,FALSE,0,40,16,40,16,42,16,32,15,0,0,1,0,0,0,0,0,1,2,0,0,0,0,0,1,0,0,1,0,0,0,0,0,0,0
PermAdmissibility-COL-50,15,NONE,NONE,7e-06,0.000497,0.000374,0.0,4856,FALSE,0,40,16,40,16,42,16,31,14,0,1,1,0,0,0,0,0,1,2,0,0,0,0,0,1,0,0,1,0,0,0,0,0,0,0
PermAdmissibility-COL-50,16,NONE,NONE,8e-06,0.000399,0.000353,0.0,4864,FALSE,0,40,16,40,16,42,16,31,14,0,1,1,0,0,0,0,0,1,2,0,0,0,0,0,1,0,0,1,0,0,0,0,0,0,0
Peterson-COL-2,1,FALSE,NONE,4e-06,0.001244,0.000644,0.009464,7120,FALSE,0,11,14,11,14,103,126,55,78,0,48,0,0,0,0,0,0,0,0,0,0,0,0,0,0,0,0,0,0,0,0,0,0,0,0
Peterson-COL-2,2,TRUE,NONE,5e-06,0.001187,0.00018,0.0,5132,TRUE,0,11,14,11,14,103,126,0,0,0,0,0,0,0,0,0,0,1,0,0,0,0,0,0,0,0,0,0,0,0,0,0,0,0,0
Peterson-COL-2,3,TRUE,NONE,5e-06,0.001229,0.000706,0.047407,7208,FALSE,0,11,14,11,14,103,126,101,124,0,2,0,0,0,0,0,0,0,0,0,0,0,0,0,0,0,0,0,0,0,0,0,0,0,0
Peterson-COL-2,4,FALSE,NONE,7e-06,0.001313,0.00018,0.0,5196,TRUE,0,11,14,11,14,103,126,0,0,0,0,0,0,0,0,0,0,1,0,0,0,0,0,0,0,0,0,0,0,0,0,0,0,0,0
Peterson-COL-2,5,TRUE,NONE,5e-06,0.001296,0.000613,0.002675,6856,FALSE,0,11,14,11,14,103,126,52,75,3,54,0,0,0,0,0,0,0,0,0,0,0,0,0,0,0,0,0,0,0,0,0,0,0,0
Peterson-COL-2,6,FALSE,NONE,4e-06,0.00116,0.000853,0.006416,7128,FALSE,0,11,14,11,14,103,126,82,105,3,24,0,0,0,0,0,0,0,0,0,0,0,0,0,0,0,0,0,0,0,0,0,0,0,0
Peterson-COL-2,7,FALSE,NONE,4e-06,0.00128,0.000649,0.007415,6860,FALSE,0,11,14,11,14,103,126,52,75,3,54,0,0,0,0,0,0,0,0,0,0,0,0,0,0,0,0,0,0,0,0,0,0,0,0
Peterson-COL-2,8,FALSE,NONE,5e-06,0.00133,0.00054,0.04708,7248,FALSE,0,11,14,11,14,103,126,103,126,0,0,0,0,0,0,0,0,0,0,0,0,0,0,0,0,0,0,0,0,0,0,0,0,0,0
Peterson-COL-2,9,FALSE,NONE,5e-06,0.00193,0.0002,0.0,5152,TRUE,0,11,14,11,14,103,126,0,0,0,0,0,0,0,0,0,0,1,0,0,0,0,0,0,0,0,0,0,0,0,0,0,0,0,0
Peterson-COL-2,10,FALSE,NONE,5e-06,0.001385,0.000713,0.003229,6856,FALSE,0,11,14,11,14,103,126,52,75,3,54,0,0,0,0,0,0,0,0,0,0,0,0,0,0,0,0,0,0,0,0,0,0,0,0
Peterson-COL-2,11,FALSE,NONE,4e-06,0.0014,0.000701,0.024829,7016,FALSE,0,11,14,11,14,103,126,76,99,3,30,0,0,0,0,0,0,0,0,0,0,0,0,0,0,0,0,0,0,0,0,0,0,0,0
Peterson-COL-2,12,FALSE,NONE,5e-06,0.001263,0.000622,0.072507,7204,FALSE,0,11,14,11,14,103,126,103,126,0,0,0,0,0,0,0,0,0,0,0,0,0,0,0,0,0,0,0,0,0,0,0,0,0,0
Peterson-COL-2,13,TRUE,NONE,5e-06,0.001373,0.000648,0.003145,6988,FALSE,0,11,14,11,14,103,126,81,104,0,22,0,0,0,0,0,0,0,0,0,0,0,0,0,0,0,0,0,0,0,0,0,0,0,0
Peterson-COL-2,14,TRUE,NONE,5e-06,0.001284,0.00067,0.002463,7016,FALSE,0,11,14,11,14,103,126,68,91,3,38,0,0,0,0,0,0,0,0,0,0,0,0,0,0,0,0,0,0,0,0,0,0,0,0
Peterson-COL-2,15,TRUE,NONE,4e-06,0.001369,0.000713,0.030002,7140,FALSE,0,11,14,11,14,103,126,84,107,3,22,0,0,0,0,0,0,0,0,0,0,0,0,0,0,0,0,0,0,0,0,0,0,0,0
Peterson-COL-2,16,FALSE,NONE,5e-06,0.001164,0.000677,0.076614,6960,FALSE,0,11,14,11,14,103,126,100,123,3,6,0,0,0,0,0,0,0,0,0,0,0,0,0,0,0,0,0,0,0,0,0,0,0,0
Peterson-COL-3,1,NONE,NONE,6e-06,0.006134,0.002313,0.0,28348,FALSE,0,11,14,11,14,245,332,229,316,0,16,0,0,0,0,0,0,0,0,0,0,0,0,0,0,0,0,0,0,0,0,0,0,0,0
Peterson-COL-3,2,FALSE,NONE,6e-06,0.004264,0.002431,28.94,27476,FALSE,0,11,14,11,14,245,332,193,280,0,64,0,0,0,0,0,0,0,0,0,0,0,0,0,0,0,0,0,0,0,0,0,0,0,0
Peterson-COL-3,3,TRUE,NONE,7e-06,0.003367,0.002991,0.252305,7384,FALSE,0,11,14,11,14,245,332,112,199,0,145,0,0,0,0,0,0,0,0,0,0,0,0,0,0,0,0,0,0,0,0,0,0,0,0
Peterson-COL-3,4,TRUE,NONE,7e-06,0.00349,0.002699,0.004291,7828,FALSE,0,11,14,11,14,245,332,197,284,0,48,0,0,0,0,0,0,0,0,0,0,0,0,0,0,0,0,0,0,0,0,0,0,0,0
Peterson-COL-3,5,TRUE,NONE,6e-06,0.003282,0.002599,0.226552,7388,FALSE,0,11,14,11,14,245,332,112,199,0,145,0,0,0,0,0,0,0,0,0,0,0,0,0,0,0,0,0,0,0,0,0,0,0,0
Peterson-COL-3,6,TRUE,NONE,5e-06,0.002949,0.002611,0.003981,7080,FALSE,0,11,14,11,14,245,332,105,192,0,140,0,0,0,0,0,0,0,0,0,0,0,0,0,0,0,0,0,0,0,0,0,0,0,0
Peterson-COL-3,7,TRUE,NONE,5e-06,0.00289,0.00278,0.008909,7696,FALSE,0,11,14,11,14,245,332,225,312,0,20,0,0,0,0,0,0,0,0,0,0,0,0,0,0,0,0,0,0,0,0,0,0,0,0
Peterson-COL-3,8,TRUE,NONE,5e-06,0.003061,0.00281,0.003688,7644,FALSE,0,11,14,11,14,245,332,225,312,0,20,0,0,0,0,0,0,0,0,0,0,0,0,0,0,0,0,0,0,0,0,0,0,0,0
Peterson-COL-3,9,TRUE,NONE,6e-06,0.003167,0.002791,18.0252,16648,FALSE,0,11,14,11,14,245,332,232,319,0,25,0,0,0,0,0,0,0,0,0,0,0,0,0,0,0,0,0,0,0,0,0,0,0,0
Peterson-COL-3,10,TRUE,NONE,5e-06,0.003121,0.00251,0.00377,7508,FALSE,0,11,14,11,14,245,332,186,273,0,59,0,0,0,0,0,0,0,0,0,0,0,0,0,0,0,0,0,0,0,0,0,0,0,0
Peterson-COL-3,11,FALSE,NONE,6e-06,0.004307,0.002554,5.69846,11936,FALSE,0,11,14,11,14,245,332,129,216,0,128,0,0,0,0,0,0,0,0,0,0,0,0,0,0,0,0,0,0,0,0,0,0,0,0
Peterson-COL-3,12,FALSE,NONE,5e-06,0.003081,0.002657,0.013241,7692,FALSE,0,11,14,11,14,245,332,197,284,0,48,0,0,0,0,0,0,0,0,0,0,0,0,0,0,0,0,0,0,0,0,0,0,0,0
Peterson-COL-3,13,FALSE,NONE,6e-06,0.003332,0.002426,28.1693,22012,FALSE,0,11,14,11,14,245,332,209,296,0,36,0,0,0,0,0,0,0,0,0,0,0,0,0,0,0,0,0,0,0,0,0,0,0,0
Peterson-COL-3,14,TRUE,NONE,5e-06,0.003005,0.002491,6.39529,9900,FALSE,0,11,14,11,14,245,332,236,323,0,9,0,0,0,0,0,0,0,0,0,0,0,0,0,0,0,0,0,0,0,0,0,0,0,0
Peterson-COL-3,15,TRUE,NONE,6e-06,0.003283,0.002386,15.8307,15172,FALSE,0,11,14,11,14,245,332,245,332,0,0,0,0,0,0,0,0,0,0,0,0,0,0,0,0,0,0,0,0,0,0,0,0,0,0
Peterson-COL-3,16,TRUE,NONE,5e-06,0.003032,0.002632,1.78228,7704,FALSE,0,11,14,11,14,245,332,148,235,0,109,0,0,0,0,0,0,0,0,0,0,0,0,0,0,0,0,0,0,0,0,0,0,0,0
Peterson-COL-4,1,FALSE,NONE,5e-06,0.006049,0.00624,0.17546,8056,FALSE,0,11,14,11,14,481,690,346,555,0,135,0,0,0,0,0,0,0,0,0,0,0,0,0,0,0,0,0,0,0,0,0,0,0,0
Peterson-COL-4,2,FALSE,NONE,4e-06,0.006061,0.007993,0.004941,7576,FALSE,0,11,14,11,14,481,690,251,460,0,290,0,0,0,0,0,0,0,0,0,0,0,0,0,0,0,0,0,0,0,0,0,0,0,0
Peterson-COL-4,3,TRUE,NONE,5e-06,0.006717,0.008337,0.004745,7576,FALSE,0,11,14,11,14,481,690,270,479,0,271,0,0,0,0,0,0,0,0,0,0,0,0,0,0,0,0,0,0,0,0,0,0,0,0
Peterson-COL-4,4,TRUE,NONE,6e-06,0.00612,0.008086,0.043185,8064,FALSE,0,11,14,11,14,481,690,431,640,0,110,0,0,0,0,0,0,0,0,0,0,0,0,0,0,0,0,0,0,0,0,0,0,0,0
Peterson-COL-4,5,FALSE,NONE,5e-06,0.006928,0.0081,0.008141,8016,FALSE,0,11,14,11,14,481,690,357,566,0,124,0,0,0,0,0,0,0,0,0,0,0,0,0,0,0,0,0,0,0,0,0,0,0,0
Peterson-COL-4,6,FALSE,NONE,6e-06,0.007321,0.006466,0.014017,8124,FALSE,0,11,14,11,14,481,690,456,665,0,25,0,0,0,0,0,0,0,0,0,0,0,0,0,0,0,0,0,0,0,0,0,0,0,0
Peterson-COL-4,7,TRUE,NONE,5e-06,0.006364,0.007781,0.004918,7576,FALSE,0,11,14,11,14,481,690,246,455,0,295,0,0,0,0,0,0,0,0,0,0,0,0,0,0,0,0,0,0,0,0,0,0,0,0
Peterson-COL-4,8,FALSE,NONE,5e-06,0.007271,0.008482,0.005747,7576,FALSE,0,11,14,11,14,481,690,251,460,0,290,0,0,0,0,0,0,0,0,0,0,0,0,0,0,0,0,0,0,0,0,0,0,0,0
Peterson-COL-4,9,TRUE,NONE,5e-06,0.005821,0.005902,0.005614,8004,FALSE,0,11,14,11,14,481,690,251,460,0,290,0,0,0,0,0,0,0,0,0,0,0,0,0,0,0,0,0,0,0,0,0,0,0,0
Peterson-COL-4,10,NONE,NONE,5e-06,0.006172,0.00624,0.0,38248,FALSE,0,11,14,11,14,481,690,280,489,0,221,0,0,0,0,0,0,0,0,0,0,0,0,0,0,0,0,0,0,0,0,0,0,0,0
Peterson-COL-4,11,FALSE,NONE,5e-06,0.006314,0.008814,3.78027,12456,FALSE,0,11,14,11,14,481,690,345,554,0,216,0,0,0,0,0,0,0,0,0,0,0,0,0,0,0,0,0,0,0,0,0,0,0,0
Peterson-COL-4,12,TRUE,NONE,5e-06,0.009261,0.00915,0.006945,7572,FALSE,0,11,14,11,14,481,690,265,474,0,296,0,0,0,0,0,0,0,0,0,0,0,0,0,0,0,0,0,0,0,0,0,0,0,0
Peterson-COL-4,13,TRUE,NONE,4e-06,0.006325,0.007449,0.005065,7572,FALSE,0,11,14,11,14,481,690,246,455,0,295,0,0,0,0,0,0,0,0,0,0,0,0,0,0,0,0,0,0,0,0,0,0,0,0
Peterson-COL-4,14,NONE,NONE,5e-06,0.006463,0.012734,0.0,37548,FALSE,0,11,14,11,14,481,690,481,690,0,0,0,0,0,0,0,0,0,0,0,0,0,0,0,0,0,0,0,0,0,0,0,0,0,0
Peterson-COL-4,15,NONE,NONE,4e-06,0.006294,0.00769,0.0,68468,FALSE,0,11,14,11,14,481,690,285,494,0,196,0,0,0,0,0,0,0,0,0,0,0,0,0,0,0,0,0,0,0,0,0,0,0,0
Peterson-COL-4,16,NONE,NONE,5e-06,0.006518,0.006297,0.0,29168,FALSE,0,11,14,11,14,481,690,441,650,0,120,0,0,0,0,0,0,0,0,0,0,0,0,0,0,0,0,0,0,0,0,0,0,0,0
Peterson-COL-5,1,TRUE,NONE,5e-06,0.013633,0.00157,0.0,7952,TRUE,0,11,14,11,14,835,1242,0,0,0,0,0,0,0,0,0,0,1,0,0,0,0,0,0,0,0,0,0,0,0,0,0,0,0,0
Peterson-COL-5,2,TRUE,NONE,6e-06,0.011391,0.02166,0.02026,9292,FALSE,0,11,14,11,14,835,1242,804,1211,0,61,0,0,0,0,0,0,0,0,0,0,0,0,0,0,0,0,0,0,0,0,0,0,0,0
Peterson-COL-5,3,FALSE,NONE,5e-06,0.010754,0.022161,0.07337,9412,FALSE,0,11,14,11,14,835,1242,535,942,25,275,0,0,0,0,0,0,0,0,0,0,0,0,0,0,0,0,0,0,0,0,0,0,0,0
Peterson-COL-5,4,FALSE,NONE,5e-06,0.010384,0.025566,0.015812,9332,FALSE,0,11,14,11,14,835,1242,799,1206,5,61,0,0,0,0,0,0,0,0,0,0,0,0,0,0,0,0,0,0,0,0,0,0,0,0
Peterson-COL-5,5,NONE,NONE,5e-06,0.010628,0.021413,0.0,21480,FALSE,0,11,14,11,14,835,1242,769,1176,0,96,0,0,0,0,0,0,0,0,0,0,0,0,0,0,0,0,0,0,0,0,0,0,0,0
Peterson-COL-5,6,NONE,NONE,5e-06,0.01057,0.020829,0.0,69124,FALSE,0,11,14,11,14,835,1242,301,708,30,504,0,0,0,0,0,0,0,0,0,0,0,0,0,0,0,0,0,0,0,0,0,0,0,0
Peterson-COL-5,7,TRUE,NONE,4e-06,0.011027,0.024638,0.015019,8328,FALSE,0,11,14,11,14,835,1242,301,708,30,504,0,0,0,0,0,0,0,0,0,0,0,0,0,0,0,0,0,0,0,0,0,0,0,0
Peterson-COL-5,8,TRUE,NONE,4e-06,0.010483,0.02379,0.01506,8328,FALSE,0,11,14,11,14,835,1242,295,702,30,510,0,0,0,0,0,0,0,0,0,0,0,0,0,0,0,0,0,0,0,0,0,0,0,0
Peterson-COL-5,9,NONE,NONE,4e-06,0.010543,0.025063,0.0,23972,FALSE,0,11,14,11,14,835,1242,829,1236,0,36,0,0,0,0,0,0,0,0,0,0,0,0,0,0,0,0,0,0,0,0,0,0,0,0
Peterson-COL-5,10,NONE,NONE,5e-06,0.011109,0.026864,0.0,22476,FALSE,0,11,14,11,14,835,1242,781,1188,0,54,0,0,0,0,0,0,0,0,0,0,0,0,0,0,0,0,0,0,0,0,0,0,0,0
Peterson-COL-5,11,TRUE,NONE,6e-06,0.010972,0.023039,0.010657,9572,FALSE,0,11,14,11,14,835,1242,679,1086,0,156,0,0,0,0,0,0,0,0,0,0,0,0,0,0,0,0,0,0,0,0,0,0,0,0
Peterson-COL-5,12,TRUE,NONE,5e-06,0.01161,0.024342,0.015572,8324,FALSE,0,11,14,11,14,835,1242,295,702,30,510,0,0,0,0,0,0,0,0,0,0,0,0,0,0,0,0,0,0,0,0,0,0,0,0
Peterson-COL-5,13,FALSE,NONE,5e-06,0.010933,0.024672,0.015139,8332,FALSE,0,11,14,11,14,835,1242,301,708,30,504,0,0,0,0,0,0,0,0,0,0,0,0,0,0,0,0,0,0,0,0,0,0,0,0
Peterson-COL-5,14,TRUE,NONE,6e-06,0.010898,0.024428,0.014164,8324,FALSE,0,11,14,11,14,835,1242,301,708,30,504,0,0,0,0,0,0,0,0,0,0,0,0,0,0,0,0,0,0,0,0,0,0,0,0
Peterson-COL-5,15,FALSE,NONE,5e-06,0.011264,0.025321,0.015883,8324,FALSE,0,11,14,11,14,835,1242,295,702,30,510,0,0,0,0,0,0,0,0,0,0,0,0,0,0,0,0,0,0,0,0,0,0,0,0
Peterson-COL-5,16,TRUE,NONE,6e-06,0.01084,0.021237,0.049821,9304,FALSE,0,11,14,11,14,835,1242,660,1067,0,175,0,0,0,0,0,0,0,0,0,0,0,0,0,0,0,0,0,0,0,0,0,0,0,0
Peterson-COL-6,1,NONE,NONE,5e-06,0.017445,0.012517,0.0,27608,FALSE,0,11,14,11,14,1331,2030,785,1484,36,510,0,0,0,0,0,0,0,0,0,0,0,0,0,0,0,0,0,0,0,0,0,0,0,0
Peterson-COL-6,2,FALSE,NONE,5e-06,0.01808,0.014038,0.041755,9424,FALSE,0,11,14,11,14,1331,2030,463,1162,41,1037,0,0,0,0,0,0,0,0,0,0,0,0,0,0,0,0,0,0,0,0,0,0,0,0
Peterson-COL-6,3,TRUE,NONE,5e-06,0.017875,0.013992,0.042467,9292,FALSE,0,11,14,11,14,1331,2030,456,1155,42,1043,0,0,0,0,0,0,0,0,0,0,0,0,0,0,0,0,0,0,0,0,0,0,0,0
Peterson-COL-6,4,FALSE,NONE,4e-06,0.016919,0.015271,0.008104,10008,FALSE,0,11,14,11,14,1331,2030,701,1400,6,876,0,0,0,0,0,0,0,0,0,0,0,0,0,0,0,0,0,0,0,0,0,0,0,0
Peterson-COL-6,5,TRUE,NONE,5e-06,0.019622,0.015524,0.009961,9396,FALSE,0,11,14,11,14,1331,2030,491,1190,36,1056,0,0,0,0,0,0,0,0,0,0,0,0,0,0,0,0,0,0,0,0,0,0,0,0
Peterson-COL-6,6,TRUE,NONE,5e-06,0.019132,0.014029,0.040628,9292,FALSE,0,11,14,11,14,1331,2030,463,1162,41,1037,0,0,0,0,0,0,0,0,0,0,0,0,0,0,0,0,0,0,0,0,0,0,0,0
Peterson-COL-6,7,FALSE,NONE,6e-06,0.019899,0.014255,0.009561,9424,FALSE,0,11,14,11,14,1331,2030,491,1190,36,1056,0,0,0,0,0,0,0,0,0,0,0,0,0,0,0,0,0,0,0,0,0,0,0,0
Peterson-COL-6,8,FALSE,NONE,4e-06,0.018931,0.001994,0.0,9972,TRUE,0,11,14,11,14,1331,2030,0,0,0,0,0,0,0,0,0,0,1,0,0,0,0,0,0,0,0,0,0,0,0,0,0,0,0,0
Peterson-COL-6,9,TRUE,NONE,5e-06,0.017636,0.00173,0.0,9416,TRUE,0,11,14,11,14,1331,2030,0,0,0,0,0,0,0,0,0,0,1,0,0,0,0,0,0,0,0,0,0,0,0,0,0,0,0,0
Peterson-COL-6,10,FALSE,NONE,5e-06,0.021392,0.01311,0.011122,10792,FALSE,0,11,14,11,14,1331,2030,1261,1960,5,275,0,0,0,0,0,0,0,0,0,0,0,0,0,0,0,0,0,0,0,0,0,0,0,0
Peterson-COL-6,11,NONE,NONE,5e-06,0.018108,0.013891,0.0,28492,FALSE,0,11,14,11,14,1331,2030,1037,1736,36,510,0,0,0,0,0,0,0,0,0,0,0,0,0,0,0,0,0,0,0,0,0,0,0,0
Peterson-COL-6,12,TRUE,NONE,5e-06,0.018243,0.014193,0.039805,9292,FALSE,0,11,14,11,14,1331,2030,456,1155,42,1043,0,0,0,0,0,0,0,0,0,0,0,0,0,0,0,0,0,0,0,0,0,0,0,0
Peterson-COL-6,13,NONE,NONE,4e-06,0.017331,0.014771,0.0,55084,FALSE,0,11,14,11,14,1331,2030,491,1190,42,1050,0,0,0,0,0,0,0,0,0,0,0,0,0,0,0,0,0,0,0,0,0,0,0,0
Peterson-COL-6,14,NONE,NONE,6e-06,0.019915,0.020183,0.0,19788,FALSE,0,11,14,11,14,1331,2030,1296,1995,5,30,0,0,0,0,0,0,0,0,0,0,0,0,0,0,0,0,0,0,0,0,0,0,0,0
Peterson-COL-6,15,NONE,NONE,6e-06,0.016911,0.015782,0.0,16296,FALSE,0,11,14,11,14,1331,2030,1037,1736,0,546,0,0,0,0,0,0,0,0,0,0,0,0,0,0,0,0,0,0,0,0,0,0,0,0
Peterson-COL-6,16,FALSE,NONE,5e-06,0.017269,0.01451,0.054665,10592,FALSE,0,11,14,11,14,1331,2030,743,1442,6,834,0,0,0,0,0,0,0,0,0,0,0,0,0,0,0,0,0,0,0,0,0,0,0,0
Peterson-COL-7,1,TRUE,NONE,7e-06,0.023582,0.160961,0.010279,12300,FALSE,0,11,14,11,14,1993,3096,1377,2480,392,616,0,0,0,0,0,0,0,0,0,0,0,0,0,0,0,0,0,0,0,0,0,0,0,0
Peterson-COL-7,2,TRUE,NONE,4e-06,0.032114,0.160851,0.146541,12048,FALSE,0,11,14,11,14,1993,3096,993,2096,392,944,0,0,0,0,0,0,0,0,0,0,0,0,0,0,0,0,0,0,0,0,0,0,0,0
Peterson-COL-7,3,TRUE,NONE,3.5e-05,0.030495,0.148569,0.013537,12860,FALSE,0,11,14,11,14,1993,3096,1970,3073,0,79,0,0,0,0,0,0,0,0,0,0,0,0,0,0,0,0,0,0,0,0,0,0,0,0
Peterson-COL-7,4,NONE,NONE,5e-06,0.026973,0.155325,0.0,31740,FALSE,0,11,14,11,14,1993,3096,1048,2151,392,945,0,0,0,0,0,0,0,0,0,0,0,0,0,0,0,0,0,0,0,0,0,0,0,0
Peterson-COL-7,5,FALSE,NONE,5e-06,0.027771,0.139204,0.01135,12668,FALSE,0,11,14,11,14,1993,3096,1441,2544,392,160,0,0,0,0,0,0,0,0,0,0,0,0,0,0,0,0,0,0,0,0,0,0,0,0
Peterson-COL-7,6,NONE,NONE,5e-06,0.032551,0.154124,0.0,28180,FALSE,0,11,14,11,14,1993,3096,1496,2599,392,105,0,0,0,0,0,0,0,0,0,0,0,0,0,0,0,0,0,0,0,0,0,0,0,0
Peterson-COL-7,7,NONE,NONE,5e-06,0.027684,0.158223,0.0,45664,FALSE,0,11,14,11,14,1993,3096,1201,2304,343,505,0,0,0,0,0,0,0,0,0,0,0,0,0,0,0,0,0,0,0,0,0,0,0,0
Peterson-COL-7,8,NONE,NONE,5e-06,0.027251,0.139176,0.0,40844,FALSE,0,11,14,11,14,1993,3096,1929,3032,0,64,0,0,0,0,0,0,0,0,0,0,0,0,0,0,0,0,0,0,0,0,0,0,0,0
Peterson-COL-7,9,NONE,NONE,6e-06,0.028475,0.136813,0.0,26480,FALSE,0,11,14,11,14,1993,3096,1489,2592,392,112,0,0,0,0,0,0,0,0,0,0,0,0,0,0,0,0,0,0,0,0,0,0,0,0
Peterson-COL-7,10,TRUE,NONE,4e-06,0.026926,0.158883,0.010287,12300,FALSE,0,11,14,11,14,1993,3096,1377,2480,392,616,0,0,0,0,0,0,0,0,0,0,0,0,0,0,0,0,0,0,0,0,0,0,0,0
Peterson-COL-7,11,TRUE,NONE,4e-06,0.027994,0.176697,0.150514,12052,FALSE,0,11,14,11,14,1993,3096,1001,2104,392,936,0,0,0,0,0,0,0,0,0,0,0,0,0,0,0,0,0,0,0,0,0,0,0,0
Peterson-COL-7,12,NONE,NONE,5e-06,0.033423,0.16693,0.0,34152,FALSE,0,11,14,11,14,1993,3096,1489,2592,392,112,0,0,0,0,0,0,0,0,0,0,0,0,0,0,0,0,0,0,0,0,0,0,0,0
Peterson-COL-7,13,NONE,NONE,4e-06,0.028261,0.138112,0.0,18644,FALSE,0,11,14,11,14,1993,3096,1890,2993,0,439,0,0,0,0,0,0,0,0,0,0,0,0,0,0,0,0,0,0,0,0,0,0,0,0
Peterson-COL-7,14,NONE,NONE,5e-06,0.030163,0.142355,0.0,26568,FALSE,0,11,14,11,14,1993,3096,1113,2216,343,873,0,0,0,0,0,0,0,0,0,0,0,0,0,0,0,0,0,0,0,0,0,0,0,0
Peterson-COL-7,15,TRUE,NONE,4e-06,0.027268,0.162767,0.141382,12052,FALSE,0,11,14,11,14,1993,3096,1001,2104,392,936,0,0,0,0,0,0,0,0,0,0,0,0,0,0,0,0,0,0,0,0,0,0,0,0
Peterson-COL-7,16,TRUE,NONE,5e-06,0.028783,0.155332,0.008766,12300,FALSE,0,11,14,11,14,1993,3096,1377,2480,392,616,0,0,0,0,0,0,0,0,0,0,0,0,0,0,0,0,0,0,0,0,0,0,0,0
Philosophers-COL-000005,1,FALSE,NONE,1.4e-05,0.000327,0.000176,0.004163,6744,FALSE,0,5,5,5,5,25,25,25,25,0,0,0,0,0,0,0,0,0,0,0,0,0,0,0,0,0,0,0,0,0,0,0,0,0,0
Philosophers-COL-000005,2,FALSE,NONE,1.4e-05,0.000272,0.00019,0.004902,6544,FALSE,0,5,5,5,5,25,25,25,25,0,0,0,0,0,0,0,0,0,0,0,0,0,0,0,0,0,0,0,0,0,0,0,0,0,0
Philosophers-COL-000005,3,TRUE,NONE,1.5e-05,0.000279,9e-05,0.0,4260,TRUE,0,5,5,5,5,25,25,0,0,0,0,0,0,0,0,0,0,1,0,0,0,0,0,0,0,0,0,0,0,0,0,0,0,0,0
Philosophers-COL-000005,4,FALSE,NONE,1.2e-05,0.000231,0.000154,0.002584,6556,FALSE,0,5,5,5,5,25,25,25,25,0,0,0,0,0,0,0,0,0,0,0,0,0,0,0,0,0,0,0,0,0,0,0,0,0,0
Philosophers-COL-000005,5,TRUE,NONE,1.1e-05,0.000238,7.3e-05,0.0,4268,TRUE,0,5,5,5,5,25,25,0,0,0,0,0,0,0,0,0,0,1,0,0,0,0,0,0,0,0,0,0,0,0,0,0,0,0,0
Philosophers-COL-000005,6,FALSE,NONE,9e-06,0.000208,6.4e-05,0.0,4260,TRUE,0,5,5,5,5,25,25,0,0,0,0,0,0,0,0,0,0,1,0,0,0,0,0,0,0,0,0,0,0,0,0,0,0,0,0
Philosophers-COL-000005,7,TRUE,NONE,3e-06,0.000236,0.000157,0.00227,6740,FALSE,0,5,5,5,5,25,25,25,25,0,0,0,0,0,0,0,0,0,0,0,0,0,0,0,0,0,0,0,0,0,0,0,0,0,0
Philosophers-COL-000005,8,TRUE,NONE,3e-06,0.000261,4.9e-05,0.0,4264,TRUE,0,5,5,5,5,25,25,0,0,0,0,0,0,0,0,0,0,1,0,0,0,0,0,0,0,0,0,0,0,0,0,0,0,0,0
Philosophers-COL-000005,9,TRUE,NONE,3e-06,0.000233,0.000178,0.002754,6740,FALSE,0,5,5,5,5,25,25,25,25,0,0,0,0,0,0,0,0,0,0,0,0,0,0,0,0,0,0,0,0,0,0,0,0,0,0
Philosophers-COL-000005,10,TRUE,NONE,3e-06,0.000264,0.000151,0.002642,6552,FALSE,0,5,5,5,5,25,25,25,25,0,0,0,0,0,0,0,0,0,0,0,0,0,0,0,0,0,0,0,0,0,0,0,0,0,0
Philosophers-COL-000005,11,FALSE,NONE,1.1e-05,0.000243,0.000149,0.002609,6476,FALSE,0,5,5,5,5,25,25,25,25,0,0,0,0,0,0,0,0,0,0,0,0,0,0,0,0,0,0,0,0,0,0,0,0,0,0
Philosophers-COL-000005,12,TRUE,NONE,1.2e-05,0.00025,7.3e-05,0.0,4260,TRUE,0,5,5,5,5,25,25,0,0,0,0,0,0,0,0,0,0,1,0,0,0,0,0,0,0,0,0,0,0,0,0,0,0,0,0
Philosophers-COL-000005,13,TRUE,NONE,1.1e-05,0.000225,6.7e-05,0.0,4260,TRUE,0,5,5,5,5,25,25,0,0,0,0,0,0,0,0,0,0,1,0,0,0,0,0,0,0,0,0,0,0,0,0,0,0,0,0
Philosophers-COL-000005,14,TRUE,NONE,1.1e-05,0.000272,0.00017,0.004253,6464,FALSE,0,5,5,5,5,25,25,25,25,0,0,0,0,0,0,0,0,0,0,0,0,0,0,0,0,0,0,0,0,0,0,0,0,0,0
Philosophers-COL-000005,15,TRUE,NONE,1.5e-05,0.000267,8.6e-05,0.0,4260,TRUE,0,5,5,5,5,25,25,0,0,0,0,0,0,0,0,0,0,1,0,0,0,0,0,0,0,0,0,0,0,0,0,0,0,0,0
Philosophers-COL-000005,16,TRUE,NONE,1.4e-05,0.000287,9e-05,0.0,4712,TRUE,0,5,5,5,5,25,25,0,0,0,0,0,0,0,0,0,0,1,0,0,0,0,0,0,0,0,0,0,0,0,0,0,0,0,0
Philosophers-COL-000010,1,TRUE,NONE,4e-06,0.000401,0.000233,0.730378,6968,FALSE,0,5,5,5,5,50,50,50,50,0,0,0,0,0,0,0,0,0,0,0,0,0,0,0,0,0,0,0,0,0,0,0,0,0,0
Philosophers-COL-000010,2,FALSE,NONE,1e-05,0.000374,0.000211,0.002474,6648,FALSE,0,5,5,5,5,50,50,50,50,0,0,0,0,0,0,0,0,0,0,0,0,0,0,0,0,0,0,0,0,0,0,0,0,0,0
Philosophers-COL-000010,3,TRUE,NONE,9e-06,0.000363,0.000236,0.002729,6700,FALSE,0,5,5,5,5,50,50,50,50,0,0,0,0,0,0,0,0,0,0,0,0,0,0,0,0,0,0,0,0,0,0,0,0,0,0
Philosophers-COL-000010,4,FALSE,NONE,1e-05,0.000362,0.000217,0.002984,6912,FALSE,0,5,5,5,5,50,50,50,50,0,0,0,0,0,0,0,0,0,0,0,0,0,0,0,0,0,0,0,0,0,0,0,0,0,0
Philosophers-COL-000010,5,FALSE,NONE,1.1e-05,0.000408,0.000271,0.396889,6820,FALSE,0,5,5,5,5,50,50,50,50,0,0,0,0,0,0,0,0,0,0,0,0,0,0,0,0,0,0,0,0,0,0,0,0,0,0
Philosophers-COL-000010,6,FALSE,NONE,1.2e-05,0.00043,0.000225,0.002732,6968,FALSE,0,5,5,5,5,50,50,50,50,0,0,0,0,0,0,0,0,0,0,0,0,0,0,0,0,0,0,0,0,0,0,0,0,0,0
Philosophers-COL-000010,7,TRUE,NONE,9e-06,0.000366,0.000269,0.002556,6912,FALSE,0,5,5,5,5,50,50,50,50,0,0,0,0,0,0,0,0,0,0,0,0,0,0,0,0,0,0,0,0,0,0,0,0,0,0
Philosophers-COL-000010,8,FALSE,NONE,9e-06,0.000367,0.000211,0.002765,6636,FALSE,0,5,5,5,5,50,50,50,50,0,0,0,0,0,0,0,0,0,0,0,0,0,0,0,0,0,0,0,0,0,0,0,0,0,0
Philosophers-COL-000010,9,FALSE,NONE,9e-06,0.000322,0.000211,0.002815,6640,FALSE,0,5,5,5,5,50,50,50,50,0,0,0,0,0,0,0,0,0,0,0,0,0,0,0,0,0,0,0,0,0,0,0,0,0,0
Philosophers-COL-000010,10,TRUE,NONE,2e-06,0.000302,0.000229,0.771285,6784,FALSE,0,5,5,5,5,50,50,50,50,0,0,0,0,0,0,0,0,0,0,0,0,0,0,0,0,0,0,0,0,0,0,0,0,0,0
Philosophers-COL-000010,11,TRUE,NONE,1.1e-05,0.000409,0.000279,0.002414,6740,FALSE,0,5,5,5,5,50,50,50,50,0,0,0,0,0,0,0,0,0,0,0,0,0,0,0,0,0,0,0,0,0,0,0,0,0,0
Philosophers-COL-000010,12,TRUE,NONE,9e-06,0.000327,0.000185,0.002675,6912,FALSE,0,5,5,5,5,50,50,50,50,0,0,0,0,0,0,0,0,0,0,0,0,0,0,0,0,0,0,0,0,0,0,0,0,0,0
Philosophers-COL-000010,13,FALSE,NONE,3e-06,0.000445,0.000249,0.002967,6968,FALSE,0,5,5,5,5,50,50,50,50,0,0,0,0,0,0,0,0,0,0,0,0,0,0,0,0,0,0,0,0,0,0,0,0,0,0
Philosophers-COL-000010,14,FALSE,NONE,4e-06,0.00039,0.000205,0.002423,6704,FALSE,0,5,5,5,5,50,50,50,50,0,0,0,0,0,0,0,0,0,0,0,0,0,0,0,0,0,0,0,0,0,0,0,0,0,0
Philosophers-COL-000010,15,FALSE,NONE,1.2e-05,0.000346,0.000263,0.002904,6636,FALSE,0,5,5,5,5,50,50,50,50,0,0,0,0,0,0,0,0,0,0,0,0,0,0,0,0,0,0,0,0,0,0,0,0,0,0
Philosophers-COL-000010,16,FALSE,NONE,1.2e-05,0.000377,0.000212,0.00257,6640,FALSE,0,5,5,5,5,50,50,50,50,0,0,0,0,0,0,0,0,0,0,0,0,0,0,0,0,0,0,0,0,0,0,0,0,0,0
Philosophers-COL-000020,1,FALSE,NONE,1.2e-05,0.000824,0.000388,0.004358,7092,FALSE,0,5,5,5,5,100,100,100,100,0,0,0,0,0,0,0,0,0,0,0,0,0,0,0,0,0,0,0,0,0,0,0,0,0,0
Philosophers-COL-000020,2,FALSE,NONE,1.3e-05,0.000742,0.000356,0.003856,7184,FALSE,0,5,5,5,5,100,100,100,100,0,0,0,0,0,0,0,0,0,0,0,0,0,0,0,0,0,0,0,0,0,0,0,0,0,0
Philosophers-COL-000020,3,FALSE,NONE,4e-06,0.000868,0.000476,0.005971,7248,FALSE,0,5,5,5,5,100,100,100,100,0,0,0,0,0,0,0,0,0,0,0,0,0,0,0,0,0,0,0,0,0,0,0,0,0,0
Philosophers-COL-000020,4,FALSE,NONE,1.2e-05,0.000733,0.000358,0.00359,6904,FALSE,0,5,5,5,5,100,100,100,100,0,0,0,0,0,0,0,0,0,0,0,0,0,0,0,0,0,0,0,0,0,0,0,0,0,0
Philosophers-COL-000020,5,FALSE,NONE,3e-06,0.000734,0.000407,0.005415,7000,FALSE,0,5,5,5,5,100,100,100,100,0,0,0,0,0,0,0,0,0,0,0,0,0,0,0,0,0,0,0,0,0,0,0,0,0,0
Philosophers-COL-000020,6,NONE,NONE,9e-06,0.000725,0.000396,0.0,135644,FALSE,0,5,5,5,5,100,100,100,100,0,0,0,0,0,0,0,0,0,0,0,0,0,0,0,0,0,0,0,0,0,0,0,0,0,0
Philosophers-COL-000020,7,FALSE,NONE,1.1e-05,0.000653,0.000345,0.003891,6840,FALSE,0,5,5,5,5,100,100,100,100,0,0,0,0,0,0,0,0,0,0,0,0,0,0,0,0,0,0,0,0,0,0,0,0,0,0
Philosophers-COL-000020,8,TRUE,NONE,1.1e-05,0.000643,0.000321,0.003522,6900,FALSE,0,5,5,5,5,100,100,100,100,0,0,0,0,0,0,0,0,0,0,0,0,0,0,0,0,0,0,0,0,0,0,0,0,0,0
Philosophers-COL-000020,9,TRUE,NONE,1.2e-05,0.000844,0.000362,0.004472,7180,FALSE,0,5,5,5,5,100,100,100,100,0,0,0,0,0,0,0,0,0,0,0,0,0,0,0,0,0,0,0,0,0,0,0,0,0,0
Philosophers-COL-000020,10,NONE,NONE,3e-06,0.000706,0.000372,0.0,232600,FALSE,0,5,5,5,5,100,100,100,100,0,0,0,0,0,0,0,0,0,0,0,0,0,0,0,0,0,0,0,0,0,0,0,0,0,0
Philosophers-COL-000020,11,TRUE,NONE,1e-05,0.000732,0.000362,0.004015,7100,FALSE,0,5,5,5,5,100,100,100,100,0,0,0,0,0,0,0,0,0,0,0,0,0,0,0,0,0,0,0,0,0,0,0,0,0,0
Philosophers-COL-000020,12,NONE,NONE,4e-06,0.000747,0.000452,0.0,80464,FALSE,0,5,5,5,5,100,100,100,100,0,0,0,0,0,0,0,0,0,0,0,0,0,0,0,0,0,0,0,0,0,0,0,0,0,0
Philosophers-COL-000020,13,TRUE,NONE,8e-06,0.000713,0.000357,0.004598,6972,FALSE,0,5,5,5,5,100,100,100,100,0,0,0,0,0,0,0,0,0,0,0,0,0,0,0,0,0,0,0,0,0,0,0,0,0,0
Philosophers-COL-000020,14,FALSE,NONE,1e-05,0.000791,0.000429,0.00579,6840,FALSE,0,5,5,5,5,100,100,100,100,0,0,0,0,0,0,0,0,0,0,0,0,0,0,0,0,0,0,0,0,0,0,0,0,0,0
Philosophers-COL-000020,15,FALSE,NONE,1.2e-05,0.000728,0.000365,0.003643,6904,FALSE,0,5,5,5,5,100,100,100,100,0,0,0,0,0,0,0,0,0,0,0,0,0,0,0,0,0,0,0,0,0,0,0,0,0,0
Philosophers-COL-000020,16,FALSE,NONE,1e-05,0.000672,0.000405,0.004212,6840,FALSE,0,5,5,5,5,100,100,100,100,0,0,0,0,0,0,0,0,0,0,0,0,0,0,0,0,0,0,0,0,0,0,0,0,0,0
Philosophers-COL-000050,1,TRUE,NONE,9e-06,0.001728,0.000839,0.02336,7856,FALSE,0,5,5,5,5,250,250,250,250,0,0,0,0,0,0,0,0,0,0,0,0,0,0,0,0,0,0,0,0,0,0,0,0,0,0
Philosophers-COL-000050,2,NONE,NONE,1.2e-05,0.001721,0.000874,0.0,128640,FALSE,0,5,5,5,5,250,250,250,250,0,0,0,0,0,0,0,0,0,0,0,0,0,0,0,0,0,0,0,0,0,0,0,0,0,0
Philosophers-COL-000050,3,TRUE,NONE,1.2e-05,0.001709,0.000757,0.012322,7348,FALSE,0,5,5,5,5,250,250,250,250,0,0,0,0,0,0,0,0,0,0,0,0,0,0,0,0,0,0,0,0,0,0,0,0,0,0
Philosophers-COL-000050,4,TRUE,NONE,1.3e-05,0.001486,0.000837,0.019443,7660,FALSE,0,5,5,5,5,250,250,250,250,0,0,0,0,0,0,0,0,0,0,0,0,0,0,0,0,0,0,0,0,0,0,0,0,0,0
Philosophers-COL-000050,5,TRUE,NONE,1e-05,0.001606,0.000842,0.019524,7424,FALSE,0,5,5,5,5,250,250,250,250,0,0,0,0,0,0,0,0,0,0,0,0,0,0,0,0,0,0,0,0,0,0,0,0,0,0
Philosophers-COL-000050,6,FALSE,NONE,4e-06,0.001727,0.0009,0.007664,7848,FALSE,0,5,5,5,5,250,250,250,250,0,0,0,0,0,0,0,0,0,0,0,0,0,0,0,0,0,0,0,0,0,0,0,0,0,0
Philosophers-COL-000050,7,TRUE,NONE,1.2e-05,0.00152,0.00083,0.014946,7348,FALSE,0,5,5,5,5,250,250,250,250,0,0,0,0,0,0,0,0,0,0,0,0,0,0,0,0,0,0,0,0,0,0,0,0,0,0
Philosophers-COL-000050,8,TRUE,NONE,1.1e-05,0.001548,0.000859,0.021404,7608,FALSE,0,5,5,5,5,250,250,250,250,0,0,0,0,0,0,0,0,0,0,0,0,0,0,0,0,0,0,0,0,0,0,0,0,0,0
Philosophers-COL-000050,9,TRUE,NONE,9e-06,0.001674,0.000934,0.024715,7664,FALSE,0,5,5,5,5,250,250,250,250,0,0,0,0,0,0,0,0,0,0,0,0,0,0,0,0,0,0,0,0,0,0,0,0,0,0
Philosophers-COL-000050,10,FALSE,NONE,1.1e-05,0.00183,0.000823,0.01508,7344,FALSE,0,5,5,5,5,250,250,250,250,0,0,0,0,0,0,0,0,0,0,0,0,0,0,0,0,0,0,0,0,0,0,0,0,0,0
Philosophers-COL-000050,11,FALSE,NONE,1.1e-05,0.001722,0.000881,0.02193,7428,FALSE,0,5,5,5,5,250,250,250,250,0,0,0,0,0,0,0,0,0,0,0,0,0,0,0,0,0,0,0,0,0,0,0,0,0,0
Philosophers-COL-000050,12,TRUE,NONE,4e-06,0.001689,0.002087,0.029658,7668,FALSE,0,5,5,5,5,250,250,250,250,0,0,0,0,0,0,0,0,0,0,0,0,0,0,0,0,0,0,0,0,0,0,0,0,0,0
Philosophers-COL-000050,13,FALSE,NONE,1.1e-05,0.001816,0.000714,0.016427,7344,FALSE,0,5,5,5,5,250,250,250,250,0,0,0,0,0,0,0,0,0,0,0,0,0,0,0,0,0,0,0,0,0,0,0,0,0,0
Philosophers-COL-000050,14,FALSE,NONE,1.2e-05,0.001675,0.000857,0.015259,7348,FALSE,0,5,5,5,5,250,250,250,250,0,0,0,0,0,0,0,0,0,0,0,0,0,0,0,0,0,0,0,0,0,0,0,0,0,0
Philosophers-COL-000050,15,FALSE,NONE,1.1e-05,0.001759,0.000859,0.015116,7344,FALSE,0,5,5,5,5,250,250,250,250,0,0,0,0,0,0,0,0,0,0,0,0,0,0,0,0,0,0,0,0,0,0,0,0,0,0
Philosophers-COL-000050,16,TRUE,NONE,1e-05,0.001608,0.001449,0.024382,7808,FALSE,0,5,5,5,5,250,250,250,250,0,0,0,0,0,0,0,0,0,0,0,0,0,0,0,0,0,0,0,0,0,0,0,0,0,0
Philosophers-COL-000100,1,FALSE,NONE,1.3e-05,0.003736,0.00173,0.097568,7596,FALSE,0,5,5,5,5,500,500,500,500,0,0,0,0,0,0,0,0,0,0,0,0,0,0,0,0,0,0,0,0,0,0,0,0,0,0
Philosophers-COL-000100,2,FALSE,NONE,1.1e-05,0.003248,0.001698,0.087688,7596,FALSE,0,5,5,5,5,500,500,500,500,0,0,0,0,0,0,0,0,0,0,0,0,0,0,0,0,0,0,0,0,0,0,0,0,0,0
Philosophers-COL-000100,3,TRUE,NONE,3e-06,0.003254,0.001758,0.178172,8080,FALSE,0,5,5,5,5,500,500,500,500,0,0,0,0,0,0,0,0,0,0,0,0,0,0,0,0,0,0,0,0,0,0,0,0,0,0
Philosophers-COL-000100,4,FALSE,NONE,1e-05,0.003979,0.001838,0.278516,8292,FALSE,0,5,5,5,5,500,500,500,500,0,0,0,0,0,0,0,0,0,0,0,0,0,0,0,0,0,0,0,0,0,0,0,0,0,0
Philosophers-COL-000100,5,TRUE,NONE,4e-06,0.004069,0.001753,0.276716,8280,FALSE,0,5,5,5,5,500,500,500,500,0,0,0,0,0,0,0,0,0,0,0,0,0,0,0,0,0,0,0,0,0,0,0,0,0,0
Philosophers-COL-000100,6,FALSE,NONE,4e-06,0.00301,0.001999,0.019631,9064,FALSE,0,5,5,5,5,500,500,500,500,0,0,0,0,0,0,0,0,0,0,0,0,0,0,0,0,0,0,0,0,0,0,0,0,0,0
Philosophers-COL-000100,7,NONE,NONE,4e-06,0.003075,0.00163,0.0,100344,FALSE,0,5,5,5,5,500,500,500,500,0,0,0,0,0,0,0,0,0,0,0,0,0,0,0,0,0,0,0,0,0,0,0,0,0,0
Philosophers-COL-000100,8,TRUE,NONE,3e-06,0.003159,0.001809,0.022748,8576,FALSE,0,5,5,5,5,500,500,500,500,0,0,0,0,0,0,0,0,0,0,0,0,0,0,0,0,0,0,0,0,0,0,0,0,0,0
Philosophers-COL-000100,9,FALSE,NONE,1.1e-05,0.003269,0.001551,0.088893,7596,FALSE,0,5,5,5,5,500,500,500,500,0,0,0,0,0,0,0,0,0,0,0,0,0,0,0,0,0,0,0,0,0,0,0,0,0,0
Philosophers-COL-000100,10,NONE,NONE,3e-06,0.003353,0.001738,0.0,73048,FALSE,0,5,5,5,5,500,500,500,500,0,0,0,0,0,0,0,0,0,0,0,0,0,0,0,0,0,0,0,0,0,0,0,0,0,0
Philosophers-COL-000100,11,FALSE,NONE,1.1e-05,0.003189,0.00152,0.144009,7900,FALSE,0,5,5,5,5,500,500,500,500,0,0,0,0,0,0,0,0,0,0,0,0,0,0,0,0,0,0,0,0,0,0,0,0,0,0
Philosophers-COL-000100,12,FALSE,NONE,1e-05,0.003384,0.00159,0.088808,7592,FALSE,0,5,5,5,5,500,500,500,500,0,0,0,0,0,0,0,0,0,0,0,0,0,0,0,0,0,0,0,0,0,0,0,0,0,0
Philosophers-COL-000100,13,FALSE,NONE,3e-06,0.003001,0.001985,0.019491,8556,FALSE,0,5,5,5,5,500,500,500,500,0,0,0,0,0,0,0,0,0,0,0,0,0,0,0,0,0,0,0,0,0,0,0,0,0,0
Philosophers-COL-000100,14,FALSE,NONE,1.1e-05,0.003064,0.001492,0.086131,7592,FALSE,0,5,5,5,5,500,500,500,500,0,0,0,0,0,0,0,0,0,0,0,0,0,0,0,0,0,0,0,0,0,0,0,0,0,0
Philosophers-COL-000100,15,FALSE,NONE,4e-06,0.003255,0.002232,0.382726,8796,FALSE,0,5,5,5,5,500,500,500,500,0,0,0,0,0,0,0,0,0,0,0,0,0,0,0,0,0,0,0,0,0,0,0,0,0,0
Philosophers-COL-000100,16,TRUE,NONE,1.1e-05,0.003417,0.001519,0.089108,7848,FALSE,0,5,5,5,5,500,500,500,500,0,0,0,0,0,0,0,0,0,0,0,0,0,0,0,0,0,0,0,0,0,0,0,0,0,0
Philosophers-COL-000200,1,TRUE,NONE,1.2e-05,0.006523,0.003341,0.930603,12228,FALSE,0,5,5,5,5,1000,1000,1000,1000,0,0,0,0,0,0,0,0,0,0,0,0,0,0,0,0,0,0,0,0,0,0,0,0,0,0
Philosophers-COL-000200,2,FALSE,NONE,1.2e-05,0.007301,0.003254,0.671088,11760,FALSE,0,5,5,5,5,1000,1000,1000,1000,0,0,0,0,0,0,0,0,0,0,0,0,0,0,0,0,0,0,0,0,0,0,0,0,0,0
Philosophers-COL-000200,3,FALSE,NONE,1.1e-05,0.006264,0.003361,1.29002,12288,FALSE,0,5,5,5,5,1000,1000,1000,1000,0,0,0,0,0,0,0,0,0,0,0,0,0,0,0,0,0,0,0,0,0,0,0,0,0,0
Philosophers-COL-000200,4,TRUE,NONE,9e-06,0.006369,0.002954,0.614251,11492,FALSE,0,5,5,5,5,1000,1000,1000,1000,0,0,0,0,0,0,0,0,0,0,0,0,0,0,0,0,0,0,0,0,0,0,0,0,0,0
Philosophers-COL-000200,5,FALSE,NONE,1.2e-05,0.006741,0.003349,0.680047,12024,FALSE,0,5,5,5,5,1000,1000,1000,1000,0,0,0,0,0,0,0,0,0,0,0,0,0,0,0,0,0,0,0,0,0,0,0,0,0,0
Philosophers-COL-000200,6,FALSE,NONE,1.1e-05,0.006446,0.003257,0.717534,12020,FALSE,0,5,5,5,5,1000,1000,1000,1000,0,0,0,0,0,0,0,0,0,0,0,0,0,0,0,0,0,0,0,0,0,0,0,0,0,0
Philosophers-COL-000200,7,FALSE,NONE,1.3e-05,0.006487,0.00357,1.39654,14388,FALSE,0,5,5,5,5,1000,1000,1000,1000,0,0,0,0,0,0,0,0,0,0,0,0,0,0,0,0,0,0,0,0,0,0,0,0,0,0
Philosophers-COL-000200,8,FALSE,NONE,1e-05,0.006251,0.00318,0.667028,12288,FALSE,0,5,5,5,5,1000,1000,1000,1000,0,0,0,0,0,0,0,0,0,0,0,0,0,0,0,0,0,0,0,0,0,0,0,0,0,0
Philosophers-COL-000200,9,NONE,NONE,3e-06,0.006252,0.0035,0.0,86200,FALSE,0,5,5,5,5,1000,1000,1000,1000,0,0,0,0,0,0,0,0,0,0,0,0,0,0,0,0,0,0,0,0,0,0,0,0,0,0
Philosophers-COL-000200,10,FALSE,NONE,1.3e-05,0.006647,0.002969,0.645728,12024,FALSE,0,5,5,5,5,1000,1000,1000,1000,0,0,0,0,0,0,0,0,0,0,0,0,0,0,0,0,0,0,0,0,0,0,0,0,0,0
Philosophers-COL-000200,11,TRUE,NONE,1.2e-05,0.006288,0.002922,0.610088,11492,FALSE,0,5,5,5,5,1000,1000,1000,1000,0,0,0,0,0,0,0,0,0,0,0,0,0,0,0,0,0,0,0,0,0,0,0,0,0,0
Philosophers-COL-000200,12,FALSE,NONE,1e-05,0.006207,0.00292,0.618705,12024,FALSE,0,5,5,5,5,1000,1000,1000,1000,0,0,0,0,0,0,0,0,0,0,0,0,0,0,0,0,0,0,0,0,0,0,0,0,0,0
Philosophers-COL-000200,13,NONE,NONE,1e-05,0.006189,0.002752,0.0,144964,FALSE,0,5,5,5,5,1000,1000,1000,1000,0,0,0,0,0,0,0,0,0,0,0,0,0,0,0,0,0,0,0,0,0,0,0,0,0,0
Philosophers-COL-000200,14,TRUE,NONE,1.1e-05,0.006824,0.003549,2.00648,14696,FALSE,0,5,5,5,5,1000,1000,1000,1000,0,0,0,0,0,0,0,0,0,0,0,0,0,0,0,0,0,0,0,0,0,0,0,0,0,0
Philosophers-COL-000200,15,FALSE,NONE,1.1e-05,0.006704,0.003786,1.97668,12560,FALSE,0,5,5,5,5,1000,1000,1000,1000,0,0,0,0,0,0,0,0,0,0,0,0,0,0,0,0,0,0,0,0,0,0,0,0,0,0
Philosophers-COL-000200,16,NONE,NONE,1.1e-05,0.006282,0.003505,0.0,88424,FALSE,0,5,5,5,5,1000,1000,1000,1000,0,0,0,0,0,0,0,0,0,0,0,0,0,0,0,0,0,0,0,0,0,0,0,0,0,0
Philosophers-COL-000500,1,TRUE,NONE,3e-06,0.016703,0.002805,0.0,7856,TRUE,0,5,5,5,5,2500,2500,0,0,0,0,0,0,0,0,0,0,1,0,0,0,0,0,0,0,0,0,0,0,0,0,0,0,0,0
Philosophers-COL-000500,2,TRUE,NONE,1.1e-05,0.016423,0.007756,9.8095,76872,FALSE,0,5,5,5,5,2500,2500,2500,2500,0,0,0,0,0,0,0,0,0,0,0,0,0,0,0,0,0,0,0,0,0,0,0,0,0,0
Philosophers-COL-000500,3,NONE,NONE,3e-06,0.016215,0.010308,0.0,65536,FALSE,0,5,5,5,5,2500,2500,2500,2500,0,0,0,0,0,0,0,0,0,0,0,0,0,0,0,0,0,0,0,0,0,0,0,0,0,0
Philosophers-COL-000500,4,NONE,NONE,2e-06,0.016191,0.010286,0.0,74892,FALSE,0,5,5,5,5,2500,2500,2500,2500,0,0,0,0,0,0,0,0,0,0,0,0,0,0,0,0,0,0,0,0,0,0,0,0,0,0
Philosophers-COL-000500,5,TRUE,NONE,1.1e-05,0.015735,0.010341,19.6905,77136,FALSE,0,5,5,5,5,2500,2500,2500,2500,0,0,0,0,0,0,0,0,0,0,0,0,0,0,0,0,0,0,0,0,0,0,0,0,0,0
Philosophers-COL-000500,6,FALSE,NONE,1.1e-05,0.016567,0.007591,9.91967,76800,FALSE,0,5,5,5,5,2500,2500,2500,2500,0,0,0,0,0,0,0,0,0,0,0,0,0,0,0,0,0,0,0,0,0,0,0,0,0,0
Philosophers-COL-000500,7,TRUE,NONE,1.2e-05,0.01931,0.012174,26.0424,70944,FALSE,0,5,5,5,5,2500,2500,2500,2500,0,0,0,0,0,0,0,0,0,0,0,0,0,0,0,0,0,0,0,0,0,0,0,0,0,0
Philosophers-COL-000500,8,FALSE,NONE,1.1e-05,0.017115,0.007308,10.2033,70384,FALSE,0,5,5,5,5,2500,2500,2500,2500,0,0,0,0,0,0,0,0,0,0,0,0,0,0,0,0,0,0,0,0,0,0,0,0,0,0
Philosophers-COL-000500,9,TRUE,NONE,4e-06,0.018307,0.008214,18.26,77020,FALSE,0,5,5,5,5,2500,2500,2500,2500,0,0,0,0,0,0,0,0,0,0,0,0,0,0,0,0,0,0,0,0,0,0,0,0,0,0
Philosophers-COL-000500,10,TRUE,NONE,3e-06,0.019305,0.010132,25.6492,100060,FALSE,0,5,5,5,5,2500,2500,2500,2500,0,0,0,0,0,0,0,0,0,0,0,0,0,0,0,0,0,0,0,0,0,0,0,0,0,0
Philosophers-COL-000500,11,TRUE,NONE,1.1e-05,0.015752,0.006743,10.7319,70348,FALSE,0,5,5,5,5,2500,2500,2500,2500,0,0,0,0,0,0,0,0,0,0,0,0,0,0,0,0,0,0,0,0,0,0,0,0,0,0
Philosophers-COL-000500,12,FALSE,NONE,1.2e-05,0.020774,0.00875,10.8017,76804,FALSE,0,5,5,5,5,2500,2500,2500,2500,0,0,0,0,0,0,0,0,0,0,0,0,0,0,0,0,0,0,0,0,0,0,0,0,0,0
Philosophers-COL-000500,13,NONE,NONE,1.2e-05,0.015582,0.009182,0.0,75216,FALSE,0,5,5,5,5,2500,2500,2500,2500,0,0,0,0,0,0,0,0,0,0,0,0,0,0,0,0,0,0,0,0,0,0,0,0,0,0
Philosophers-COL-000500,14,TRUE,NONE,1e-05,0.016154,0.008065,0.148437,13940,FALSE,0,5,5,5,5,2500,2500,2500,2500,0,0,0,0,0,0,0,0,0,0,0,0,0,0,0,0,0,0,0,0,0,0,0,0,0,0
Philosophers-COL-000500,15,TRUE,NONE,1e-05,0.016626,0.009494,15.0167,77008,FALSE,0,5,5,5,5,2500,2500,2500,2500,0,0,0,0,0,0,0,0,0,0,0,0,0,0,0,0,0,0,0,0,0,0,0,0,0,0
Philosophers-COL-000500,16,NONE,NONE,1.1e-05,0.015768,0.006861,0.0,142964,FALSE,0,5,5,5,5,2500,2500,2500,2500,0,0,0,0,0,0,0,0,0,0,0,0,0,0,0,0,0,0,0,0,0,0,0,0,0,0
Philosophers-COL-001000,1,NONE,NONE,1e-05,0.037849,0.020695,0.0,120020,FALSE,0,5,5,5,5,5000,5000,5000,5000,0,0,0,0,0,0,0,0,0,0,0,0,0,0,0,0,0,0,0,0,0,0,0,0,0,0
Philosophers-COL-001000,2,NONE,NONE,1.2e-05,0.041715,0.02205,0.0,169568,FALSE,0,5,5,5,5,5000,5000,5000,5000,0,0,0,0,0,0,0,0,0,0,0,0,0,0,0,0,0,0,0,0,0,0,0,0,0,0
Philosophers-COL-001000,3,NONE,NONE,1e-05,0.03574,0.018609,0.0,129128,FALSE,0,5,5,5,5,5000,5000,5000,5000,0,0,0,0,0,0,0,0,0,0,0,0,0,0,0,0,0,0,0,0,0,0,0,0,0,0
Philosophers-COL-001000,4,NONE,NONE,1.2e-05,0.035222,0.020064,0.0,123388,FALSE,0,5,5,5,5,5000,5000,5000,5000,0,0,0,0,0,0,0,0,0,0,0,0,0,0,0,0,0,0,0,0,0,0,0,0,0,0
Philosophers-COL-001000,5,NONE,NONE,1e-05,0.036232,0.018602,0.0,107192,FALSE,0,5,5,5,5,5000,5000,5000,5000,0,0,0,0,0,0,0,0,0,0,0,0,0,0,0,0,0,0,0,0,0,0,0,0,0,0
Philosophers-COL-001000,6,TRUE,NONE,3e-06,0.035207,0.018071,0.307309,19824,FALSE,0,5,5,5,5,5000,5000,5000,5000,0,0,0,0,0,0,0,0,0,0,0,0,0,0,0,0,0,0,0,0,0,0,0,0,0,0
Philosophers-COL-001000,7,NONE,NONE,1.2e-05,0.037801,0.021437,0.0,114136,FALSE,0,5,5,5,5,5000,5000,5000,5000,0,0,0,0,0,0,0,0,0,0,0,0,0,0,0,0,0,0,0,0,0,0,0,0,0,0
Philosophers-COL-001000,8,TRUE,NONE,1.1e-05,0.03575,0.01844,0.335989,19788,FALSE,0,5,5,5,5,5000,5000,5000,5000,0,0,0,0,0,0,0,0,0,0,0,0,0,0,0,0,0,0,0,0,0,0,0,0,0,0
Philosophers-COL-001000,9,NONE,NONE,1.4e-05,0.035257,0.019278,0.0,71536,FALSE,0,5,5,5,5,5000,5000,5000,5000,0,0,0,0,0,0,0,0,0,0,0,0,0,0,0,0,0,0,0,0,0,0,0,0,0,0
Philosophers-COL-001000,10,NONE,NONE,1.2e-05,0.040327,0.022342,0.0,186232,FALSE,0,5,5,5,5,5000,5000,5000,5000,0,0,0,0,0,0,0,0,0,0,0,0,0,0,0,0,0,0,0,0,0,0,0,0,0,0
Philosophers-COL-001000,11,NONE,NONE,5e-06,0.051083,0.021525,0.0,79976,FALSE,0,5,5,5,5,5000,5000,5000,5000,0,0,0,0,0,0,0,0,0,0,0,0,0,0,0,0,0,0,0,0,0,0,0,0,0,0
Philosophers-COL-001000,12,NONE,NONE,4e-06,0.049908,0.036214,0.0,92580,FALSE,0,5,5,5,5,5000,5000,5000,5000,0,0,0,0,0,0,0,0,0,0,0,0,0,0,0,0,0,0,0,0,0,0,0,0,0,0
Philosophers-COL-001000,13,NONE,NONE,9e-06,0.039653,0.018805,0.0,87972,FALSE,0,5,5,5,5,5000,5000,5000,5000,0,0,0,0,0,0,0,0,0,0,0,0,0,0,0,0,0,0,0,0,0,0,0,0,0,0
Philosophers-COL-001000,14,FALSE,NONE,6e-06,0.061414,0.022618,1.90716,20148,FALSE,0,5,5,5,5,5000,5000,5000,5000,0,0,0,0,0,0,0,0,0,0,0,0,0,0,0,0,0,0,0,0,0,0,0,0,0,0
Philosophers-COL-001000,15,NONE,NONE,4e-06,0.042761,0.027291,0.0,44796,FALSE,0,5,5,5,5,5000,5000,5000,5000,0,0,0,0,0,0,0,0,0,0,0,0,0,0,0,0,0,0,0,0,0,0,0,0,0,0
Philosophers-COL-001000,16,NONE,NONE,1.1e-05,0.038331,0.020236,0.0,198432,FALSE,0,5,5,5,5,5000,5000,5000,5000,0,0,0,0,0,0,0,0,0,0,0,0,0,0,0,0,0,0,0,0,0,0,0,0,0,0
Philosophers-COL-002000,1,NONE,NONE,4e-06,0.094416,0.046796,0.0,64428,FALSE,0,5,5,5,5,10000,10000,10000,10000,0,0,0,0,0,0,0,0,0,0,0,0,0,0,0,0,0,0,0,0,0,0,0,0,0,0
Philosophers-COL-002000,2,NONE,NONE,1.2e-05,0.078149,0.046099,0.0,200908,FALSE,0,5,5,5,5,10000,10000,10000,10000,0,0,0,0,0,0,0,0,0,0,0,0,0,0,0,0,0,0,0,0,0,0,0,0,0,0
Philosophers-COL-002000,3,FALSE,NONE,1.2e-05,0.077355,0.039287,1.24808,33532,FALSE,0,5,5,5,5,10000,10000,10000,10000,0,0,0,0,0,0,0,0,0,0,0,0,0,0,0,0,0,0,0,0,0,0,0,0,0,0
Philosophers-COL-002000,4,TRUE,NONE,3e-06,0.083902,0.051475,6.32985,35156,FALSE,0,5,5,5,5,10000,10000,10000,10000,0,0,0,0,0,0,0,0,0,0,0,0,0,0,0,0,0,0,0,0,0,0,0,0,0,0
Philosophers-COL-002000,5,NONE,NONE,1.1e-05,0.080929,0.069615,0.0,60916,FALSE,0,5,5,5,5,10000,10000,10000,10000,0,0,0,0,0,0,0,0,0,0,0,0,0,0,0,0,0,0,0,0,0,0,0,0,0,0
Philosophers-COL-002000,6,TRUE,NONE,3e-06,0.08465,0.045693,1.84339,34264,FALSE,0,5,5,5,5,10000,10000,10000,10000,0,0,0,0,0,0,0,0,0,0,0,0,0,0,0,0,0,0,0,0,0,0,0,0,0,0
Philosophers-COL-002000,7,NONE,NONE,1.1e-05,0.085668,0.043291,0.0,85788,FALSE,0,5,5,5,5,10000,10000,10000,10000,0,0,0,0,0,0,0,0,0,0,0,0,0,0,0,0,0,0,0,0,0,0,0,0,0,0
Philosophers-COL-002000,8,NONE,NONE,3e-06,0.081581,0.041195,0.0,104256,FALSE,0,5,5,5,5,10000,10000,10000,10000,0,0,0,0,0,0,0,0,0,0,0,0,0,0,0,0,0,0,0,0,0,0,0,0,0,0
Philosophers-COL-002000,9,NONE,NONE,4e-06,0.086658,0.060171,0.0,50024,FALSE,0,5,5,5,5,10000,10000,10000,10000,0,0,0,0,0,0,0,0,0,0,0,0,0,0,0,0,0,0,0,0,0,0,0,0,0,0
Philosophers-COL-002000,10,NONE,NONE,3e-06,0.079074,0.046241,0.0,67248,FALSE,0,5,5,5,5,10000,10000,10000,10000,0,0,0,0,0,0,0,0,0,0,0,0,0,0,0,0,0,0,0,0,0,0,0,0,0,0
Philosophers-COL-002000,11,TRUE,NONE,2e-06,0.094189,0.043447,7.47733,36592,FALSE,0,5,5,5,5,10000,10000,10000,10000,0,0,0,0,0,0,0,0,0,0,0,0,0,0,0,0,0,0,0,0,0,0,0,0,0,0
Philosophers-COL-002000,12,FALSE,NONE,3e-06,0.112998,0.044493,1.57588,33616,FALSE,0,5,5,5,5,10000,10000,10000,10000,0,0,0,0,0,0,0,0,0,0,0,0,0,0,0,0,0,0,0,0,0,0,0,0,0,0
Philosophers-COL-002000,13,TRUE,NONE,1e-05,0.081979,0.046457,3.02908,33708,FALSE,0,5,5,5,5,10000,10000,10000,10000,0,0,0,0,0,0,0,0,0,0,0,0,0,0,0,0,0,0,0,0,0,0,0,0,0,0
Philosophers-COL-002000,14,NONE,NONE,1e-05,0.081544,0.053089,0.0,229920,FALSE,0,5,5,5,5,10000,10000,10000,10000,0,0,0,0,0,0,0,0,0,0,0,0,0,0,0,0,0,0,0,0,0,0,0,0,0,0
Philosophers-COL-002000,15,NONE,NONE,1e-05,0.081153,0.049225,0.0,115276,FALSE,0,5,5,5,5,10000,10000,10000,10000,0,0,0,0,0,0,0,0,0,0,0,0,0,0,0,0,0,0,0,0,0,0,0,0,0,0
Philosophers-COL-002000,16,NONE,NONE,1.4e-05,0.087542,0.051958,0.0,186372,FALSE,0,5,5,5,5,10000,10000,10000,10000,0,0,0,0,0,0,0,0,0,0,0,0,0,0,0,0,0,0,0,0,0,0,0,0,0,0
Philosophers-COL-005000,1,NONE,NONE,1e-05,0.248803,0.163701,0.0,78500,FALSE,0,5,5,5,5,25000,25000,25000,25000,0,0,0,0,0,0,0,0,0,0,0,0,0,0,0,0,0,0,0,0,0,0,0,0,0,0
Philosophers-COL-005000,2,NONE,NONE,3e-06,0.25668,0.195314,0.0,79628,FALSE,0,5,5,5,5,25000,25000,25000,25000,0,0,0,0,0,0,0,0,0,0,0,0,0,0,0,0,0,0,0,0,0,0,0,0,0,0
Philosophers-COL-005000,3,NONE,NONE,3e-06,0.241936,0.170846,0.0,79652,FALSE,0,5,5,5,5,25000,25000,25000,25000,0,0,0,0,0,0,0,0,0,0,0,0,0,0,0,0,0,0,0,0,0,0,0,0,0,0
Philosophers-COL-005000,4,NONE,NONE,1.3e-05,0.267623,0.196492,0.0,80284,FALSE,0,5,5,5,5,25000,25000,25000,25000,0,0,0,0,0,0,0,0,0,0,0,0,0,0,0,0,0,0,0,0,0,0,0,0,0,0
Philosophers-COL-005000,5,FALSE,NONE,1.1e-05,0.243583,0.173205,12.2416,78544,FALSE,0,5,5,5,5,25000,25000,25000,25000,0,0,0,0,0,0,0,0,0,0,0,0,0,0,0,0,0,0,0,0,0,0,0,0,0,0
Philosophers-COL-005000,6,NONE,NONE,1e-05,0.255845,0.172984,0.0,130596,FALSE,0,5,5,5,5,25000,25000,25000,25000,0,0,0,0,0,0,0,0,0,0,0,0,0,0,0,0,0,0,0,0,0,0,0,0,0,0
Philosophers-COL-005000,7,NONE,NONE,4e-06,0.248585,0.181751,0.0,82068,FALSE,0,5,5,5,5,25000,25000,25000,25000,0,0,0,0,0,0,0,0,0,0,0,0,0,0,0,0,0,0,0,0,0,0,0,0,0,0
Philosophers-COL-005000,8,NONE,NONE,3e-06,0.264711,0.190962,0.0,80556,FALSE,0,5,5,5,5,25000,25000,25000,25000,0,0,0,0,0,0,0,0,0,0,0,0,0,0,0,0,0,0,0,0,0,0,0,0,0,0
Philosophers-COL-005000,9,TRUE,NONE,1e-05,0.244668,0.166518,9.62334,77456,FALSE,0,5,5,5,5,25000,25000,25000,25000,0,0,0,0,0,0,0,0,0,0,0,0,0,0,0,0,0,0,0,0,0,0,0,0,0,0
Philosophers-COL-005000,10,TRUE,NONE,1.1e-05,0.237381,0.282798,0.039893,75536,FALSE,0,5,5,5,5,25000,25000,15000,10000,0,0,0,5000,0,0,0,0,0,0,0,0,0,0,0,0,0,0,10000,0,0,0,0,0,0,0
Philosophers-COL-005000,11,NONE,NONE,3e-06,0.244957,0.190756,0.0,82464,FALSE,0,5,5,5,5,25000,25000,25000,25000,0,0,0,0,0,0,0,0,0,0,0,0,0,0,0,0,0,0,0,0,0,0,0,0,0,0
Philosophers-COL-005000,12,TRUE,NONE,1.1e-05,0.245303,0.341758,0.051734,75632,FALSE,0,5,5,5,5,25000,25000,15000,10000,0,0,0,5000,0,0,0,0,0,0,0,0,0,0,0,0,0,0,10000,0,0,0,0,0,0,0
Philosophers-COL-005000,13,NONE,NONE,1.2e-05,0.260934,0.168485,0.0,105848,FALSE,0,5,5,5,5,25000,25000,25000,25000,0,0,0,0,0,0,0,0,0,0,0,0,0,0,0,0,0,0,0,0,0,0,0,0,0,0
Philosophers-COL-005000,14,NONE,NONE,1.1e-05,0.239732,0.144026,0.0,84084,FALSE,0,5,5,5,5,25000,25000,25000,25000,0,0,0,0,0,0,0,0,0,0,0,0,0,0,0,0,0,0,0,0,0,0,0,0,0,0
Philosophers-COL-005000,15,TRUE,NONE,3e-06,0.251823,0.180922,23.0701,81496,FALSE,0,5,5,5,5,25000,25000,25000,25000,0,0,0,0,0,0,0,0,0,0,0,0,0,0,0,0,0,0,0,0,0,0,0,0,0,0
Philosophers-COL-005000,16,NONE,NONE,3e-06,0.258604,0.16705,0.0,80596,FALSE,0,5,5,5,5,25000,25000,25000,25000,0,0,0,0,0,0,0,0,0,0,0,0,0,0,0,0,0,0,0,0,0,0,0,0,0,0
Philosophers-COL-010000,1,NONE,NONE,3e-06,0.632613,0.434052,0.0,161376,FALSE,0,5,5,5,5,50000,50000,50000,50000,0,0,0,0,0,0,0,0,0,0,0,0,0,0,0,0,0,0,0,0,0,0,0,0,0,0
Philosophers-COL-010000,2,NONE,NONE,1.1e-05,0.584221,0.418796,0.0,148492,FALSE,0,5,5,5,5,50000,50000,50000,50000,0,0,0,0,0,0,0,0,0,0,0,0,0,0,0,0,0,0,0,0,0,0,0,0,0,0
Philosophers-COL-010000,3,NONE,NONE,1.3e-05,0.610771,0.462047,0.0,159340,FALSE,0,5,5,5,5,50000,50000,50000,50000,0,0,0,0,0,0,0,0,0,0,0,0,0,0,0,0,0,0,0,0,0,0,0,0,0,0
Philosophers-COL-010000,4,NONE,NONE,3e-06,0.616935,0.527415,0.0,161312,FALSE,0,5,5,5,5,50000,50000,50000,50000,0,0,0,0,0,0,0,0,0,0,0,0,0,0,0,0,0,0,0,0,0,0,0,0,0,0
Philosophers-COL-010000,5,NONE,NONE,1.5e-05,0.614443,0.397343,0.0,149472,FALSE,0,5,5,5,5,50000,50000,50000,50000,0,0,0,0,0,0,0,0,0,0,0,0,0,0,0,0,0,0,0,0,0,0,0,0,0,0
Philosophers-COL-010000,6,NONE,NONE,1.2e-05,0.593381,0.433955,0.0,152812,FALSE,0,5,5,5,5,50000,50000,50000,50000,0,0,0,0,0,0,0,0,0,0,0,0,0,0,0,0,0,0,0,0,0,0,0,0,0,0
Philosophers-COL-010000,7,NONE,NONE,3e-06,0.60118,0.461172,0.0,158296,FALSE,0,5,5,5,5,50000,50000,50000,50000,0,0,0,0,0,0,0,0,0,0,0,0,0,0,0,0,0,0,0,0,0,0,0,0,0,0
Philosophers-COL-010000,8,NONE,NONE,1.3e-05,0.839088,0.485944,0.0,155108,FALSE,0,5,5,5,5,50000,50000,50000,50000,0,0,0,0,0,0,0,0,0,0,0,0,0,0,0,0,0,0,0,0,0,0,0,0,0,0
Philosophers-COL-010000,9,NONE,NONE,4e-06,0.647722,0.416524,0.0,154260,FALSE,0,5,5,5,5,50000,50000,50000,50000,0,0,0,0,0,0,0,0,0,0,0,0,0,0,0,0,0,0,0,0,0,0,0,0,0,0
Philosophers-COL-010000,10,NONE,NONE,1.2e-05,0.647411,0.44223,0.0,152076,FALSE,0,5,5,5,5,50000,50000,50000,50000,0,0,0,0,0,0,0,0,0,0,0,0,0,0,0,0,0,0,0,0,0,0,0,0,0,0
Philosophers-COL-010000,11,NONE,NONE,1.2e-05,0.594155,0.397743,0.0,154644,FALSE,0,5,5,5,5,50000,50000,50000,50000,0,0,0,0,0,0,0,0,0,0,0,0,0,0,0,0,0,0,0,0,0,0,0,0,0,0
Philosophers-COL-010000,12,NONE,NONE,1.1e-05,0.602496,0.457998,0.0,157756,FALSE,0,5,5,5,5,50000,50000,50000,50000,0,0,0,0,0,0,0,0,0,0,0,0,0,0,0,0,0,0,0,0,0,0,0,0,0,0
Philosophers-COL-010000,13,NONE,NONE,3e-06,0.61845,0.45864,0.0,157368,FALSE,0,5,5,5,5,50000,50000,50000,50000,0,0,0,0,0,0,0,0,0,0,0,0,0,0,0,0,0,0,0,0,0,0,0,0,0,0
Philosophers-COL-010000,14,TRUE,NONE,1e-05,0.582963,0.798411,0.099143,146476,FALSE,0,5,5,5,5,50000,50000,30000,20000,0,0,0,10000,0,0,0,0,0,0,0,0,0,0,0,0,0,0,20000,0,0,0,0,0,0,0
Philosophers-COL-010000,15,NONE,NONE,1.1e-05,0.603911,0.431353,0.0,146684,FALSE,0,5,5,5,5,50000,50000,50000,50000,0,0,0,0,0,0,0,0,0,0,0,0,0,0,0,0,0,0,0,0,0,0,0,0,0,0
Philosophers-COL-010000,16,NONE,NONE,1.1e-05,0.620001,0.410179,0.0,147480,FALSE,0,5,5,5,5,50000,50000,50000,50000,0,0,0,0,0,0,0,0,0,0,0,0,0,0,0,0,0,0,0,0,0,0,0,0,0,0
Philosophers-COL-050000,1,NONE,NONE,1.2e-05,6.49819,0.0,0.0,302316,FALSE,0,5,5,5,5,250000,250000,0,0,0,0,0,0,0,0,0,0,0,0,0,0,0,0,0,0,0,0,0,0,0,0,0,0,0,0
Philosophers-COL-050000,2,NONE,NONE,3e-06,6.6041,0.0,0.0,300812,FALSE,0,5,5,5,5,250000,250000,0,0,0,0,0,0,0,0,0,0,0,0,0,0,0,0,0,0,0,0,0,0,0,0,0,0,0,0
Philosophers-COL-050000,3,NONE,NONE,1.1e-05,6.2204,0.0,0.0,301064,FALSE,0,5,5,5,5,250000,250000,0,0,0,0,0,0,0,0,0,0,0,0,0,0,0,0,0,0,0,0,0,0,0,0,0,0,0,0
Philosophers-COL-050000,4,NONE,NONE,1.2e-05,6.40331,0.0,0.0,300760,FALSE,0,5,5,5,5,250000,250000,0,0,0,0,0,0,0,0,0,0,0,0,0,0,0,0,0,0,0,0,0,0,0,0,0,0,0,0
Philosophers-COL-050000,5,NONE,NONE,1.2e-05,6.09802,0.0,0.0,302220,FALSE,0,5,5,5,5,250000,250000,0,0,0,0,0,0,0,0,0,0,0,0,0,0,0,0,0,0,0,0,0,0,0,0,0,0,0,0
Philosophers-COL-050000,6,NONE,NONE,1.1e-05,6.421,0.0,0.0,302124,FALSE,0,5,5,5,5,250000,250000,0,0,0,0,0,0,0,0,0,0,0,0,0,0,0,0,0,0,0,0,0,0,0,0,0,0,0,0
Philosophers-COL-050000,7,NONE,NONE,1.1e-05,6.64922,0.0,0.0,302064,FALSE,0,5,5,5,5,250000,250000,0,0,0,0,0,0,0,0,0,0,0,0,0,0,0,0,0,0,0,0,0,0,0,0,0,0,0,0
Philosophers-COL-050000,8,NONE,NONE,1.1e-05,6.47389,0.0,0.0,301932,FALSE,0,5,5,5,5,250000,250000,0,0,0,0,0,0,0,0,0,0,0,0,0,0,0,0,0,0,0,0,0,0,0,0,0,0,0,0
Philosophers-COL-050000,9,NONE,NONE,1e-05,6.65596,0.0,0.0,301616,FALSE,0,5,5,5,5,250000,250000,0,0,0,0,0,0,0,0,0,0,0,0,0,0,0,0,0,0,0,0,0,0,0,0,0,0,0,0
Philosophers-COL-050000,10,NONE,NONE,1.2e-05,6.37145,0.0,0.0,300948,FALSE,0,5,5,5,5,250000,250000,0,0,0,0,0,0,0,0,0,0,0,0,0,0,0,0,0,0,0,0,0,0,0,0,0,0,0,0
Philosophers-COL-050000,11,NONE,NONE,1.2e-05,6.49217,0.0,0.0,301364,FALSE,0,5,5,5,5,250000,250000,0,0,0,0,0,0,0,0,0,0,0,0,0,0,0,0,0,0,0,0,0,0,0,0,0,0,0,0
Philosophers-COL-050000,12,NONE,NONE,3e-06,6.44681,0.0,0.0,300944,FALSE,0,5,5,5,5,250000,250000,0,0,0,0,0,0,0,0,0,0,0,0,0,0,0,0,0,0,0,0,0,0,0,0,0,0,0,0
Philosophers-COL-050000,13,NONE,NONE,1e-05,6.31236,0.0,0.0,302024,FALSE,0,5,5,5,5,250000,250000,0,0,0,0,0,0,0,0,0,0,0,0,0,0,0,0,0,0,0,0,0,0,0,0,0,0,0,0
Philosophers-COL-050000,14,NONE,NONE,1.1e-05,6.67887,0.0,0.0,300992,FALSE,0,5,5,5,5,250000,250000,0,0,0,0,0,0,0,0,0,0,0,0,0,0,0,0,0,0,0,0,0,0,0,0,0,0,0,0
Philosophers-COL-050000,15,NONE,NONE,1.2e-05,6.68986,0.0,0.0,301864,FALSE,0,5,5,5,5,250000,250000,0,0,0,0,0,0,0,0,0,0,0,0,0,0,0,0,0,0,0,0,0,0,0,0,0,0,0,0
Philosophers-COL-050000,16,NONE,NONE,3e-06,6.52998,0.0,0.0,300928,FALSE,0,5,5,5,5,250000,250000,0,0,0,0,0,0,0,0,0,0,0,0,0,0,0,0,0,0,0,0,0,0,0,0,0,0,0,0
Philosophers-COL-100000,1,NONE,NONE,2e-06,21.3988,0.0,0.0,600476,FALSE,0,5,5,5,5,500000,500000,0,0,0,0,0,0,0,0,0,0,0,0,0,0,0,0,0,0,0,0,0,0,0,0,0,0,0,0
Philosophers-COL-100000,2,NONE,NONE,1e-05,21.7524,0.0,0.0,598104,FALSE,0,5,5,5,5,500000,500000,0,0,0,0,0,0,0,0,0,0,0,0,0,0,0,0,0,0,0,0,0,0,0,0,0,0,0,0
Philosophers-COL-100000,3,NONE,NONE,1.1e-05,20.0302,0.0,0.0,598792,FALSE,0,5,5,5,5,500000,500000,0,0,0,0,0,0,0,0,0,0,0,0,0,0,0,0,0,0,0,0,0,0,0,0,0,0,0,0
Philosophers-COL-100000,4,NONE,NONE,3e-06,22.173,0.0,0.0,598144,FALSE,0,5,5,5,5,500000,500000,0,0,0,0,0,0,0,0,0,0,0,0,0,0,0,0,0,0,0,0,0,0,0,0,0,0,0,0
Philosophers-COL-100000,5,NONE,NONE,1e-05,21.6026,0.0,0.0,600544,FALSE,0,5,5,5,5,500000,500000,0,0,0,0,0,0,0,0,0,0,0,0,0,0,0,0,0,0,0,0,0,0,0,0,0,0,0,0
Philosophers-COL-100000,6,NONE,NONE,1e-05,22.2255,0.0,0.0,600744,FALSE,0,5,5,5,5,500000,500000,0,0,0,0,0,0,0,0,0,0,0,0,0,0,0,0,0,0,0,0,0,0,0,0,0,0,0,0
Philosophers-COL-100000,7,NONE,NONE,1e-05,22.4216,0.0,0.0,600212,FALSE,0,5,5,5,5,500000,500000,0,0,0,0,0,0,0,0,0,0,0,0,0,0,0,0,0,0,0,0,0,0,0,0,0,0,0,0
Philosophers-COL-100000,8,NONE,NONE,2e-06,21.8976,0.0,0.0,599492,FALSE,0,5,5,5,5,500000,500000,0,0,0,0,0,0,0,0,0,0,0,0,0,0,0,0,0,0,0,0,0,0,0,0,0,0,0,0
Philosophers-COL-100000,9,NONE,NONE,3e-06,21.91,0.0,0.0,599676,FALSE,0,5,5,5,5,500000,500000,0,0,0,0,0,0,0,0,0,0,0,0,0,0,0,0,0,0,0,0,0,0,0,0,0,0,0,0
Philosophers-COL-100000,10,NONE,NONE,1.2e-05,21.4917,0.0,0.0,599932,FALSE,0,5,5,5,5,500000,500000,0,0,0,0,0,0,0,0,0,0,0,0,0,0,0,0,0,0,0,0,0,0,0,0,0,0,0,0
Philosophers-COL-100000,11,NONE,NONE,1.3e-05,22.1093,0.0,0.0,600180,FALSE,0,5,5,5,5,500000,500000,0,0,0,0,0,0,0,0,0,0,0,0,0,0,0,0,0,0,0,0,0,0,0,0,0,0,0,0
Philosophers-COL-100000,12,NONE,NONE,3e-06,22.3259,0.0,0.0,601652,FALSE,0,5,5,5,5,500000,500000,0,0,0,0,0,0,0,0,0,0,0,0,0,0,0,0,0,0,0,0,0,0,0,0,0,0,0,0
Philosophers-COL-100000,13,NONE,NONE,3e-06,22.8566,0.0,0.0,602408,FALSE,0,5,5,5,5,500000,500000,0,0,0,0,0,0,0,0,0,0,0,0,0,0,0,0,0,0,0,0,0,0,0,0,0,0,0,0
Philosophers-COL-100000,14,NONE,NONE,1.1e-05,20.9586,0.0,0.0,599044,FALSE,0,5,5,5,5,500000,500000,0,0,0,0,0,0,0,0,0,0,0,0,0,0,0,0,0,0,0,0,0,0,0,0,0,0,0,0
Philosophers-COL-100000,15,NONE,NONE,1e-05,22.5458,0.0,0.0,599344,FALSE,0,5,5,5,5,500000,500000,0,0,0,0,0,0,0,0,0,0,0,0,0,0,0,0,0,0,0,0,0,0,0,0,0,0,0,0
Philosophers-COL-100000,16,NONE,NONE,9e-06,21.3858,0.0,0.0,602400,FALSE,0,5,5,5,5,500000,500000,0,0,0,0,0,0,0,0,0,0,0,0,0,0,0,0,0,0,0,0,0,0,0,0,0,0,0,0
PhilosophersDyn-COL-03,1,TRUE,NONE,4e-06,0.001112,0.000582,0.008232,6916,FALSE,0,8,7,8,7,31,84,31,81,0,0,0,3,0,0,0,0,0,0,0,0,0,0,0,0,0,0,0,0,0,0,0,0,0,0
PhilosophersDyn-COL-03,2,TRUE,NONE,3.1e-05,0.001308,0.000186,0.0,4496,TRUE,0,8,7,8,7,31,84,0,0,0,0,0,0,0,0,0,0,1,0,0,0,0,0,0,0,0,0,0,0,0,0,0,0,0,0
PhilosophersDyn-COL-03,3,FALSE,NONE,5e-06,0.001191,0.000628,0.002882,7132,FALSE,0,8,7,8,7,31,84,31,81,0,0,0,3,0,0,0,0,0,0,0,0,0,0,0,0,0,0,0,0,0,0,0,0,0,0
PhilosophersDyn-COL-03,4,TRUE,NONE,3.1e-05,0.001123,0.000122,0.0,4500,TRUE,0,8,7,8,7,31,84,0,0,0,0,0,0,0,0,0,0,1,0,0,0,0,0,0,0,0,0,0,0,0,0,0,0,0,0
PhilosophersDyn-COL-03,5,FALSE,NONE,4e-06,0.000946,0.000135,0.0,4496,TRUE,0,8,7,8,7,31,84,0,0,0,0,0,0,0,0,0,0,1,0,0,0,0,0,0,0,0,0,0,0,0,0,0,0,0,0
PhilosophersDyn-COL-03,6,FALSE,NONE,2.9e-05,0.001078,0.000143,0.0,4488,TRUE,0,8,7,8,7,31,84,0,0,0,0,0,0,0,0,0,0,1,0,0,0,0,0,0,0,0,0,0,0,0,0,0,0,0,0
PhilosophersDyn-COL-03,7,FALSE,NONE,4e-06,0.001076,0.000857,0.0025,6996,FALSE,0,8,7,8,7,31,84,31,81,0,0,0,3,0,0,0,0,0,0,0,0,0,0,0,0,0,0,0,0,0,0,0,0,0,0
PhilosophersDyn-COL-03,8,TRUE,NONE,3.1e-05,0.001005,0.000136,0.0,4500,TRUE,0,8,7,8,7,31,84,0,0,0,0,0,0,0,0,0,0,1,0,0,0,0,0,0,0,0,0,0,0,0,0,0,0,0,0
PhilosophersDyn-COL-03,9,FALSE,NONE,2.9e-05,0.001,0.000121,0.0,4488,TRUE,0,8,7,8,7,31,84,0,0,0,0,0,0,0,0,0,0,1,0,0,0,0,0,0,0,0,0,0,0,0,0,0,0,0,0
PhilosophersDyn-COL-03,10,TRUE,NONE,5e-06,0.000992,9.8e-05,0.0,4496,TRUE,0,8,7,8,7,31,84,0,0,0,0,0,0,0,0,0,0,1,0,0,0,0,0,0,0,0,0,0,0,0,0,0,0,0,0
PhilosophersDyn-COL-03,11,FALSE,NONE,3e-05,0.001075,0.000528,0.00215,6992,FALSE,0,8,7,8,7,31,84,31,81,0,0,0,3,0,0,0,0,0,0,0,0,0,0,0,0,0,0,0,0,0,0,0,0,0,0
PhilosophersDyn-COL-03,12,FALSE,NONE,5e-06,0.001104,0.000638,0.002849,7020,FALSE,0,8,7,8,7,31,84,31,81,0,0,0,3,0,0,0,0,0,0,0,0,0,0,0,0,0,0,0,0,0,0,0,0,0,0
PhilosophersDyn-COL-03,13,TRUE,NONE,5e-06,0.001323,0.000167,0.0,4496,TRUE,0,8,7,8,7,31,84,0,0,0,0,0,0,0,0,0,0,1,0,0,0,0,0,0,0,0,0,0,0,0,0,0,0,0,0
PhilosophersDyn-COL-03,14,FALSE,NONE,3.1e-05,0.001049,0.000588,0.002712,6988,FALSE,0,8,7,8,7,31,84,31,81,0,0,0,3,0,0,0,0,0,0,0,0,0,0,0,0,0,0,0,0,0,0,0,0,0,0
PhilosophersDyn-COL-03,15,TRUE,NONE,3.6e-05,0.001233,0.000163,0.0,4500,TRUE,0,8,7,8,7,31,84,0,0,0,0,0,0,0,0,0,0,1,0,0,0,0,0,0,0,0,0,0,0,0,0,0,0,0,0
PhilosophersDyn-COL-03,16,TRUE,NONE,2.9e-05,0.001033,0.000558,0.002388,6752,FALSE,0,8,7,8,7,31,84,31,81,0,0,0,3,0,0,0,0,0,0,0,0,0,0,0,0,0,0,0,0,0,0,0,0,0,0
PhilosophersDyn-COL-10,1,NONE,NONE,4e-06,0.025652,0.061864,0.0,13076,FALSE,0,8,7,8,7,171,2310,171,2265,0,0,0,45,0,0,0,0,0,0,0,0,0,0,0,0,0,0,0,0,0,0,0,0,0,0
PhilosophersDyn-COL-10,2,NONE,NONE,5e-06,0.024436,0.06165,0.0,13468,FALSE,0,8,7,8,7,171,2310,171,2265,0,0,0,45,0,0,0,0,0,0,0,0,0,0,0,0,0,0,0,0,0,0,0,0,0,0
PhilosophersDyn-COL-10,3,NONE,NONE,5e-06,0.029251,0.055646,0.0,13380,FALSE,0,8,7,8,7,171,2310,171,2265,0,0,0,45,0,0,0,0,0,0,0,0,0,0,0,0,0,0,0,0,0,0,0,0,0,0
PhilosophersDyn-COL-10,4,TRUE,NONE,2.9e-05,0.026314,0.059259,0.02053,13760,FALSE,0,8,7,8,7,171,2310,171,2265,0,0,0,45,0,0,0,0,0,0,0,0,0,0,0,0,0,0,0,0,0,0,0,0,0,0
PhilosophersDyn-COL-10,5,NONE,NONE,2.9e-05,0.025648,0.063395,0.0,14696,FALSE,0,8,7,8,7,171,2310,171,2265,0,0,0,45,0,0,0,0,0,0,0,0,0,0,0,0,0,0,0,0,0,0,0,0,0,0
PhilosophersDyn-COL-10,6,NONE,NONE,5e-06,0.024589,0.058752,0.0,13024,FALSE,0,8,7,8,7,171,2310,171,2265,0,0,0,45,0,0,0,0,0,0,0,0,0,0,0,0,0,0,0,0,0,0,0,0,0,0
PhilosophersDyn-COL-10,7,TRUE,NONE,3.3e-05,0.029315,0.059334,0.062947,10624,FALSE,0,8,7,8,7,171,2310,171,2265,0,0,0,45,0,0,0,0,0,0,0,0,0,0,0,0,0,0,0,0,0,0,0,0,0,0
PhilosophersDyn-COL-10,8,TRUE,NONE,3.1e-05,0.024081,0.061282,0.056914,10628,FALSE,0,8,7,8,7,171,2310,171,2265,0,0,0,45,0,0,0,0,0,0,0,0,0,0,0,0,0,0,0,0,0,0,0,0,0,0
PhilosophersDyn-COL-10,9,NONE,NONE,3e-05,0.023935,0.060271,0.0,14712,FALSE,0,8,7,8,7,171,2310,171,2265,0,0,0,45,0,0,0,0,0,0,0,0,0,0,0,0,0,0,0,0,0,0,0,0,0,0
PhilosophersDyn-COL-10,10,FALSE,NONE,2.8e-05,0.024435,0.058184,0.053895,10736,FALSE,0,8,7,8,7,171,2310,171,2265,0,0,0,45,0,0,0,0,0,0,0,0,0,0,0,0,0,0,0,0,0,0,0,0,0,0
PhilosophersDyn-COL-10,11,TRUE,NONE,5e-06,0.024095,0.060256,0.015179,12496,FALSE,0,8,7,8,7,171,2310,171,2265,0,0,0,45,0,0,0,0,0,0,0,0,0,0,0,0,0,0,0,0,0,0,0,0,0,0
PhilosophersDyn-COL-10,12,NONE,NONE,3.2e-05,0.023732,0.057736,0.0,14576,FALSE,0,8,7,8,7,171,2310,171,2265,0,0,0,45,0,0,0,0,0,0,0,0,0,0,0,0,0,0,0,0,0,0,0,0,0,0
PhilosophersDyn-COL-10,13,TRUE,NONE,3.2e-05,0.024435,0.059334,0.054385,10632,FALSE,0,8,7,8,7,171,2310,171,2265,0,0,0,45,0,0,0,0,0,0,0,0,0,0,0,0,0,0,0,0,0,0,0,0,0,0
PhilosophersDyn-COL-10,14,TRUE,NONE,2.9e-05,0.023051,0.058302,0.053422,10632,FALSE,0,8,7,8,7,171,2310,171,2265,0,0,0,45,0,0,0,0,0,0,0,0,0,0,0,0,0,0,0,0,0,0,0,0,0,0
PhilosophersDyn-COL-10,15,FALSE,NONE,3e-05,0.02391,0.057897,21.0732,16212,FALSE,0,8,7,8,7,171,2310,171,2265,0,0,0,45,0,0,0,0,0,0,0,0,0,0,0,0,0,0,0,0,0,0,0,0,0,0
PhilosophersDyn-COL-10,16,NONE,NONE,3.8e-05,0.023753,0.05998,0.0,14816,FALSE,0,8,7,8,7,171,2310,171,2265,0,0,0,45,0,0,0,0,0,0,0,0,0,0,0,0,0,0,0,0,0,0,0,0,0,0
PhilosophersDyn-COL-20,1,NONE,NONE,5e-06,0.0,0.0,0.0,4348,FALSE,0,8,7,8,7,0,0,0,0,0,0,0,0,0,0,0,0,0,0,0,0,0,0,0,0,0,0,0,0,0,0,0,0,0,0
PhilosophersDyn-COL-20,2,NONE,NONE,4e-06,0.0,0.0,0.0,4348,FALSE,0,8,7,8,7,0,0,0,0,0,0,0,0,0,0,0,0,0,0,0,0,0,0,0,0,0,0,0,0,0,0,0,0,0,0
PhilosophersDyn-COL-20,3,NONE,NONE,3e-06,0.0,0.0,0.0,4348,FALSE,0,8,7,8,7,0,0,0,0,0,0,0,0,0,0,0,0,0,0,0,0,0,0,0,0,0,0,0,0,0,0,0,0,0,0
PhilosophersDyn-COL-20,4,NONE,NONE,3e-06,0.0,0.0,0.0,4352,FALSE,0,8,7,8,7,0,0,0,0,0,0,0,0,0,0,0,0,0,0,0,0,0,0,0,0,0,0,0,0,0,0,0,0,0,0
PhilosophersDyn-COL-20,5,NONE,NONE,4e-06,0.0,0.0,0.0,4348,FALSE,0,8,7,8,7,0,0,0,0,0,0,0,0,0,0,0,0,0,0,0,0,0,0,0,0,0,0,0,0,0,0,0,0,0,0
PhilosophersDyn-COL-20,6,NONE,NONE,3e-06,0.0,0.0,0.0,4352,FALSE,0,8,7,8,7,0,0,0,0,0,0,0,0,0,0,0,0,0,0,0,0,0,0,0,0,0,0,0,0,0,0,0,0,0,0
PhilosophersDyn-COL-20,7,NONE,NONE,3e-06,0.0,0.0,0.0,4352,FALSE,0,8,7,8,7,0,0,0,0,0,0,0,0,0,0,0,0,0,0,0,0,0,0,0,0,0,0,0,0,0,0,0,0,0,0
PhilosophersDyn-COL-20,8,NONE,NONE,3e-06,0.0,0.0,0.0,4352,FALSE,0,8,7,8,7,0,0,0,0,0,0,0,0,0,0,0,0,0,0,0,0,0,0,0,0,0,0,0,0,0,0,0,0,0,0
PhilosophersDyn-COL-20,9,NONE,NONE,3e-06,0.0,0.0,0.0,4348,FALSE,0,8,7,8,7,0,0,0,0,0,0,0,0,0,0,0,0,0,0,0,0,0,0,0,0,0,0,0,0,0,0,0,0,0,0
PhilosophersDyn-COL-20,10,NONE,NONE,3e-06,0.0,0.0,0.0,4348,FALSE,0,8,7,8,7,0,0,0,0,0,0,0,0,0,0,0,0,0,0,0,0,0,0,0,0,0,0,0,0,0,0,0,0,0,0
PhilosophersDyn-COL-20,11,NONE,NONE,4e-06,0.0,0.0,0.0,4348,FALSE,0,8,7,8,7,0,0,0,0,0,0,0,0,0,0,0,0,0,0,0,0,0,0,0,0,0,0,0,0,0,0,0,0,0,0
PhilosophersDyn-COL-20,12,NONE,NONE,4e-06,0.0,0.0,0.0,4352,FALSE,0,8,7,8,7,0,0,0,0,0,0,0,0,0,0,0,0,0,0,0,0,0,0,0,0,0,0,0,0,0,0,0,0,0,0
PhilosophersDyn-COL-20,13,NONE,NONE,4e-06,0.0,0.0,0.0,4348,FALSE,0,8,7,8,7,0,0,0,0,0,0,0,0,0,0,0,0,0,0,0,0,0,0,0,0,0,0,0,0,0,0,0,0,0,0
PhilosophersDyn-COL-20,14,NONE,NONE,4e-06,0.0,0.0,0.0,4348,FALSE,0,8,7,8,7,0,0,0,0,0,0,0,0,0,0,0,0,0,0,0,0,0,0,0,0,0,0,0,0,0,0,0,0,0,0
PhilosophersDyn-COL-20,15,NONE,NONE,4e-06,0.0,0.0,0.0,4348,FALSE,0,8,7,8,7,0,0,0,0,0,0,0,0,0,0,0,0,0,0,0,0,0,0,0,0,0,0,0,0,0,0,0,0,0,0
PhilosophersDyn-COL-20,16,NONE,NONE,3e-06,0.0,0.0,0.0,4348,FALSE,0,8,7,8,7,0,0,0,0,0,0,0,0,0,0,0,0,0,0,0,0,0,0,0,0,0,0,0,0,0,0,0,0,0,0
PhilosophersDyn-COL-50,1,TRUE,NONE,4e-05,3.2809,10.0172,0.473343,568904,FALSE,0,8,7,8,7,2851,257550,2851,257550,0,0,0,0,0,0,0,0,0,0,0,0,0,0,0,0,0,0,0,0,0,0,0,0,0,0
PhilosophersDyn-COL-50,2,FALSE,NONE,6e-06,3.27886,10.4732,0.971716,715644,FALSE,0,8,7,8,7,2851,257550,2851,257550,0,0,0,0,0,0,0,0,0,0,0,0,0,0,0,0,0,0,0,0,0,0,0,0,0,0
PhilosophersDyn-COL-50,3,TRUE,NONE,3.2e-05,3.19717,8.28472,0.0,234756,TRUE,0,8,7,8,7,2851,257550,0,0,0,0,0,0,0,0,0,0,1,0,0,0,0,0,0,0,0,0,0,0,0,0,0,0,0,0
PhilosophersDyn-COL-50,4,NONE,NONE,3.4e-05,3.0325,10.1857,0.0,624612,FALSE,0,8,7,8,7,2851,257550,2851,257550,0,0,0,0,0,0,0,0,0,0,0,0,0,0,0,0,0,0,0,0,0,0,0,0,0,0
PhilosophersDyn-COL-50,5,FALSE,NONE,4e-05,3.09359,10.0179,0.634553,555736,FALSE,0,8,7,8,7,2851,257550,2851,257550,0,0,0,0,0,0,0,0,0,0,0,0,0,0,0,0,0,0,0,0,0,0,0,0,0,0
PhilosophersDyn-COL-50,6,FALSE,NONE,3.9e-05,3.03882,8.51343,0.0,269232,TRUE,0,8,7,8,7,2851,257550,0,0,0,0,0,0,0,0,0,0,1,0,0,0,0,0,0,0,0,0,0,0,0,0,0,0,0,0
PhilosophersDyn-COL-50,7,FALSE,NONE,3.3e-05,3.13062,8.59749,0.0,328128,TRUE,0,8,7,8,7,2851,257550,0,0,0,0,0,0,0,0,0,0,1,0,0,0,0,0,0,0,0,0,0,0,0,0,0,0,0,0
PhilosophersDyn-COL-50,8,FALSE,NONE,3.8e-05,3.53448,8.48915,0.0,296076,TRUE,0,8,7,8,7,2851,257550,0,0,0,0,0,0,0,0,0,0,1,0,0,0,0,0,0,0,0,0,0,0,0,0,0,0,0,0
PhilosophersDyn-COL-50,9,FALSE,NONE,4.3e-05,3.3015,10.1496,0.559178,618472,FALSE,0,8,7,8,7,2851,257550,2851,257550,0,0,0,0,0,0,0,0,0,0,0,0,0,0,0,0,0,0,0,0,0,0,0,0,0,0
PhilosophersDyn-COL-50,10,FALSE,NONE,4.6e-05,3.10991,10.0258,0.884137,554752,FALSE,0,8,7,8,7,2851,257550,2851,257550,0,0,0,0,0,0,0,0,0,0,0,0,0,0,0,0,0,0,0,0,0,0,0,0,0,0
PhilosophersDyn-COL-50,11,TRUE,NONE,5e-05,3.6825,10.0033,0.0,234476,TRUE,0,8,7,8,7,2851,257550,0,0,0,0,0,0,0,0,0,0,1,0,0,0,0,0,0,0,0,0,0,0,0,0,0,0,0,0
PhilosophersDyn-COL-50,12,FALSE,NONE,3e-05,3.30621,9.39985,0.0,234192,TRUE,0,8,7,8,7,2851,257550,0,0,0,0,0,0,0,0,0,0,1,0,0,0,0,0,0,0,0,0,0,0,0,0,0,0,0,0
PhilosophersDyn-COL-50,13,TRUE,NONE,2.9e-05,3.01799,9.63151,0.0,234556,TRUE,0,8,7,8,7,2851,257550,0,0,0,0,0,0,0,0,0,0,1,0,0,0,0,0,0,0,0,0,0,0,0,0,0,0,0,0
PhilosophersDyn-COL-50,14,NONE,NONE,5e-06,3.32264,10.306,0.0,631220,FALSE,0,8,7,8,7,2851,257550,2851,257550,0,0,0,0,0,0,0,0,0,0,0,0,0,0,0,0,0,0,0,0,0,0,0,0,0,0
PhilosophersDyn-COL-50,15,NONE,NONE,2.9e-05,3.14825,10.1073,0.0,592360,FALSE,0,8,7,8,7,2851,257550,2851,257550,0,0,0,0,0,0,0,0,0,0,0,0,0,0,0,0,0,0,0,0,0,0,0,0,0,0
PhilosophersDyn-COL-50,16,FALSE,NONE,2.8e-05,3.19448,9.64833,0.0,394304,TRUE,0,8,7,8,7,2851,257550,0,0,0,0,0,0,0,0,0,0,1,0,0,0,0,0,0,0,0,0,0,0,0,0,0,0,0,0
PhilosophersDyn-COL-80,1,NONE,NONE,3e-06,13.0224,0.0,0.0,2361280,FALSE,0,8,7,8,7,6961,1043280,0,0,0,0,0,0,0,0,0,0,0,0,0,0,0,0,0,0,0,0,0,0,0,0,0,0,0,0
PhilosophersDyn-COL-80,2,TRUE,NONE,4e-06,13.5122,0.0,0.0,1313852,TRUE,0,8,7,8,7,6961,1043280,0,0,0,0,0,0,0,0,0,0,0,0,0,0,0,0,0,0,0,0,0,0,0,0,0,0,0,0
PhilosophersDyn-COL-80,3,NONE,NONE,4e-06,13.6558,0.0,0.0,2367720,FALSE,0,8,7,8,7,6961,1043280,0,0,0,0,0,0,0,0,0,0,0,0,0,0,0,0,0,0,0,0,0,0,0,0,0,0,0,0
PhilosophersDyn-COL-80,4,FALSE,NONE,3e-06,12.8382,0.0,0.0,929180,TRUE,0,8,7,8,7,6961,1043280,0,0,0,0,0,0,0,0,0,0,0,0,0,0,0,0,0,0,0,0,0,0,0,0,0,0,0,0
PhilosophersDyn-COL-80,5,FALSE,NONE,4e-06,12.8193,0.0,0.0,1052652,TRUE,0,8,7,8,7,6961,1043280,0,0,0,0,0,0,0,0,0,0,0,0,0,0,0,0,0,0,0,0,0,0,0,0,0,0,0,0
PhilosophersDyn-COL-80,6,TRUE,NONE,4e-06,12.5804,0.0,0.0,941680,TRUE,0,8,7,8,7,6961,1043280,0,0,0,0,0,0,0,0,0,0,0,0,0,0,0,0,0,0,0,0,0,0,0,0,0,0,0,0
PhilosophersDyn-COL-80,7,NONE,NONE,3e-06,14.1623,10.0566,0.0,2226136,FALSE,0,8,7,8,7,6961,1043280,6961,1043280,0,0,0,0,0,0,0,0,0,0,0,0,0,0,0,0,0,0,0,0,0,0,0,0,0,0
PhilosophersDyn-COL-80,8,NONE,NONE,4e-06,13.2292,10.0564,0.0,2225408,FALSE,0,8,7,8,7,6961,1043280,6961,1043280,0,0,0,0,0,0,0,0,0,0,0,0,0,0,0,0,0,0,0,0,0,0,0,0,0,0
PhilosophersDyn-COL-80,9,NONE,NONE,4e-06,13.1826,0.0,0.0,2505864,FALSE,0,8,7,8,7,6961,1043280,0,0,0,0,0,0,0,0,0,0,0,0,0,0,0,0,0,0,0,0,0,0,0,0,0,0,0,0
PhilosophersDyn-COL-80,10,NONE,NONE,4e-06,12.8428,0.0,0.0,2475692,FALSE,0,8,7,8,7,6961,1043280,0,0,0,0,0,0,0,0,0,0,0,0,0,0,0,0,0,0,0,0,0,0,0,0,0,0,0,0
PhilosophersDyn-COL-80,11,NONE,NONE,4e-06,12.2402,0.0,0.0,2370392,FALSE,0,8,7,8,7,6961,1043280,0,0,0,0,0,0,0,0,0,0,0,0,0,0,0,0,0,0,0,0,0,0,0,0,0,0,0,0
PhilosophersDyn-COL-80,12,TRUE,NONE,4e-06,12.6092,0.0,0.0,1180684,TRUE,0,8,7,8,7,6961,1043280,0,0,0,0,0,0,0,0,0,0,0,0,0,0,0,0,0,0,0,0,0,0,0,0,0,0,0,0
PhilosophersDyn-COL-80,13,NONE,NONE,3e-06,12.6827,0.0,0.0,2257780,FALSE,0,8,7,8,7,6961,1043280,0,0,0,0,0,0,0,0,0,0,0,0,0,0,0,0,0,0,0,0,0,0,0,0,0,0,0,0
PhilosophersDyn-COL-80,14,NONE,NONE,4e-06,12.878,0.0,0.0,2504568,FALSE,0,8,7,8,7,6961,1043280,0,0,0,0,0,0,0,0,0,0,0,0,0,0,0,0,0,0,0,0,0,0,0,0,0,0,0,0
PhilosophersDyn-COL-80,15,NONE,NONE,3e-06,13.4707,10.1314,0.0,2237096,FALSE,0,8,7,8,7,6961,1043280,6961,1043280,0,0,0,0,0,0,0,0,0,0,0,0,0,0,0,0,0,0,0,0,0,0,0,0,0,0
PhilosophersDyn-COL-80,16,NONE,NONE,3e-06,14.178,0.0,0.0,2508724,FALSE,0,8,7,8,7,6961,1043280,0,0,0,0,0,0,0,0,0,0,0,0,0,0,0,0,0,0,0,0,0,0,0,0,0,0,0,0
PolyORBLF-COL-S02J04T06,1,TRUE,NONE,0.000339,0.010104,0.000896,0.0,7424,TRUE,0,81,65,81,65,480,824,0,0,0,0,0,0,0,0,0,0,1,0,0,0,0,0,0,0,0,0,0,0,0,0,0,0,0,0
PolyORBLF-COL-S02J04T06,2,TRUE,NONE,0.000212,0.007389,0.011805,0.149255,8716,FALSE,0,81,65,81,65,480,824,362,710,0,330,4,0,0,0,0,0,0,0,0,0,0,0,0,0,0,0,24,0,0,0,0,0,0,0
PolyORBLF-COL-S02J04T06,3,FALSE,NONE,0.000217,0.007816,0.011569,0.254735,8732,FALSE,0,81,65,81,65,480,824,380,728,0,312,4,0,0,0,0,0,0,0,0,0,0,0,0,0,0,0,6,0,0,0,0,0,0,0
PolyORBLF-COL-S02J04T06,4,TRUE,NONE,0.000244,0.009205,0.012498,0.004407,8580,FALSE,0,81,65,81,65,480,824,356,704,0,330,4,0,0,0,0,0,0,0,0,0,0,0,0,0,0,0,108,0,0,0,0,0,0,0
PolyORBLF-COL-S02J04T06,5,FALSE,NONE,0.000214,0.007299,0.013698,0.245302,8824,FALSE,0,81,65,81,65,480,824,356,704,0,330,4,0,0,0,0,0,0,0,0,0,0,0,0,0,0,0,90,0,0,0,0,0,0,0
PolyORBLF-COL-S02J04T06,6,TRUE,NONE,0.000251,0.007895,0.008328,0.361428,8768,FALSE,0,81,65,81,65,480,824,417,764,0,222,3,0,0,0,0,0,0,0,0,0,0,0,0,0,0,0,0,0,0,0,0,0,0,0
PolyORBLF-COL-S02J04T06,7,FALSE,NONE,0.000233,0.007466,0.012,0.184027,8276,FALSE,0,81,65,81,65,480,824,392,740,0,240,4,0,0,0,0,0,0,0,0,0,0,0,0,0,0,0,24,0,0,0,0,0,0,0
PolyORBLF-COL-S02J04T06,8,FALSE,NONE,0.000303,0.007662,0.013028,0.232507,9048,FALSE,0,81,65,81,65,480,824,416,764,0,150,4,0,0,0,0,0,0,0,0,0,0,0,0,0,0,0,108,0,0,0,0,0,0,0
PolyORBLF-COL-S02J04T06,9,TRUE,NONE,0.000168,0.007397,0.012389,0.104973,8520,FALSE,0,81,65,81,65,480,824,380,728,0,300,4,0,0,0,0,0,0,0,0,0,0,0,0,0,0,0,6,0,0,0,0,0,0,0
PolyORBLF-COL-S02J04T06,10,FALSE,NONE,0.00023,0.007683,0.011562,0.281753,9036,FALSE,0,81,65,81,65,480,824,380,728,0,312,4,0,0,0,0,0,0,0,0,0,0,0,0,0,0,0,6,0,0,0,0,0,0,0
PolyORBLF-COL-S02J04T06,11,TRUE,NONE,0.000237,0.007734,0.012331,0.004427,8168,FALSE,0,81,65,81,65,480,824,350,698,0,336,4,0,0,0,0,0,0,0,0,0,0,0,0,0,0,0,108,0,0,0,0,0,0,0
PolyORBLF-COL-S02J04T06,12,TRUE,NONE,0.00023,0.007539,0.013455,0.151023,8848,FALSE,0,81,65,81,65,480,824,350,698,0,336,4,0,0,0,0,0,0,0,0,0,0,0,0,0,0,0,108,0,0,0,0,0,0,0
PolyORBLF-COL-S02J04T06,13,TRUE,NONE,0.000237,0.007855,0.007463,0.253218,8640,FALSE,0,81,65,81,65,480,824,382,728,0,300,2,0,0,0,0,0,0,0,0,0,0,0,0,0,0,0,0,0,0,0,0,0,0,0
PolyORBLF-COL-S02J04T06,14,TRUE,NONE,0.000239,0.007912,0.014272,0.249692,8608,FALSE,0,81,65,81,65,480,824,387,734,0,210,3,0,0,0,0,0,0,0,0,0,0,0,0,0,0,0,24,0,0,0,0,0,0,0
PolyORBLF-COL-S02J04T06,15,FALSE,NONE,0.000213,0.007859,0.012532,0.259265,9004,FALSE,0,81,65,81,65,480,824,380,728,0,312,4,0,0,0,0,0,0,0,0,0,0,0,0,0,0,0,6,0,0,0,0,0,0,0
PolyORBLF-COL-S02J04T06,16,FALSE,NONE,0.000241,0.007681,0.012857,0.147145,8856,FALSE,0,81,65,81,65,480,824,350,698,0,336,4,0,0,0,0,0,0,0,0,0,0,0,0,0,0,0,108,0,0,0,0,0,0,0
PolyORBLF-COL-S02J04T08,1,FALSE,NONE,0.000221,0.011661,0.028177,0.010909,9384,FALSE,0,81,65,81,65,618,1114,438,938,8,352,4,0,0,0,0,0,0,0,0,0,0,0,0,0,0,0,152,0,0,0,0,0,0,0
PolyORBLF-COL-S02J04T08,2,FALSE,NONE,0.000173,0.012988,0.022255,0.006747,8556,FALSE,0,81,65,81,65,618,1114,430,930,8,496,4,0,0,0,0,0,0,0,0,0,0,0,0,0,0,0,152,0,0,0,0,0,0,0
PolyORBLF-COL-S02J04T08,3,TRUE,NONE,0.000241,0.012762,0.020217,0.004095,8616,FALSE,0,81,65,81,65,618,1114,422,922,8,504,4,0,0,0,0,0,0,0,0,0,0,0,0,0,0,0,152,0,0,0,0,0,0,0
PolyORBLF-COL-S02J04T08,4,TRUE,NONE,0.000131,0.010043,0.017543,0.682122,9236,FALSE,0,81,65,81,65,618,1114,454,954,8,416,4,0,0,0,0,0,0,0,0,0,0,0,0,0,0,0,40,0,0,0,0,0,0,0
PolyORBLF-COL-S02J04T08,5,TRUE,NONE,0.000235,0.009863,0.018325,0.644729,9396,FALSE,0,81,65,81,65,618,1114,454,954,8,384,4,0,0,0,0,0,0,0,0,0,0,0,0,0,0,0,152,0,0,0,0,0,0,0
PolyORBLF-COL-S02J04T08,6,FALSE,NONE,0.000158,0.010685,0.001195,0.0,7516,TRUE,0,81,65,81,65,618,1114,0,0,0,0,0,0,0,0,0,0,1,0,0,0,0,0,0,0,0,0,0,0,0,0,0,0,0,0
PolyORBLF-COL-S02J04T08,7,FALSE,NONE,0.000182,0.011095,0.019552,0.716202,9816,FALSE,0,81,65,81,65,618,1114,438,938,8,496,4,0,0,0,0,0,0,0,0,0,0,0,0,0,0,0,120,0,0,0,0,0,0,0
PolyORBLF-COL-S02J04T08,8,FALSE,NONE,0.00025,0.012284,0.020851,0.552759,9916,FALSE,0,81,65,81,65,618,1114,462,962,8,472,4,0,0,0,0,0,0,0,0,0,0,0,0,0,0,0,32,0,0,0,0,0,0,0
PolyORBLF-COL-S02J04T08,9,TRUE,NONE,0.000231,0.010718,0.026897,0.005343,8992,FALSE,0,81,65,81,65,618,1114,438,938,0,384,4,0,0,0,0,0,0,0,0,0,0,0,0,0,0,0,152,0,0,0,0,0,0,0
PolyORBLF-COL-S02J04T08,10,TRUE,NONE,0.000212,0.010219,0.01751,0.659614,9528,FALSE,0,81,65,81,65,618,1114,502,1002,8,288,4,0,0,0,0,0,0,0,0,0,0,0,0,0,0,0,0,0,0,0,0,0,0,0
PolyORBLF-COL-S02J04T08,11,FALSE,NONE,0.000243,0.010053,0.019455,0.004844,9264,FALSE,0,81,65,81,65,618,1114,462,962,8,472,4,0,0,0,0,0,0,0,0,0,0,0,0,0,0,0,32,0,0,0,0,0,0,0
PolyORBLF-COL-S02J04T08,12,FALSE,NONE,0.000239,0.009934,0.020565,0.566574,9488,FALSE,0,81,65,81,65,618,1114,422,922,8,504,4,0,0,0,0,0,0,0,0,0,0,0,0,0,0,0,152,0,0,0,0,0,0,0
PolyORBLF-COL-S02J04T08,13,FALSE,NONE,0.000235,0.010221,0.018614,0.658838,10272,FALSE,0,81,65,81,65,618,1114,478,978,8,456,4,0,0,0,0,0,0,0,0,0,0,0,0,0,0,0,8,0,0,0,0,0,0,0
PolyORBLF-COL-S02J04T08,14,FALSE,NONE,0.00016,0.010145,0.018399,1.23802,10236,FALSE,0,81,65,81,65,618,1114,467,967,8,440,4,0,0,0,0,0,0,0,0,0,0,0,0,0,0,0,50,0,0,0,0,0,0,0
PolyORBLF-COL-S02J04T08,15,TRUE,NONE,0.000232,0.00993,0.019601,0.667803,9592,FALSE,0,81,65,81,65,618,1114,464,962,8,368,2,0,0,0,0,0,0,0,0,0,0,0,0,0,0,0,160,0,0,0,0,0,0,0
PolyORBLF-COL-S02J04T08,16,FALSE,NONE,0.000276,0.010357,0.019001,0.680232,9660,FALSE,0,81,65,81,65,618,1114,494,994,8,376,4,0,0,0,0,0,0,0,0,0,0,0,0,0,0,0,8,0,0,0,0,0,0,0
PolyORBLF-COL-S02J04T10,1,TRUE,NONE,0.000214,0.013951,0.032263,0.005083,8984,FALSE,0,81,65,81,65,757,1412,545,1202,10,420,2,0,0,0,0,0,0,0,0,0,0,0,0,0,0,0,190,0,0,0,0,0,0,0
PolyORBLF-COL-S02J04T10,2,NONE,NONE,0.000257,0.012956,0.028891,0.0,75892,FALSE,0,81,65,81,65,757,1412,685,1342,10,200,2,0,0,0,0,0,0,0,0,0,0,0,0,0,0,0,10,0,0,0,0,0,0,0
PolyORBLF-COL-S02J04T10,3,TRUE,NONE,0.000213,0.01272,0.031212,0.006082,9572,FALSE,0,81,65,81,65,757,1412,615,1272,10,260,2,0,0,0,0,0,0,0,0,0,0,0,0,0,0,0,150,0,0,0,0,0,0,0
PolyORBLF-COL-S02J04T10,4,NONE,NONE,0.000185,0.014897,0.040588,0.0,77088,FALSE,0,81,65,81,65,757,1412,595,1252,10,240,2,0,0,0,0,0,0,0,0,0,0,0,0,0,0,0,10,0,0,0,0,0,0,0
PolyORBLF-COL-S02J04T10,5,FALSE,NONE,0.000168,0.01358,0.028301,0.004349,9268,FALSE,0,81,65,81,65,757,1412,578,1235,10,410,2,0,0,0,0,0,0,0,0,0,0,0,0,0,0,0,98,0,0,0,0,0,0,0
PolyORBLF-COL-S02J04T10,6,NONE,NONE,0.000161,0.012972,0.028255,0.0,68552,FALSE,0,81,65,81,65,757,1412,575,1232,10,390,2,0,0,0,0,0,0,0,0,0,0,0,0,0,0,0,50,0,0,0,0,0,0,0
PolyORBLF-COL-S02J04T10,7,TRUE,NONE,0.00021,0.013893,0.045584,0.005521,9008,FALSE,0,81,65,81,65,757,1412,595,1252,10,240,2,0,0,0,0,0,0,0,0,0,0,0,0,0,0,0,150,0,0,0,0,0,0,0
PolyORBLF-COL-S02J04T10,8,TRUE,NONE,0.000254,0.01296,0.033488,0.006372,9240,FALSE,0,81,65,81,65,757,1412,636,1292,10,230,1,0,0,0,0,0,0,0,0,0,0,0,0,0,0,0,160,0,0,0,0,0,0,0
PolyORBLF-COL-S02J04T10,9,FALSE,NONE,0.000172,0.012452,0.026632,0.017597,9080,FALSE,0,81,65,81,65,757,1412,625,1282,10,360,2,0,0,0,0,0,0,0,0,0,0,0,0,0,0,0,40,0,0,0,0,0,0,0
PolyORBLF-COL-S02J04T10,10,FALSE,NONE,0.000235,0.012264,0.030987,0.005614,9356,FALSE,0,81,65,81,65,757,1412,545,1202,10,420,2,0,0,0,0,0,0,0,0,0,0,0,0,0,0,0,190,0,0,0,0,0,0,0
PolyORBLF-COL-S02J04T10,11,TRUE,NONE,0.000229,0.012112,0.047328,0.007878,9732,FALSE,0,81,65,81,65,757,1412,605,1262,10,240,2,0,0,0,0,0,0,0,0,0,0,0,0,0,0,0,10,0,0,0,0,0,0,0
PolyORBLF-COL-S02J04T10,12,NONE,NONE,0.00023,0.014746,0.032307,0.0,131972,FALSE,0,81,65,81,65,757,1412,625,1282,10,350,2,0,0,0,0,0,0,0,0,0,0,0,0,0,0,0,50,0,0,0,0,0,0,0
PolyORBLF-COL-S02J04T10,13,TRUE,NONE,0.000214,0.013865,0.031886,0.005688,9340,FALSE,0,81,65,81,65,757,1412,555,1212,10,410,2,0,0,0,0,0,0,0,0,0,0,0,0,0,0,0,190,0,0,0,0,0,0,0
PolyORBLF-COL-S02J04T10,14,NONE,NONE,0.000219,0.012936,0.028985,0.0,115852,FALSE,0,81,65,81,65,757,1412,575,1232,10,400,2,0,0,0,0,0,0,0,0,0,0,0,0,0,0,0,150,0,0,0,0,0,0,0
PolyORBLF-COL-S02J04T10,15,TRUE,NONE,0.00023,0.013033,0.032195,0.003799,8912,FALSE,0,81,65,81,65,757,1412,595,1252,0,380,2,0,0,0,0,0,0,0,0,0,0,0,0,0,0,0,150,0,0,0,0,0,0,0
PolyORBLF-COL-S02J04T10,16,NONE,NONE,0.00021,0.012951,0.027868,0.0,99460,FALSE,0,81,65,81,65,757,1412,626,1282,10,230,1,0,0,0,0,0,0,0,0,0,0,0,0,0,0,0,200,0,0,0,0,0,0,0
PolyORBLF-COL-S02J06T06,1,TRUE,NONE,0.000222,0.009555,0.024656,0.003964,8992,FALSE,0,81,65,81,65,540,968,459,890,0,138,3,0,0,0,0,0,0,0,0,0,0,0,0,0,0,0,6,0,0,0,0,0,0,0
PolyORBLF-COL-S02J06T06,2,TRUE,NONE,0.000233,0.009507,0.024936,1.23596,10908,FALSE,0,81,65,81,65,540,968,459,890,0,114,3,0,0,0,0,0,0,0,0,0,0,0,0,0,0,0,6,0,0,0,0,0,0,0
PolyORBLF-COL-S02J06T06,3,TRUE,NONE,0.000231,0.008606,0.024362,0.004224,9076,FALSE,0,81,65,81,65,540,968,447,878,0,150,3,0,0,0,0,0,0,0,0,0,0,0,0,0,0,0,6,0,0,0,0,0,0,0
PolyORBLF-COL-S02J06T06,4,TRUE,NONE,0.000204,0.008505,0.016261,0.005432,9184,FALSE,0,81,65,81,65,540,968,471,902,0,126,3,0,0,0,0,0,0,0,0,0,0,0,0,0,0,0,0,0,0,0,0,0,0,0
PolyORBLF-COL-S02J06T06,5,NONE,NONE,0.000188,0.008781,0.027678,0.0,70336,FALSE,0,81,65,81,65,540,968,459,890,0,114,3,0,0,0,0,0,0,0,0,0,0,0,0,0,0,0,6,0,0,0,0,0,0,0
PolyORBLF-COL-S02J06T06,6,TRUE,NONE,0.000197,0.00858,0.023503,0.008028,9020,FALSE,0,81,65,81,65,540,968,453,884,0,126,3,0,0,0,0,0,0,0,0,0,0,0,0,0,0,0,6,0,0,0,0,0,0,0
PolyORBLF-COL-S02J06T06,7,NONE,NONE,0.000196,0.008425,0.023679,0.0,99692,FALSE,0,81,65,81,65,540,968,483,914,0,96,3,0,0,0,0,0,0,0,0,0,0,0,0,0,0,0,6,0,0,0,0,0,0,0
PolyORBLF-COL-S02J06T06,8,FALSE,NONE,0.000272,0.009801,0.024446,0.004656,8576,FALSE,0,81,65,81,65,540,968,459,890,0,114,3,0,0,0,0,0,0,0,0,0,0,0,0,0,0,0,6,0,0,0,0,0,0,0
PolyORBLF-COL-S02J06T06,9,NONE,NONE,0.000207,0.009065,0.02497,0.0,95136,FALSE,0,81,65,81,65,540,968,459,890,0,114,3,0,0,0,0,0,0,0,0,0,0,0,0,0,0,0,6,0,0,0,0,0,0,0
PolyORBLF-COL-S02J06T06,10,TRUE,NONE,0.000223,0.008696,0.017484,0.006321,9752,FALSE,0,81,65,81,65,540,968,471,902,0,126,3,0,0,0,0,0,0,0,0,0,0,0,0,0,0,0,0,0,0,0,0,0,0,0
PolyORBLF-COL-S02J06T06,11,TRUE,NONE,0.000234,0.008512,0.027212,0.005495,9200,FALSE,0,81,65,81,65,540,968,466,896,0,114,2,0,0,0,0,0,0,0,0,0,0,0,0,0,0,0,6,0,0,0,0,0,0,0
PolyORBLF-COL-S02J06T06,12,NONE,NONE,0.000184,0.009323,0.024969,0.0,71224,FALSE,0,81,65,81,65,540,968,471,902,0,102,3,0,0,0,0,0,0,0,0,0,0,0,0,0,0,0,6,0,0,0,0,0,0,0
PolyORBLF-COL-S02J06T06,13,FALSE,NONE,0.000233,0.008707,0.027997,0.005083,8692,FALSE,0,81,65,81,65,540,968,483,914,0,114,3,0,0,0,0,0,0,0,0,0,0,0,0,0,0,0,0,0,0,0,0,0,0,0
PolyORBLF-COL-S02J06T06,14,NONE,NONE,0.000186,0.009316,0.024468,0.0,56052,FALSE,0,81,65,81,65,540,968,467,896,0,90,1,0,0,0,0,0,0,0,0,0,0,0,0,0,0,0,6,0,0,0,0,0,0,0
PolyORBLF-COL-S02J06T06,15,TRUE,NONE,0.000247,0.01073,0.024794,0.004879,9124,FALSE,0,81,65,81,65,540,968,453,884,0,144,3,0,0,0,0,0,0,0,0,0,0,0,0,0,0,0,6,0,0,0,0,0,0,0
PolyORBLF-COL-S02J06T06,16,NONE,NONE,0.000301,0.008819,0.025213,0.0,56648,FALSE,0,81,65,81,65,540,968,472,902,0,108,2,0,0,0,0,0,0,0,0,0,0,0,0,0,0,0,6,0,0,0,0,0,0,0
PolyORBLF-COL-S02J06T08,1,FALSE,NONE,0.000194,0.012876,0.019712,0.005008,9664,FALSE,0,81,65,81,65,695,1306,547,1162,0,544,4,0,0,0,0,0,0,0,0,0,0,0,0,0,0,0,8,0,0,0,0,0,0,0
PolyORBLF-COL-S02J06T08,2,FALSE,NONE,0.000167,0.015274,0.022349,0.005139,9372,FALSE,0,81,65,81,65,695,1306,523,1138,0,560,4,0,0,0,0,0,0,0,0,0,0,0,0,0,0,0,120,0,0,0,0,0,0,0
PolyORBLF-COL-S02J06T08,3,TRUE,NONE,0.000197,0.011996,0.019418,0.01177,8976,FALSE,0,81,65,81,65,695,1306,547,1162,0,544,4,0,0,0,0,0,0,0,0,0,0,0,0,0,0,0,8,0,0,0,0,0,0,0
PolyORBLF-COL-S02J06T08,4,NONE,NONE,0.000114,0.011576,0.019744,0.0,73392,FALSE,0,81,65,81,65,695,1306,588,1202,0,464,3,0,0,0,0,0,0,0,0,0,0,0,0,0,0,0,8,0,0,0,0,0,0,0
PolyORBLF-COL-S02J06T08,5,TRUE,NONE,0.00019,0.011494,0.021284,0.004148,8952,FALSE,0,81,65,81,65,695,1306,539,1154,0,544,4,0,0,0,0,0,0,0,0,0,0,0,0,0,0,0,120,0,0,0,0,0,0,0
PolyORBLF-COL-S02J06T08,6,FALSE,NONE,0.000155,0.012332,0.024035,0.005749,8964,FALSE,0,81,65,81,65,695,1306,523,1138,0,560,4,0,0,0,0,0,0,0,0,0,0,0,0,0,0,0,120,0,0,0,0,0,0,0
PolyORBLF-COL-S02J06T08,7,NONE,NONE,0.000185,0.011873,0.02014,0.0,99468,FALSE,0,81,65,81,65,695,1306,596,1210,0,368,3,0,0,0,0,0,0,0,0,0,0,0,0,0,0,0,8,0,0,0,0,0,0,0
PolyORBLF-COL-S02J06T08,8,FALSE,NONE,0.000156,0.011318,0.02031,0.016685,9188,FALSE,0,81,65,81,65,695,1306,539,1154,0,544,4,0,0,0,0,0,0,0,0,0,0,0,0,0,0,0,120,0,0,0,0,0,0,0
PolyORBLF-COL-S02J06T08,9,TRUE,NONE,0.00019,0.011888,0.024963,0.004483,8904,FALSE,0,81,65,81,65,695,1306,539,1154,0,544,4,0,0,0,0,0,0,0,0,0,0,0,0,0,0,0,120,0,0,0,0,0,0,0
PolyORBLF-COL-S02J06T08,10,NONE,NONE,0.000175,0.011612,0.020966,0.0,54860,FALSE,0,81,65,81,65,695,1306,547,1162,0,440,4,0,0,0,0,0,0,0,0,0,0,0,0,0,0,0,120,0,0,0,0,0,0,0
PolyORBLF-COL-S02J06T08,11,NONE,NONE,0.000195,0.01186,0.025416,0.0,51168,FALSE,0,81,65,81,65,695,1306,523,1138,0,560,4,0,0,0,0,0,0,0,0,0,0,0,0,0,0,0,120,0,0,0,0,0,0,0
PolyORBLF-COL-S02J06T08,12,NONE,NONE,0.000155,0.010918,0.037802,0.0,47560,FALSE,0,81,65,81,65,695,1306,547,1162,0,344,4,0,0,0,0,0,0,0,0,0,0,0,0,0,0,0,120,0,0,0,0,0,0,0
PolyORBLF-COL-S02J06T08,13,NONE,NONE,0.000189,0.012323,0.021627,0.0,91564,FALSE,0,81,65,81,65,695,1306,563,1178,0,496,4,0,0,0,0,0,0,0,0,0,0,0,0,0,0,0,112,0,0,0,0,0,0,0
PolyORBLF-COL-S02J06T08,14,TRUE,NONE,0.000198,0.011755,0.021023,0.005678,8964,FALSE,0,81,65,81,65,695,1306,547,1162,0,544,4,0,0,0,0,0,0,0,0,0,0,0,0,0,0,0,8,0,0,0,0,0,0,0
PolyORBLF-COL-S02J06T08,15,NONE,NONE,0.000169,0.011703,0.019773,0.0,87524,FALSE,0,81,65,81,65,695,1306,603,1218,0,376,4,0,0,0,0,0,0,0,0,0,0,0,0,0,0,0,8,0,0,0,0,0,0,0
PolyORBLF-COL-S02J06T08,16,NONE,NONE,0.000188,0.011787,0.021185,0.0,51404,FALSE,0,81,65,81,65,695,1306,523,1138,0,560,4,0,0,0,0,0,0,0,0,0,0,0,0,0,0,0,120,0,0,0,0,0,0,0
PolyORBLF-COL-S02J06T10,1,TRUE,NONE,0.000243,0.01541,0.031601,2.60554,17560,FALSE,0,81,65,81,65,848,1652,614,1422,20,530,4,0,0,0,0,0,0,0,0,0,0,0,0,0,0,0,60,0,0,0,0,0,0,0
PolyORBLF-COL-S02J06T10,2,NONE,NONE,0.000154,0.014951,0.030095,0.0,97292,FALSE,0,81,65,81,65,848,1652,645,1452,20,540,3,0,0,0,0,0,0,0,0,0,0,0,0,0,0,0,50,0,0,0,0,0,0,0
PolyORBLF-COL-S02J06T10,3,FALSE,NONE,0.000237,0.014502,0.030423,0.004887,9544,FALSE,0,81,65,81,65,848,1652,614,1422,20,540,4,0,0,0,0,0,0,0,0,0,0,0,0,0,0,0,60,0,0,0,0,0,0,0
PolyORBLF-COL-S02J06T10,4,NONE,NONE,0.000235,0.014432,0.023812,0.0,113616,FALSE,0,81,65,81,65,848,1652,674,1482,20,530,4,0,0,0,0,0,0,0,0,0,0,0,0,0,0,0,0,0,0,0,0,0,0,0
PolyORBLF-COL-S02J06T10,5,NONE,NONE,0.000131,0.014321,0.029399,0.0,53640,FALSE,0,81,65,81,65,848,1652,665,1472,10,510,3,0,0,0,0,0,0,0,0,0,0,0,0,0,0,0,10,0,0,0,0,0,0,0
PolyORBLF-COL-S02J06T10,6,NONE,NONE,0.000235,0.016525,0.030102,0.0,78568,FALSE,0,81,65,81,65,848,1652,604,1412,20,580,4,0,0,0,0,0,0,0,0,0,0,0,0,0,0,0,60,0,0,0,0,0,0,0
PolyORBLF-COL-S02J06T10,7,NONE,NONE,0.000144,0.0149,0.028385,0.0,52840,FALSE,0,81,65,81,65,848,1652,594,1402,20,590,4,0,0,0,0,0,0,0,0,0,0,0,0,0,0,0,60,0,0,0,0,0,0,0
PolyORBLF-COL-S02J06T10,8,NONE,NONE,0.000234,0.019205,0.060396,0.0,80160,FALSE,0,81,65,81,65,848,1652,705,1512,0,200,3,0,0,0,0,0,0,0,0,0,0,0,0,0,0,0,20,0,0,0,0,0,0,0
PolyORBLF-COL-S02J06T10,9,FALSE,NONE,0.000204,0.015119,0.06177,2.4014,13660,FALSE,0,81,65,81,65,848,1652,665,1472,0,350,3,0,0,0,0,0,0,0,0,0,0,0,0,0,0,0,10,0,0,0,0,0,0,0
PolyORBLF-COL-S02J06T10,10,TRUE,NONE,0.000334,0.015736,0.037877,0.005218,9640,FALSE,0,81,65,81,65,848,1652,674,1482,10,400,4,0,0,0,0,0,0,0,0,0,0,0,0,0,0,0,0,0,0,0,0,0,0,0
PolyORBLF-COL-S02J06T10,11,TRUE,NONE,0.000213,0.014724,0.034568,0.009611,9728,FALSE,0,81,65,81,65,848,1652,594,1402,20,590,4,0,0,0,0,0,0,0,0,0,0,0,0,0,0,0,60,0,0,0,0,0,0,0
PolyORBLF-COL-S02J06T10,12,NONE,NONE,0.000183,0.014937,0.065423,0.0,106928,FALSE,0,81,65,81,65,848,1652,714,1522,0,150,4,0,0,0,0,0,0,0,0,0,0,0,0,0,0,0,20,0,0,0,0,0,0,0
PolyORBLF-COL-S02J06T10,13,TRUE,NONE,0.000241,0.014889,0.035777,4.28759,20536,FALSE,0,81,65,81,65,848,1652,594,1402,20,590,4,0,0,0,0,0,0,0,0,0,0,0,0,0,0,0,60,0,0,0,0,0,0,0
PolyORBLF-COL-S02J06T10,14,TRUE,NONE,0.00024,0.017138,0.035545,0.006827,9544,FALSE,0,81,65,81,65,848,1652,594,1402,20,590,4,0,0,0,0,0,0,0,0,0,0,0,0,0,0,0,60,0,0,0,0,0,0,0
PolyORBLF-COL-S02J06T10,15,NONE,NONE,0.000165,0.01804,0.029691,0.0,65756,FALSE,0,81,65,81,65,848,1652,634,1442,10,490,4,0,0,0,0,0,0,0,0,0,0,0,0,0,0,0,60,0,0,0,0,0,0,0
PolyORBLF-COL-S02J06T10,16,TRUE,NONE,0.000229,0.01515,0.034722,0.065367,9584,FALSE,0,81,65,81,65,848,1652,624,1432,20,530,4,0,0,0,0,0,0,0,0,0,0,0,0,0,0,0,20,0,0,0,0,0,0,0
PolyORBLF-COL-S04J04T06,1,FALSE,NONE,0.000217,0.013212,0.078054,0.006389,10152,FALSE,0,81,65,81,65,559,1372,410,1228,6,354,5,0,0,0,0,0,0,0,0,0,0,0,0,0,0,0,6,0,0,0,0,0,0,0
PolyORBLF-COL-S04J04T06,2,FALSE,NONE,0.000216,0.01488,0.055304,0.304174,10212,FALSE,0,81,65,81,65,559,1372,434,1252,6,336,5,0,0,0,0,0,0,0,0,0,0,0,0,0,0,0,0,0,0,0,0,0,0,0
PolyORBLF-COL-S04J04T06,3,TRUE,NONE,0.000204,0.013844,0.06315,0.005927,10244,FALSE,0,81,65,81,65,559,1372,410,1228,6,360,5,0,0,0,0,0,0,0,0,0,0,0,0,0,0,0,0,0,0,0,0,0,0,0
PolyORBLF-COL-S04J04T06,4,NONE,NONE,0.000283,0.015425,0.070656,0.0,63856,FALSE,0,81,65,81,65,559,1372,444,1258,6,252,1,0,0,0,0,0,0,0,0,0,0,0,0,0,0,0,12,0,0,0,0,0,0,0
PolyORBLF-COL-S04J04T06,5,NONE,NONE,0.000189,0.013971,0.062185,0.0,59760,FALSE,0,81,65,81,65,559,1372,404,1222,6,360,5,0,0,0,0,0,0,0,0,0,0,0,0,0,0,0,6,0,0,0,0,0,0,0
PolyORBLF-COL-S04J04T06,6,NONE,NONE,0.000199,0.012963,0.057155,0.0,47068,FALSE,0,81,65,81,65,559,1372,452,1270,6,222,5,0,0,0,0,0,0,0,0,0,0,0,0,0,0,0,0,0,0,0,0,0,0,0
PolyORBLF-COL-S04J04T06,7,NONE,NONE,0.000225,0.013644,0.06257,0.0,38384,FALSE,0,81,65,81,65,559,1372,429,1246,6,336,4,0,0,0,0,0,0,0,0,0,0,0,0,0,0,0,6,0,0,0,0,0,0,0
PolyORBLF-COL-S04J04T06,8,TRUE,NONE,0.00023,0.013443,0.057794,0.006208,9540,FALSE,0,81,65,81,65,559,1372,453,1270,6,174,4,0,0,0,0,0,0,0,0,0,0,0,0,0,0,0,0,0,0,0,0,0,0,0
PolyORBLF-COL-S04J04T06,9,NONE,NONE,0.000173,0.013596,0.060986,0.0,46908,FALSE,0,81,65,81,65,559,1372,422,1240,6,342,5,0,0,0,0,0,0,0,0,0,0,0,0,0,0,0,6,0,0,0,0,0,0,0
PolyORBLF-COL-S04J04T06,10,NONE,NONE,0.000179,0.013327,0.050015,0.0,53024,FALSE,0,81,65,81,65,559,1372,494,1312,6,132,5,0,0,0,0,0,0,0,0,0,0,0,0,0,0,0,0,0,0,0,0,0,0,0
PolyORBLF-COL-S04J04T06,11,NONE,NONE,0.000232,0.015435,0.056593,0.0,42412,FALSE,0,81,65,81,65,559,1372,464,1282,6,288,5,0,0,0,0,0,0,0,0,0,0,0,0,0,0,0,0,0,0,0,0,0,0,0
PolyORBLF-COL-S04J04T06,12,TRUE,NONE,0.000243,0.0136,0.048016,0.004071,9480,FALSE,0,81,65,81,65,559,1372,434,1252,6,318,5,0,0,0,0,0,0,0,0,0,0,0,0,0,0,0,0,0,0,0,0,0,0,0
PolyORBLF-COL-S04J04T06,13,TRUE,NONE,0.000244,0.013339,0.050166,0.005492,9852,FALSE,0,81,65,81,65,559,1372,410,1228,6,360,5,0,0,0,0,0,0,0,0,0,0,0,0,0,0,0,0,0,0,0,0,0,0,0
PolyORBLF-COL-S04J04T06,14,TRUE,NONE,0.000199,0.014394,0.072267,0.006595,9524,FALSE,0,81,65,81,65,559,1372,456,1270,6,246,1,0,0,0,0,0,0,0,0,0,0,0,0,0,0,0,6,0,0,0,0,0,0,0
PolyORBLF-COL-S04J04T06,15,NONE,NONE,0.000168,0.013051,0.063825,0.0,44696,FALSE,0,81,65,81,65,559,1372,428,1246,6,240,5,0,0,0,0,0,0,0,0,0,0,0,0,0,0,0,6,0,0,0,0,0,0,0
PolyORBLF-COL-S04J04T06,16,FALSE,NONE,0.000224,0.015177,0.055887,0.006695,9372,FALSE,0,81,65,81,65,559,1372,416,1234,6,354,5,0,0,0,0,0,0,0,0,0,0,0,0,0,0,0,0,0,0,0,0,0,0,0
PolyORBLF-COL-S04J04T08,1,TRUE,NONE,0.000217,0.017286,0.158976,23.6814,53944,FALSE,0,81,65,81,65,717,1844,551,1684,8,376,6,0,0,0,0,0,0,0,0,0,0,0,0,0,0,0,560,0,0,0,0,0,0,0
PolyORBLF-COL-S04J04T08,2,NONE,NONE,0.000266,0.017741,0.159685,0.0,60720,FALSE,0,81,65,81,65,717,1844,601,1732,8,176,4,0,0,0,0,0,0,0,0,0,0,0,0,0,0,0,560,0,0,0,0,0,0,0
PolyORBLF-COL-S04J04T08,3,NONE,NONE,0.000235,0.0177,0.173217,0.0,58304,FALSE,0,81,65,81,65,717,1844,551,1684,8,376,6,0,0,0,0,0,0,0,0,0,0,0,0,0,0,0,560,0,0,0,0,0,0,0
PolyORBLF-COL-S04J04T08,4,NONE,NONE,0.000269,0.017942,0.168872,0.0,49000,FALSE,0,81,65,81,65,717,1844,551,1684,8,376,6,0,0,0,0,0,0,0,0,0,0,0,0,0,0,0,560,0,0,0,0,0,0,0
PolyORBLF-COL-S04J04T08,5,NONE,NONE,0.00021,0.017686,0.121307,0.0,58192,FALSE,0,81,65,81,65,717,1844,597,1724,8,176,0,0,0,0,0,0,0,0,0,0,0,0,0,0,0,0,568,0,0,0,0,0,0,0
PolyORBLF-COL-S04J04T08,6,NONE,NONE,0.000234,0.020831,0.157901,0.0,47552,FALSE,0,81,65,81,65,717,1844,567,1700,0,368,6,0,0,0,0,0,0,0,0,0,0,0,0,0,0,0,560,0,0,0,0,0,0,0
PolyORBLF-COL-S04J04T08,7,NONE,NONE,0.000179,0.018512,0.121668,0.0,46300,FALSE,0,81,65,81,65,717,1844,591,1724,8,312,6,0,0,0,0,0,0,0,0,0,0,0,0,0,0,0,16,0,0,0,0,0,0,0
PolyORBLF-COL-S04J04T08,8,NONE,NONE,0.000211,0.020346,0.164397,0.0,54052,FALSE,0,81,65,81,65,717,1844,551,1684,8,376,6,0,0,0,0,0,0,0,0,0,0,0,0,0,0,0,560,0,0,0,0,0,0,0
PolyORBLF-COL-S04J04T08,9,FALSE,NONE,0.000211,0.017668,0.161161,0.004738,10068,FALSE,0,81,65,81,65,717,1844,559,1692,8,368,6,0,0,0,0,0,0,0,0,0,0,0,0,0,0,0,560,0,0,0,0,0,0,0
PolyORBLF-COL-S04J04T08,10,TRUE,NONE,0.000219,0.017447,0.171235,0.69022,9852,FALSE,0,81,65,81,65,717,1844,559,1692,8,368,6,0,0,0,0,0,0,0,0,0,0,0,0,0,0,0,560,0,0,0,0,0,0,0
PolyORBLF-COL-S04J04T08,11,TRUE,NONE,0.000224,0.020298,0.161332,0.02835,9940,FALSE,0,81,65,81,65,717,1844,551,1684,8,376,6,0,0,0,0,0,0,0,0,0,0,0,0,0,0,0,560,0,0,0,0,0,0,0
PolyORBLF-COL-S04J04T08,12,NONE,NONE,0.000261,0.017946,0.160039,0.0,62900,FALSE,0,81,65,81,65,717,1844,559,1692,8,368,6,0,0,0,0,0,0,0,0,0,0,0,0,0,0,0,560,0,0,0,0,0,0,0
PolyORBLF-COL-S04J04T08,13,NONE,NONE,0.000232,0.018005,0.165115,0.0,45356,FALSE,0,81,65,81,65,717,1844,567,1700,8,360,6,0,0,0,0,0,0,0,0,0,0,0,0,0,0,0,560,0,0,0,0,0,0,0
PolyORBLF-COL-S04J04T08,14,NONE,NONE,0.00016,0.018846,0.128556,0.0,50668,FALSE,0,81,65,81,65,717,1844,640,1772,8,72,5,0,0,0,0,0,0,0,0,0,0,0,0,0,0,0,16,0,0,0,0,0,0,0
PolyORBLF-COL-S04J04T08,15,NONE,NONE,0.000203,0.018908,0.164092,0.0,53312,FALSE,0,81,65,81,65,717,1844,615,1748,8,208,6,0,0,0,0,0,0,0,0,0,0,0,0,0,0,0,560,0,0,0,0,0,0,0
PolyORBLF-COL-S04J04T08,16,NONE,NONE,0.000194,0.018576,0.163764,0.0,54536,FALSE,0,81,65,81,65,717,1844,552,1684,8,376,5,0,0,0,0,0,0,0,0,0,0,0,0,0,0,0,560,0,0,0,0,0,0,0
PolyORBLF-COL-S04J04T10,1,NONE,NONE,0.000169,0.023327,0.123304,0.0,54452,FALSE,0,81,65,81,65,873,2324,627,2084,20,580,6,0,0,0,0,0,0,0,0,0,0,0,0,0,0,0,700,0,0,0,0,0,0,0
PolyORBLF-COL-S04J04T10,2,NONE,NONE,0.000202,0.026016,0.115336,0.0,84948,FALSE,0,81,65,81,65,873,2324,617,2074,20,740,6,0,0,0,0,0,0,1,0,0,0,0,0,0,0,0,690,0,0,0,0,0,0,0
PolyORBLF-COL-S04J04T10,3,TRUE,NONE,0.000168,0.02198,0.107714,3.00553,17944,FALSE,0,81,65,81,65,873,2324,617,2074,20,740,6,0,0,0,0,0,0,1,0,0,0,0,0,0,0,0,690,0,0,0,0,0,0,0
PolyORBLF-COL-S04J04T10,4,TRUE,NONE,0.000183,0.024187,0.10619,0.007547,11140,FALSE,0,81,65,81,65,873,2324,617,2074,20,740,6,0,0,0,0,0,0,1,0,0,0,0,0,0,0,0,690,0,0,0,0,0,0,0
PolyORBLF-COL-S04J04T10,5,NONE,NONE,0.000185,0.022537,0.107291,0.0,51604,FALSE,0,81,65,81,65,873,2324,658,2114,20,670,5,0,0,0,0,0,0,1,0,0,0,0,0,0,0,0,690,0,0,0,0,0,0,0
PolyORBLF-COL-S04J04T10,6,NONE,NONE,0.000113,0.02171,0.057563,0.0,33892,FALSE,0,81,65,81,65,873,2324,658,2114,20,710,5,0,0,0,0,0,0,1,0,0,0,0,0,0,0,0,0,0,0,0,0,0,0,0
PolyORBLF-COL-S04J04T10,7,NONE,NONE,0.000185,0.023845,0.093991,0.0,91388,FALSE,0,81,65,81,65,873,2324,647,2104,30,670,6,0,0,0,0,0,0,1,0,0,0,0,0,0,0,0,10,0,0,0,0,0,0,0
PolyORBLF-COL-S04J04T10,8,NONE,NONE,0.000186,0.022416,0.112623,0.0,93248,FALSE,0,81,65,81,65,873,2324,617,2074,20,740,6,0,0,0,0,0,0,1,0,0,0,0,0,0,0,0,690,0,0,0,0,0,0,0
PolyORBLF-COL-S04J04T10,9,TRUE,NONE,0.000177,0.022416,0.07301,0.008427,11068,FALSE,0,81,65,81,65,873,2324,687,2144,20,600,6,0,0,0,0,0,0,1,0,0,0,0,0,0,0,0,0,0,0,0,0,0,0,0
PolyORBLF-COL-S04J04T10,10,TRUE,NONE,0.000184,0.023015,0.108329,0.008268,11084,FALSE,0,81,65,81,65,873,2324,627,2084,20,730,6,0,0,0,0,0,0,1,0,0,0,0,0,0,0,0,690,0,0,0,0,0,0,0
PolyORBLF-COL-S04J04T10,11,FALSE,NONE,0.000174,0.018773,0.002111,0.0,6712,TRUE,0,81,65,81,65,873,2324,0,0,0,0,0,0,0,0,0,0,1,0,0,0,0,0,0,0,0,0,0,0,0,0,0,0,0,0
PolyORBLF-COL-S04J04T10,12,FALSE,NONE,0.000182,0.022263,0.106776,0.004578,10972,FALSE,0,81,65,81,65,873,2324,627,2084,20,720,6,0,0,0,0,0,0,1,0,0,0,0,0,0,0,0,700,0,0,0,0,0,0,0
PolyORBLF-COL-S04J04T10,13,NONE,NONE,0.000172,0.022002,0.121223,0.0,59500,FALSE,0,81,65,81,65,873,2324,688,2144,20,420,5,0,0,0,0,0,0,0,0,0,0,0,0,0,0,0,700,0,0,0,0,0,0,0
PolyORBLF-COL-S04J04T10,14,NONE,NONE,0.000115,0.021556,0.082331,0.0,56276,FALSE,0,81,65,81,65,873,2324,708,2164,30,450,5,0,0,0,0,0,0,1,0,0,0,0,0,0,0,0,10,0,0,0,0,0,0,0
PolyORBLF-COL-S04J04T10,15,TRUE,NONE,0.000214,0.040401,0.120333,0.007607,11072,FALSE,0,81,65,81,65,873,2324,687,2144,0,600,6,0,0,0,0,0,0,1,0,0,0,0,0,0,0,0,700,0,0,0,0,0,0,0
PolyORBLF-COL-S04J04T10,16,NONE,NONE,0.000213,0.026671,0.106723,0.0,85472,FALSE,0,81,65,81,65,873,2324,618,2074,20,740,5,0,0,0,0,0,0,1,0,0,0,0,0,0,0,0,690,0,0,0,0,0,0,0
PolyORBLF-COL-S04J06T06,1,NONE,NONE,0.000173,0.017959,0.052336,0.0,56468,FALSE,0,81,65,81,65,622,1564,496,1444,18,366,6,0,0,0,0,0,0,0,0,0,0,0,0,0,0,0,24,0,0,0,0,0,0,0
PolyORBLF-COL-S04J06T06,2,NONE,NONE,0.000169,0.017017,0.070477,0.0,71192,FALSE,0,81,65,81,65,622,1564,460,1408,12,264,6,0,0,0,0,0,0,0,0,0,0,0,0,0,0,0,444,0,0,0,0,0,0,0
PolyORBLF-COL-S04J06T06,3,TRUE,NONE,0.000216,0.014596,0.056767,14.5884,38960,FALSE,0,81,65,81,65,622,1564,448,1396,18,402,6,0,0,0,0,0,0,0,0,0,0,0,0,0,0,0,444,0,0,0,0,0,0,0
PolyORBLF-COL-S04J06T06,4,NONE,NONE,0.000174,0.016616,0.049496,0.0,48544,FALSE,0,81,65,81,65,622,1564,491,1438,18,372,5,0,0,0,0,0,0,0,0,0,0,0,0,0,0,0,6,0,0,0,0,0,0,0
PolyORBLF-COL-S04J06T06,5,NONE,NONE,0.000155,0.015119,0.047521,0.0,59440,FALSE,0,81,65,81,65,622,1564,526,1474,6,240,6,0,0,0,0,0,0,0,0,0,0,0,0,0,0,0,30,0,0,0,0,0,0,0
PolyORBLF-COL-S04J06T06,6,TRUE,NONE,0.000167,0.015865,0.057913,8.84343,24404,FALSE,0,81,65,81,65,622,1564,454,1402,18,396,6,0,0,0,0,0,0,0,0,0,0,0,0,0,0,0,444,0,0,0,0,0,0,0
PolyORBLF-COL-S04J06T06,7,NONE,NONE,0.000185,0.015357,0.057384,0.0,44020,FALSE,0,81,65,81,65,622,1564,502,1450,18,264,6,0,0,0,0,0,0,0,0,0,0,0,0,0,0,0,444,0,0,0,0,0,0,0
PolyORBLF-COL-S04J06T06,8,FALSE,NONE,0.000183,0.016285,0.060444,9.39181,24388,FALSE,0,81,65,81,65,622,1564,460,1408,18,390,6,0,0,0,0,0,0,0,0,0,0,0,0,0,0,0,444,0,0,0,0,0,0,0
PolyORBLF-COL-S04J06T06,9,TRUE,NONE,0.000157,0.014979,0.04945,7.87286,24516,FALSE,0,81,65,81,65,622,1564,454,1402,18,396,6,0,0,0,0,0,0,0,0,0,0,0,0,0,0,0,444,0,0,0,0,0,0,0
PolyORBLF-COL-S04J06T06,10,NONE,NONE,0.000167,0.016126,0.055791,0.0,43200,FALSE,0,81,65,81,65,622,1564,466,1414,18,384,6,0,0,0,0,0,0,0,0,0,0,0,0,0,0,0,426,0,0,0,0,0,0,0
PolyORBLF-COL-S04J06T06,11,NONE,NONE,0.000132,0.016797,0.07331,0.0,73196,FALSE,0,81,65,81,65,622,1564,479,1426,12,264,5,0,0,0,0,0,0,0,0,0,0,0,0,0,0,0,30,0,0,0,0,0,0,0
PolyORBLF-COL-S04J06T06,12,NONE,NONE,0.000156,0.015843,0.056127,0.0,36356,FALSE,0,81,65,81,65,622,1564,496,1444,12,318,6,0,0,0,0,0,0,0,0,0,0,0,0,0,0,0,12,0,0,0,0,0,0,0
PolyORBLF-COL-S04J06T06,13,TRUE,NONE,0.000151,0.015474,0.06016,9.14693,24408,FALSE,0,81,65,81,65,622,1564,454,1402,18,396,6,0,0,0,0,0,0,0,0,0,0,0,0,0,0,0,444,0,0,0,0,0,0,0
PolyORBLF-COL-S04J06T06,14,NONE,NONE,0.00016,0.015734,0.057476,0.0,66280,FALSE,0,81,65,81,65,622,1564,461,1408,12,396,5,0,0,0,0,0,0,0,0,0,0,0,0,0,0,0,426,0,0,0,0,0,0,0
PolyORBLF-COL-S04J06T06,15,NONE,NONE,0.000175,0.015228,0.067297,0.0,52004,FALSE,0,81,65,81,65,622,1564,460,1408,12,396,6,0,0,0,0,0,0,0,0,0,0,0,0,0,0,0,444,0,0,0,0,0,0,0
PolyORBLF-COL-S04J06T06,16,FALSE,NONE,0.000169,0.019647,0.056486,8.69957,24544,FALSE,0,81,65,81,65,622,1564,460,1408,18,390,6,0,0,0,0,0,0,0,0,0,0,0,0,0,0,0,444,0,0,0,0,0,0,0
PolyORBLF-COL-S04J06T08,1,TRUE,NONE,0.000247,0.03197,0.167247,0.008383,10392,FALSE,0,81,65,81,65,796,2100,680,1988,0,312,4,0,0,0,0,0,0,0,0,0,0,0,0,0,0,0,32,0,0,0,0,0,0,0
PolyORBLF-COL-S04J06T08,2,NONE,NONE,0.00023,0.01974,0.183558,0.0,54584,FALSE,0,81,65,81,65,796,2100,680,1988,8,104,4,0,0,0,0,0,0,0,0,0,0,0,0,0,0,0,40,0,0,0,0,0,0,0
PolyORBLF-COL-S04J06T08,3,NONE,NONE,0.000214,0.021672,0.165754,0.0,80080,FALSE,0,81,65,81,65,796,2100,664,1972,8,320,4,0,0,0,0,0,0,0,0,0,0,0,0,0,0,0,32,0,0,0,0,0,0,0
PolyORBLF-COL-S04J06T08,4,NONE,NONE,0.000217,0.021697,0.156002,0.0,82808,FALSE,0,81,65,81,65,796,2100,680,1988,8,104,4,0,0,0,0,0,0,0,0,0,0,0,0,0,0,0,40,0,0,0,0,0,0,0
PolyORBLF-COL-S04J06T08,5,NONE,NONE,0.000218,0.020358,0.162316,0.0,97696,FALSE,0,81,65,81,65,796,2100,688,1996,0,304,4,0,0,0,0,0,0,0,0,0,0,0,0,0,0,0,32,0,0,0,0,0,0,0
PolyORBLF-COL-S04J06T08,6,TRUE,NONE,0.000197,0.019579,0.151884,0.01487,10668,FALSE,0,81,65,81,65,796,2100,688,1996,0,296,4,0,0,0,0,0,0,0,0,0,0,0,0,0,0,0,40,0,0,0,0,0,0,0
PolyORBLF-COL-S04J06T08,7,NONE,NONE,0.000173,0.020426,0.151726,0.0,60416,FALSE,0,81,65,81,65,796,2100,680,1988,8,96,4,0,0,0,0,0,0,0,0,0,0,0,0,0,0,0,48,0,0,0,0,0,0,0
PolyORBLF-COL-S04J06T08,8,TRUE,NONE,0.000188,0.039581,0.168287,0.014065,10572,FALSE,0,81,65,81,65,796,2100,712,2020,8,72,4,0,0,0,0,0,0,0,0,0,0,0,0,0,0,0,40,0,0,0,0,0,0,0
PolyORBLF-COL-S04J06T08,9,NONE,NONE,0.000213,0.022176,0.14307,0.0,66544,FALSE,0,81,65,81,65,796,2100,680,1988,8,288,4,0,0,0,0,0,0,0,0,0,0,0,0,0,0,0,48,0,0,0,0,0,0,0
PolyORBLF-COL-S04J06T08,10,NONE,NONE,0.000245,0.020755,0.181119,0.0,56152,FALSE,0,81,65,81,65,796,2100,680,1988,8,104,4,0,0,0,0,0,0,0,0,0,0,0,0,0,0,0,40,0,0,0,0,0,0,0
PolyORBLF-COL-S04J06T08,11,TRUE,NONE,0.000298,0.037298,0.179998,0.012219,10604,FALSE,0,81,65,81,65,796,2100,664,1972,0,320,4,0,0,0,0,0,0,0,0,0,0,0,0,0,0,0,40,0,0,0,0,0,0,0
PolyORBLF-COL-S04J06T08,12,NONE,NONE,0.000197,0.021891,0.123608,0.0,72044,FALSE,0,81,65,81,65,796,2100,700,2004,0,288,0,0,0,0,0,0,0,0,0,0,0,0,0,0,0,0,40,0,0,0,0,0,0,0
PolyORBLF-COL-S04J06T08,13,TRUE,NONE,0.000223,0.019782,0.201445,0.592978,10416,FALSE,0,81,65,81,65,796,2100,656,1964,8,320,4,0,0,0,0,0,0,0,0,0,0,0,0,0,0,0,40,0,0,0,0,0,0,0
PolyORBLF-COL-S04J06T08,14,TRUE,NONE,0.000204,0.023917,0.170055,0.018106,10760,FALSE,0,81,65,81,65,796,2100,696,2004,0,288,4,0,0,0,0,0,0,0,0,0,0,0,0,0,0,0,40,0,0,0,0,0,0,0
PolyORBLF-COL-S04J06T08,15,TRUE,NONE,0.000288,0.023372,0.1634,0.042943,10568,FALSE,0,81,65,81,65,796,2100,728,2036,0,72,4,0,0,0,0,0,0,0,0,0,0,0,0,0,0,0,8,0,0,0,0,0,0,0
PolyORBLF-COL-S04J06T08,16,TRUE,NONE,0.000221,0.01938,0.178025,0.012442,10704,FALSE,0,81,65,81,65,796,2100,648,1956,8,328,4,0,0,0,0,0,0,0,0,0,0,0,0,0,0,0,40,0,0,0,0,0,0,0
PolyORBLF-COL-S04J06T10,1,FALSE,NONE,0.000161,0.026351,0.009922,0.003841,11984,FALSE,0,81,65,81,65,972,2644,206,8,0,0,0,0,2636,1,0,0,0,0,0,0,1338,0,0,0,0,0,0,0,0,0,0,0,0,0
PolyORBLF-COL-S04J06T10,2,FALSE,NONE,0.000134,0.024096,0.009642,0.002865,11856,FALSE,0,81,65,81,65,972,2644,142,0,0,0,0,0,2636,5,8,0,0,0,0,0,1819,0,0,0,0,0,0,0,0,0,0,0,0,0
PolyORBLF-COL-S04J06T10,3,TRUE,NONE,0.000137,0.02454,0.010896,0.002816,11780,FALSE,0,81,65,81,65,972,2644,10,0,0,0,0,0,2636,5,8,0,0,0,0,0,1027,0,0,0,0,0,0,0,0,0,0,0,0,0
PolyORBLF-COL-S04J06T10,4,TRUE,NONE,0.000148,0.02597,0.008629,0.002184,11848,FALSE,0,81,65,81,65,972,2644,95,0,0,0,0,0,2636,5,8,0,0,0,0,0,1537,0,0,0,0,0,0,0,0,0,0,0,0,0
PolyORBLF-COL-S04J06T10,5,FALSE,NONE,0.00013,0.021168,0.012048,0.006273,12228,FALSE,0,81,65,81,65,972,2644,136,8,0,0,0,0,2636,1,0,0,0,0,0,0,1198,0,0,0,0,0,0,0,0,0,0,0,0,0
PolyORBLF-COL-S04J06T10,6,TRUE,NONE,0.000157,0.02488,0.011476,0.003519,12040,FALSE,0,81,65,81,65,972,2644,26,0,0,0,0,0,2636,5,8,0,0,0,0,0,1123,0,0,0,0,0,0,0,0,0,0,0,0,0
PolyORBLF-COL-S04J06T10,7,FALSE,NONE,0.000148,0.02467,0.010647,0.003495,11976,FALSE,0,81,65,81,65,972,2644,10,0,0,0,0,0,2636,5,8,0,0,0,0,0,1027,0,0,0,0,0,0,0,0,0,0,0,0,0
PolyORBLF-COL-S04J06T10,8,TRUE,NONE,0.000193,0.045002,0.011746,0.004327,11988,FALSE,0,81,65,81,65,972,2644,20,0,0,0,0,0,2636,5,8,0,0,0,0,0,1087,0,0,0,0,0,0,0,0,0,0,0,0,0
PolyORBLF-COL-S04J06T10,9,FALSE,NONE,0.000155,0.025672,0.009718,0.003532,12028,FALSE,0,81,65,81,65,972,2644,11,0,0,0,0,0,2636,5,8,0,0,0,0,0,1033,0,0,0,0,0,0,0,0,0,0,0,0,0
PolyORBLF-COL-S04J06T10,10,FALSE,NONE,0.000113,0.024484,0.009141,0.005859,11928,FALSE,0,81,65,81,65,972,2644,87,4,0,0,0,0,2636,1,4,0,0,0,0,0,1254,0,0,0,0,0,0,0,0,0,0,0,0,0
PolyORBLF-COL-S04J06T10,11,FALSE,NONE,0.000175,0.026453,0.009536,0.005461,11936,FALSE,0,81,65,81,65,972,2644,132,8,0,0,0,0,2636,1,0,0,0,0,0,0,1190,0,0,0,0,0,0,0,0,0,0,0,0,0
PolyORBLF-COL-S04J06T10,12,TRUE,NONE,0.000138,0.025186,0.011188,0.006235,11964,FALSE,0,81,65,81,65,972,2644,131,0,0,0,0,0,2636,5,8,0,0,0,0,0,1753,0,0,0,0,0,0,0,0,0,0,0,0,0
PolyORBLF-COL-S04J06T10,13,FALSE,NONE,0.000142,0.029483,0.008657,0.004098,11876,FALSE,0,81,65,81,65,972,2644,220,8,0,0,0,0,2636,0,0,0,0,0,0,0,1364,0,0,0,0,0,0,0,0,0,0,0,0,0
PolyORBLF-COL-S04J06T10,14,FALSE,NONE,0.00014,0.026153,0.009989,0.004048,11920,FALSE,0,81,65,81,65,972,2644,94,0,0,0,0,0,2636,5,8,0,0,0,0,0,1531,0,0,0,0,0,0,0,0,0,0,0,0,0
PolyORBLF-COL-S04J06T10,15,FALSE,NONE,0.000101,0.024142,0.009208,0.003467,11988,FALSE,0,81,65,81,65,972,2644,240,4,0,0,0,0,2636,1,4,0,0,0,0,0,1866,0,0,0,0,0,0,0,0,0,0,0,0,0
PolyORBLF-COL-S04J06T10,16,FALSE,NONE,0.000135,0.024502,0.010765,0.00406,12064,FALSE,0,81,65,81,65,972,2644,86,0,0,0,0,0,2636,5,8,0,0,0,0,0,1483,0,0,0,0,0,0,0,0,0,0,0,0,0
PolyORBLF-COL-S06J04T04,1,FALSE,NONE,0.000212,0.017882,0.250248,0.00819,9916,FALSE,0,81,65,81,65,456,1614,378,1542,28,160,6,0,0,0,0,0,0,0,0,0,0,0,0,0,0,0,852,0,0,0,0,0,0,0
PolyORBLF-COL-S06J04T04,2,NONE,NONE,0.000209,0.014588,0.235434,0.0,53304,FALSE,0,81,65,81,65,456,1614,374,1538,20,244,6,0,0,0,0,0,0,0,0,0,0,0,0,0,0,0,16,0,0,0,0,0,0,0
PolyORBLF-COL-S06J04T04,3,TRUE,NONE,0.0002,0.020041,0.179764,0.025978,10568,FALSE,0,81,65,81,65,456,1614,390,1554,4,228,6,0,0,0,0,0,0,0,0,0,0,0,0,0,0,0,16,0,0,0,0,0,0,0
PolyORBLF-COL-S06J04T04,4,NONE,NONE,0.000247,0.016666,0.25607,0.0,48280,FALSE,0,81,65,81,65,456,1614,374,1538,28,164,6,0,0,0,0,0,0,0,0,0,0,0,0,0,0,0,852,0,0,0,0,0,0,0
PolyORBLF-COL-S06J04T04,5,TRUE,NONE,0.000223,0.016959,0.25747,16.0321,49656,FALSE,0,81,65,81,65,456,1614,366,1530,24,272,6,0,0,0,0,0,0,0,0,0,0,0,0,0,0,0,16,0,0,0,0,0,0,0
PolyORBLF-COL-S06J04T04,6,FALSE,NONE,0.000219,0.01631,0.175875,0.009714,9612,FALSE,0,81,65,81,65,456,1614,410,1574,4,92,6,0,0,0,0,0,0,0,0,0,0,0,0,0,0,0,852,0,0,0,0,0,0,0
PolyORBLF-COL-S06J04T04,7,FALSE,NONE,0.000229,0.01513,0.170469,0.007116,10084,FALSE,0,81,65,81,65,456,1614,402,1566,24,72,6,0,0,0,0,0,0,0,0,0,0,0,0,0,0,0,16,0,0,0,0,0,0,0
PolyORBLF-COL-S06J04T04,8,NONE,NONE,0.000205,0.019293,0.127897,0.0,36348,FALSE,0,81,65,81,65,456,1614,382,1546,24,236,6,0,0,0,0,0,0,0,0,0,0,0,0,0,0,0,0,0,0,0,0,0,0,0
PolyORBLF-COL-S06J04T04,9,TRUE,NONE,0.000233,0.019848,0.252442,0.008253,9968,FALSE,0,81,65,81,65,456,1614,350,1514,28,284,6,0,0,0,0,0,0,0,0,0,0,0,0,0,0,0,852,0,0,0,0,0,0,0
PolyORBLF-COL-S06J04T04,10,TRUE,NONE,0.000207,0.017483,0.237754,0.007951,10032,FALSE,0,81,65,81,65,456,1614,366,1530,24,272,6,0,0,0,0,0,0,0,0,0,0,0,0,0,0,0,16,0,0,0,0,0,0,0
PolyORBLF-COL-S06J04T04,11,NONE,NONE,0.000301,0.017416,0.262209,0.0,33480,FALSE,0,81,65,81,65,456,1614,354,1518,28,280,6,0,0,0,0,0,0,0,0,0,0,0,0,0,0,0,852,0,0,0,0,0,0,0
PolyORBLF-COL-S06J04T04,12,NONE,NONE,0.00022,0.017652,0.24311,0.0,62104,FALSE,0,81,65,81,65,456,1614,390,1554,24,152,6,0,0,0,0,0,0,0,0,0,0,0,0,0,0,0,16,0,0,0,0,0,0,0
PolyORBLF-COL-S06J04T04,13,FALSE,NONE,0.000241,0.017657,0.277226,6.08486,20492,FALSE,0,81,65,81,65,456,1614,354,1518,28,280,6,0,0,0,0,0,0,0,0,0,0,0,0,0,0,0,840,0,0,0,0,0,0,0
PolyORBLF-COL-S06J04T04,14,TRUE,NONE,0.000249,0.019624,0.2512,0.010018,9496,FALSE,0,81,65,81,65,456,1614,350,1514,28,284,6,0,0,0,0,0,0,0,0,0,0,0,0,0,0,0,852,0,0,0,0,0,0,0
PolyORBLF-COL-S06J04T04,15,TRUE,NONE,0.000209,0.01724,0.28006,0.010853,10036,FALSE,0,81,65,81,65,456,1614,358,1522,28,268,6,0,0,0,0,0,0,0,0,0,0,0,0,0,0,0,852,0,0,0,0,0,0,0
PolyORBLF-COL-S06J04T04,16,NONE,NONE,0.000213,0.020279,0.262196,0.0,54016,FALSE,0,81,65,81,65,456,1614,394,1558,8,124,6,0,0,0,0,0,0,0,0,0,0,0,0,0,0,0,852,0,0,0,0,0,0,0
PolyORBLF-COL-S06J04T06,1,NONE,NONE,0.000203,0.027099,0.564114,0.0,49676,FALSE,0,81,65,81,65,636,2430,515,2316,12,354,7,0,0,0,0,0,0,1,0,0,0,6,0,0,0,0,1260,0,0,0,0,0,0,0
PolyORBLF-COL-S06J04T06,2,NONE,NONE,0.000169,0.025065,0.382283,0.0,37728,FALSE,0,81,65,81,65,636,2430,588,2388,6,108,6,0,0,0,0,0,0,0,0,0,0,0,0,0,0,0,30,0,0,0,0,0,0,0
PolyORBLF-COL-S06J04T06,3,NONE,NONE,0.00019,0.025704,0.513588,0.0,55960,FALSE,0,81,65,81,65,636,2430,521,2322,6,360,7,0,0,0,0,0,0,1,0,0,0,6,0,0,0,0,24,0,0,0,0,0,0,0
PolyORBLF-COL-S06J04T06,4,NONE,NONE,0.000204,0.025848,0.392837,0.0,61684,FALSE,0,81,65,81,65,636,2430,545,2346,6,300,7,0,0,0,0,0,0,1,0,0,0,6,0,0,0,0,6,0,0,0,0,0,0,0
PolyORBLF-COL-S06J04T06,5,NONE,NONE,0.000199,0.026525,0.573032,0.0,50216,FALSE,0,81,65,81,65,636,2430,509,2310,6,282,7,0,0,0,0,0,0,1,0,0,0,6,0,0,0,0,1284,0,0,0,0,0,0,0
PolyORBLF-COL-S06J04T06,6,NONE,NONE,0.000247,0.027553,0.582827,0.0,38180,FALSE,0,81,65,81,65,636,2430,509,2310,12,354,7,0,0,0,0,0,0,1,0,0,0,6,0,0,0,0,1284,0,0,0,0,0,0,0
PolyORBLF-COL-S06J04T06,7,NONE,NONE,0.000254,0.026511,0.604932,0.0,38708,FALSE,0,81,65,81,65,636,2430,533,2334,12,192,7,0,0,0,0,0,0,1,0,0,0,6,0,0,0,0,1284,0,0,0,0,0,0,0
PolyORBLF-COL-S06J04T06,8,NONE,NONE,0.000665,0.030926,0.576637,0.0,54980,FALSE,0,81,65,81,65,636,2430,503,2304,6,372,7,0,0,0,0,0,0,1,0,0,0,6,0,0,0,0,1284,0,0,0,0,0,0,0
PolyORBLF-COL-S06J04T06,9,NONE,NONE,0.000239,0.025623,0.410237,0.0,47960,FALSE,0,81,65,81,65,636,2430,503,2304,12,348,7,0,0,0,0,0,0,1,0,0,0,6,0,0,0,0,1284,0,0,0,0,0,0,0
PolyORBLF-COL-S06J04T06,10,FALSE,NONE,0.000227,0.027006,0.574025,0.012753,11720,FALSE,0,81,65,81,65,636,2430,515,2316,12,336,7,0,0,0,0,0,0,1,0,0,0,6,0,0,0,0,1266,0,0,0,0,0,0,0
PolyORBLF-COL-S06J04T06,11,NONE,NONE,0.000263,0.031557,0.383015,0.0,56940,FALSE,0,81,65,81,65,636,2430,539,2340,6,306,7,0,0,0,0,0,0,1,0,0,0,6,0,0,0,0,24,0,0,0,0,0,0,0
PolyORBLF-COL-S06J04T06,12,TRUE,NONE,0.000223,0.040044,0.282048,0.010901,11440,FALSE,0,81,65,81,65,636,2430,593,2394,0,126,7,0,0,0,0,0,0,0,0,0,0,0,0,0,0,0,0,0,0,0,0,0,0,0
PolyORBLF-COL-S06J04T06,13,NONE,NONE,0.000226,0.027131,0.640298,0.0,38808,FALSE,0,81,65,81,65,636,2430,509,2310,12,354,7,0,0,0,0,0,0,1,0,0,0,6,0,0,0,0,1284,0,0,0,0,0,0,0
PolyORBLF-COL-S06J04T06,14,TRUE,NONE,0.000227,0.029421,0.389039,0.007557,11704,FALSE,0,81,65,81,65,636,2430,533,2334,6,330,7,0,0,0,0,0,0,1,0,0,0,6,0,0,0,0,24,0,0,0,0,0,0,0
PolyORBLF-COL-S06J04T06,15,NONE,NONE,0.000202,0.02933,0.580523,0.0,51224,FALSE,0,81,65,81,65,636,2430,497,2298,12,372,7,0,0,0,0,0,0,1,0,0,0,6,0,0,0,0,1284,0,0,0,0,0,0,0
PolyORBLF-COL-S06J04T06,16,NONE,NONE,0.000233,0.031156,0.530617,0.0,48340,FALSE,0,81,65,81,65,636,2430,557,2358,6,180,7,0,0,0,0,0,0,0,0,0,0,0,0,0,0,0,24,0,0,0,0,0,0,0
PolyORBLF-COL-S06J04T08,1,FALSE,NONE,0.000203,0.042447,0.027809,0.003254,13468,FALSE,0,81,65,81,65,811,3254,58,13,0,0,0,0,3241,0,0,0,0,0,0,0,855,0,0,0,0,0,0,0,0,0,0,0,0,0
PolyORBLF-COL-S06J04T08,2,TRUE,NONE,0.000188,0.034775,0.028449,0.002101,13808,FALSE,0,81,65,81,65,811,3254,60,13,0,0,0,0,3241,0,0,0,0,0,0,0,859,0,0,0,0,0,0,0,0,0,0,0,0,0
PolyORBLF-COL-S06J04T08,3,FALSE,NONE,0.000274,0.050255,0.031739,0.003148,13412,FALSE,0,81,65,81,65,811,3254,63,6,0,0,0,0,3241,8,7,0,0,0,0,0,1090,0,0,0,0,0,0,0,0,0,0,0,0,0
PolyORBLF-COL-S06J04T08,4,FALSE,NONE,0.000229,0.034383,0.028598,0.004224,13560,FALSE,0,81,65,81,65,811,3254,95,6,0,0,0,0,3241,8,7,0,0,0,0,0,1282,0,0,0,0,0,0,0,0,0,0,0,0,0
PolyORBLF-COL-S06J04T08,5,FALSE,NONE,0.000223,0.03624,0.032643,0.004167,13476,FALSE,0,81,65,81,65,811,3254,47,13,0,0,0,0,3241,1,0,0,0,0,0,0,835,0,0,0,0,0,0,0,0,0,0,0,0,0
PolyORBLF-COL-S06J04T08,6,FALSE,NONE,0.000239,0.043328,0.033647,0.001925,14020,FALSE,0,81,65,81,65,811,3254,46,6,0,0,0,0,3241,8,7,0,0,0,0,0,988,0,0,0,0,0,0,0,0,0,0,0,0,0
PolyORBLF-COL-S06J04T08,7,TRUE,NONE,0.000227,0.033936,0.022813,0.002703,13424,FALSE,0,81,65,81,65,811,3254,138,6,0,0,0,0,3241,8,7,0,0,0,0,0,1540,0,0,0,0,0,0,0,0,0,0,0,0,0
PolyORBLF-COL-S06J04T08,8,TRUE,NONE,0.000191,0.03819,0.02757,0.009938,13616,FALSE,0,81,65,81,65,811,3254,183,13,0,0,0,0,3241,0,0,0,0,0,0,0,1105,0,0,0,0,0,0,0,0,0,0,0,0,0
PolyORBLF-COL-S06J04T08,9,FALSE,NONE,0.000213,0.038129,0.031272,0.003428,13576,FALSE,0,81,65,81,65,811,3254,30,6,0,0,0,0,3241,8,7,0,0,0,0,0,892,0,0,0,0,0,0,0,0,0,0,0,0,0
PolyORBLF-COL-S06J04T08,10,TRUE,NONE,0.000198,0.03742,0.029197,0.001924,13480,FALSE,0,81,65,81,65,811,3254,86,6,0,0,0,0,3241,8,7,0,0,0,0,0,1228,0,0,0,0,0,0,0,0,0,0,0,0,0
PolyORBLF-COL-S06J04T08,11,FALSE,NONE,0.000223,0.038545,0.031576,0.004675,13468,FALSE,0,81,65,81,65,811,3254,80,6,0,0,0,0,3241,8,7,0,0,0,0,0,1192,0,0,0,0,0,0,0,0,0,0,0,0,0
PolyORBLF-COL-S06J04T08,12,FALSE,NONE,0.000239,0.035592,0.032166,0.003934,13504,FALSE,0,81,65,81,65,811,3254,22,6,0,0,0,0,3241,8,7,0,0,0,0,0,844,0,0,0,0,0,0,0,0,0,0,0,0,0
PolyORBLF-COL-S06J04T08,13,FALSE,NONE,0.0002,0.035711,0.027839,0.00516,13532,FALSE,0,81,65,81,65,811,3254,123,6,0,0,0,0,3241,8,7,0,0,0,0,0,1450,0,0,0,0,0,0,0,0,0,0,0,0,0
PolyORBLF-COL-S06J04T08,14,FALSE,NONE,0.000234,0.035559,0.034782,0.005198,13484,FALSE,0,81,65,81,65,811,3254,39,13,0,0,0,0,3241,1,0,0,0,0,0,0,819,0,0,0,0,0,0,0,0,0,0,0,0,0
PolyORBLF-COL-S06J04T08,15,FALSE,NONE,0.000262,0.051021,0.028625,0.003206,13228,FALSE,0,81,65,81,65,811,3254,178,13,0,0,0,0,3241,1,0,0,0,0,0,0,1097,0,0,0,0,0,0,0,0,0,0,0,0,0
PolyORBLF-COL-S06J04T08,16,FALSE,NONE,0.000258,0.069039,0.03074,0.002439,13360,FALSE,0,81,65,81,65,811,3254,53,6,0,0,0,0,3241,8,7,0,0,0,0,0,1030,0,0,0,0,0,0,0,0,0,0,0,0,0
PolyORBLF-COL-S06J06T04,1,FALSE,NONE,0.000171,0.018381,0.179017,0.005819,9896,FALSE,0,81,65,81,65,511,1774,448,1714,28,176,3,0,0,0,0,0,0,0,0,0,0,0,0,0,0,0,16,0,0,0,0,0,0,0
PolyORBLF-COL-S06J06T04,2,NONE,NONE,0.000194,0.019237,0.205173,0.0,48076,FALSE,0,81,65,81,65,511,1774,430,1702,12,300,9,0,0,0,0,0,0,0,0,0,0,0,0,0,0,0,4,0,0,0,0,0,0,0
PolyORBLF-COL-S06J06T04,3,FALSE,NONE,0.000178,0.018757,0.203427,2.15917,10624,FALSE,0,81,65,81,65,511,1774,406,1678,36,252,9,0,0,0,0,0,0,0,0,0,0,0,0,0,0,0,4,0,0,0,0,0,0,0
PolyORBLF-COL-S06J06T04,4,NONE,NONE,0.000193,0.018842,0.237702,0.0,55980,FALSE,0,81,65,81,65,511,1774,381,1654,36,428,10,0,0,0,0,0,0,0,0,0,0,0,0,0,0,0,16,0,0,0,0,0,0,0
PolyORBLF-COL-S06J06T04,5,NONE,NONE,0.000138,0.015498,0.151551,0.0,64860,FALSE,0,81,65,81,65,511,1774,410,1682,36,176,9,0,0,0,0,0,0,0,0,0,0,0,0,0,0,0,16,0,0,0,0,0,0,0
PolyORBLF-COL-S06J06T04,6,NONE,NONE,0.000188,0.018488,0.206806,0.0,42560,FALSE,0,81,65,81,65,511,1774,398,1670,28,412,9,0,0,0,0,0,0,0,0,0,0,0,0,0,0,0,16,0,0,0,0,0,0,0
PolyORBLF-COL-S06J06T04,7,NONE,NONE,0.000196,0.019172,0.228137,0.0,43976,FALSE,0,81,65,81,65,511,1774,397,1670,40,264,10,0,0,0,0,0,0,0,0,0,0,0,0,0,0,0,16,0,0,0,0,0,0,0
PolyORBLF-COL-S06J06T04,8,NONE,NONE,0.000174,0.019114,0.201552,0.0,67452,FALSE,0,81,65,81,65,511,1774,373,1646,40,432,10,0,0,0,0,0,0,0,0,0,0,0,0,0,0,0,16,0,0,0,0,0,0,0
PolyORBLF-COL-S06J06T04,9,NONE,NONE,0.000195,0.018088,0.139117,0.0,46900,FALSE,0,81,65,81,65,511,1774,428,1694,32,340,3,0,0,0,0,0,0,0,0,0,0,0,0,0,0,0,0,0,0,0,0,0,0,0
PolyORBLF-COL-S06J06T04,10,NONE,NONE,0.000194,0.02087,0.205844,0.0,48748,FALSE,0,81,65,81,65,511,1774,373,1646,40,432,10,0,0,0,0,0,0,0,0,0,0,0,0,0,0,0,16,0,0,0,0,0,0,0
PolyORBLF-COL-S06J06T04,11,NONE,NONE,0.00018,0.027857,0.156808,0.0,42952,FALSE,0,81,65,81,65,511,1774,421,1686,32,340,2,0,0,0,0,0,0,0,0,0,0,0,0,0,0,0,16,0,0,0,0,0,0,0
PolyORBLF-COL-S06J06T04,12,TRUE,NONE,0.000192,0.019204,0.154443,0.004968,10024,FALSE,0,81,65,81,65,511,1774,382,1654,40,348,9,0,0,0,0,0,0,0,0,0,0,0,0,0,0,0,0,0,0,0,0,0,0,0
PolyORBLF-COL-S06J06T04,13,NONE,NONE,0.000181,0.018857,0.205094,0.0,45416,FALSE,0,81,65,81,65,511,1774,373,1646,40,432,10,0,0,0,0,0,0,0,0,0,0,0,0,0,0,0,16,0,0,0,0,0,0,0
PolyORBLF-COL-S06J06T04,14,NONE,NONE,0.000193,0.018205,0.163357,0.0,38932,FALSE,0,81,65,81,65,511,1774,397,1670,40,404,10,0,0,0,0,0,0,0,0,0,0,0,0,0,0,0,0,0,0,0,0,0,0,0
PolyORBLF-COL-S06J06T04,15,NONE,NONE,0.000194,0.022492,0.207823,0.0,42416,FALSE,0,81,65,81,65,511,1774,381,1654,40,416,10,0,0,0,0,0,0,0,0,0,0,0,0,0,0,0,16,0,0,0,0,0,0,0
PolyORBLF-COL-S06J06T04,16,NONE,NONE,0.000195,0.019063,0.204381,0.0,46376,FALSE,0,81,65,81,65,511,1774,378,1650,40,428,9,0,0,0,0,0,0,0,0,0,0,0,0,0,0,0,4,0,0,0,0,0,0,0
PolyORBLF-COL-S06J06T06,1,NONE,NONE,0.000242,0.029066,0.573235,0.0,55940,FALSE,0,81,65,81,65,705,2670,540,2514,90,246,9,0,0,0,0,0,0,0,0,0,0,0,0,0,0,0,30,0,0,0,0,0,0,0
PolyORBLF-COL-S06J06T06,2,NONE,NONE,0.000231,0.034023,0.590724,0.0,63240,FALSE,0,81,65,81,65,705,2670,589,2562,48,96,8,0,0,0,0,0,0,0,0,0,0,0,0,0,0,0,1260,0,0,0,0,0,0,0
PolyORBLF-COL-S06J06T06,3,NONE,NONE,0.000197,0.028554,0.572177,0.0,51132,FALSE,0,81,65,81,65,705,2670,498,2472,126,264,9,0,0,0,0,0,0,0,0,0,0,0,0,0,0,0,1260,0,0,0,0,0,0,0
PolyORBLF-COL-S06J06T06,4,TRUE,NONE,0.000237,0.028594,0.452736,0.008611,12776,FALSE,0,81,65,81,65,705,2670,577,2550,84,120,8,0,0,0,0,0,0,0,0,0,0,0,0,0,0,0,6,0,0,0,0,0,0,0
PolyORBLF-COL-S06J06T06,5,TRUE,NONE,0.000197,0.029284,0.543168,0.010677,12264,FALSE,0,81,65,81,65,705,2670,522,2496,126,222,9,0,0,0,0,0,0,0,0,0,0,0,0,0,0,0,30,0,0,0,0,0,0,0
PolyORBLF-COL-S06J06T06,6,NONE,NONE,0.000228,0.035456,0.572069,0.0,43216,FALSE,0,81,65,81,65,705,2670,498,2472,120,264,9,0,0,0,0,0,0,0,0,0,0,0,0,0,0,0,1284,0,0,0,0,0,0,0
PolyORBLF-COL-S06J06T06,7,NONE,NONE,0.000218,0.029287,0.58231,0.0,46704,FALSE,0,81,65,81,65,705,2670,565,2538,84,144,8,0,0,0,0,0,0,0,0,0,0,0,0,0,0,0,1254,0,0,0,0,0,0,0
PolyORBLF-COL-S06J06T06,8,FALSE,NONE,0.000194,0.029219,0.511435,0.006092,12716,FALSE,0,81,65,81,65,705,2670,540,2514,84,180,9,0,0,0,0,0,0,0,0,0,0,0,0,0,0,0,1260,0,0,0,0,0,0,0
PolyORBLF-COL-S06J06T06,9,TRUE,NONE,0.000233,0.029879,0.572259,0.014588,12256,FALSE,0,81,65,81,65,705,2670,486,2460,126,270,9,0,0,0,0,0,0,0,0,0,0,0,0,0,0,0,1284,0,0,0,0,0,0,0
PolyORBLF-COL-S06J06T06,10,NONE,NONE,0.000231,0.02882,0.511148,0.0,41228,FALSE,0,81,65,81,65,705,2670,529,2502,90,174,8,0,0,0,0,0,0,0,0,0,0,0,0,0,0,0,1284,0,0,0,0,0,0,0
PolyORBLF-COL-S06J06T06,11,TRUE,NONE,0.000182,0.028772,0.425561,0.008486,11976,FALSE,0,81,65,81,65,705,2670,505,2478,126,264,8,0,0,0,0,0,0,0,0,0,0,0,0,0,0,0,6,0,0,0,0,0,0,0
PolyORBLF-COL-S06J06T06,12,NONE,NONE,0.00023,0.032175,0.516822,0.0,48976,FALSE,0,81,65,81,65,705,2670,534,2508,90,264,9,0,0,0,0,0,0,0,0,0,0,0,0,0,0,0,1260,0,0,0,0,0,0,0
PolyORBLF-COL-S06J06T06,13,NONE,NONE,0.000214,0.036756,0.499211,0.0,51236,FALSE,0,81,65,81,65,705,2670,534,2508,90,168,9,0,0,0,0,0,0,0,0,0,0,0,0,0,0,0,1284,0,0,0,0,0,0,0
PolyORBLF-COL-S06J06T06,14,NONE,NONE,0.000211,0.029554,0.514973,0.0,40188,FALSE,0,81,65,81,65,705,2670,607,2580,12,114,8,0,0,0,0,0,0,0,0,0,0,0,0,0,0,0,1260,0,0,0,0,0,0,0
PolyORBLF-COL-S06J06T06,15,FALSE,NONE,0.000241,0.030821,0.564074,0.010735,12148,FALSE,0,81,65,81,65,705,2670,493,2466,126,264,8,0,0,0,0,0,0,0,0,0,0,0,0,0,0,0,1284,0,0,0,0,0,0,0
PolyORBLF-COL-S06J06T06,16,NONE,NONE,0.0002,0.031561,0.413298,0.0,35084,FALSE,0,81,65,81,65,705,2670,559,2532,90,228,8,0,0,0,0,0,0,0,0,0,0,0,0,0,0,0,30,0,0,0,0,0,0,0
PolyORBLF-COL-S06J06T08,1,NONE,NONE,0.00013,0.036275,0.038056,0.0,14384,FALSE,0,81,65,81,65,898,3574,152,264,0,0,0,0,3310,11,0,0,0,0,0,0,951,0,0,6,0,0,0,0,0,0,0,0,0,0
PolyORBLF-COL-S06J06T08,2,NONE,NONE,0.000147,0.039142,0.034648,0.0,14368,FALSE,0,81,65,81,65,898,3574,34,40,0,0,0,0,3310,59,224,0,0,0,0,0,850,0,0,6,0,0,0,0,0,0,0,0,0,0
PolyORBLF-COL-S06J06T08,3,NONE,NONE,0.000169,0.038171,0.042784,0.0,14172,FALSE,0,81,65,81,65,898,3574,33,40,0,0,0,0,3310,59,224,0,0,0,0,0,846,0,0,6,0,0,0,0,0,0,0,0,0,0
PolyORBLF-COL-S06J06T08,4,NONE,NONE,0.000143,0.036144,0.044921,0.0,14352,FALSE,0,81,65,81,65,898,3574,33,40,0,0,0,0,3310,59,224,0,0,0,0,0,846,0,0,6,0,0,0,0,0,0,0,0,0,0
PolyORBLF-COL-S06J06T08,5,NONE,NONE,0.000128,0.03681,0.042025,0.0,14352,FALSE,0,81,65,81,65,898,3574,41,40,0,0,0,0,3310,59,224,0,0,0,0,0,878,0,0,6,0,0,0,0,0,0,0,0,0,0
PolyORBLF-COL-S06J06T08,6,NONE,NONE,8.9e-05,0.044592,0.032569,0.0,14404,FALSE,0,81,65,81,65,898,3574,124,222,0,0,0,0,3310,58,42,0,0,0,0,0,1206,0,0,6,0,0,0,0,0,0,0,0,0,0
PolyORBLF-COL-S06J06T08,7,NONE,NONE,0.000148,0.036356,0.033684,0.0,14736,FALSE,0,81,65,81,65,898,3574,129,40,0,0,0,0,3310,59,224,0,0,0,0,0,1230,0,0,6,0,0,0,0,0,0,0,0,0,0
PolyORBLF-COL-S06J06T08,8,NONE,NONE,0.000156,0.037237,0.040696,0.0,14720,FALSE,0,81,65,81,65,898,3574,34,40,0,0,0,0,3310,59,224,0,0,0,0,0,850,0,0,6,0,0,0,0,0,0,0,0,0,0
PolyORBLF-COL-S06J06T08,9,TRUE,NONE,0.000144,0.039483,0.005356,0.0,12936,TRUE,0,81,65,81,65,898,3574,0,0,0,0,0,0,0,0,0,0,1,0,0,0,0,0,0,0,0,0,0,0,0,0,0,0,0,0
PolyORBLF-COL-S06J06T08,10,NONE,NONE,0.000107,0.038035,0.034927,0.0,14560,FALSE,0,81,65,81,65,898,3574,228,264,0,0,0,0,3310,10,0,0,0,0,0,0,1101,0,0,6,0,0,0,0,0,0,0,0,0,0
PolyORBLF-COL-S06J06T08,11,NONE,NONE,0.000163,0.042329,0.04444,0.0,14276,FALSE,0,81,65,81,65,898,3574,33,40,0,0,0,0,3310,59,224,0,0,0,0,0,846,0,0,6,0,0,0,0,0,0,0,0,0,0
PolyORBLF-COL-S06J06T08,12,NONE,NONE,0.00012,0.038266,0.041021,0.0,14100,FALSE,0,81,65,81,65,898,3574,34,40,0,0,0,0,3310,59,224,0,0,0,0,0,850,0,0,6,0,0,0,0,0,0,0,0,0,0
PolyORBLF-COL-S06J06T08,13,NONE,NONE,0.000125,0.037732,0.034745,0.0,14744,FALSE,0,81,65,81,65,898,3574,279,264,0,0,0,0,3310,10,0,0,0,0,0,0,1203,0,0,6,0,0,0,0,0,0,0,0,0,0
PolyORBLF-COL-S06J06T08,14,NONE,NONE,0.000142,0.037371,0.040432,0.0,14196,FALSE,0,81,65,81,65,898,3574,33,40,0,0,0,0,3310,59,224,0,0,0,0,0,846,0,0,6,0,0,0,0,0,0,0,0,0,0
PolyORBLF-COL-S06J06T08,15,NONE,NONE,9.3e-05,0.036824,0.038987,0.0,15132,FALSE,0,81,65,81,65,898,3574,147,222,0,0,0,0,3310,59,42,0,0,0,0,0,1302,0,0,6,0,0,0,0,0,0,0,0,0,0
PolyORBLF-COL-S06J06T08,16,NONE,NONE,0.000144,0.037307,0.028822,0.0,14324,FALSE,0,81,65,81,65,898,3574,202,264,0,0,0,0,3310,11,0,0,0,0,0,0,1051,0,0,6,0,0,0,0,0,0,0,0,0,0
PolyORBNT-COL-S05J20,1,FALSE,NONE,3e-05,0.006238,0.008943,0.007378,8556,FALSE,0,48,38,48,38,351,555,305,509,1,130,0,0,0,0,0,0,0,1,0,0,0,0,0,0,0,0,0,0,0,0,0,0,0,0
PolyORBNT-COL-S05J20,2,TRUE,NONE,2.6e-05,0.005934,0.011437,0.005233,8936,FALSE,0,48,38,48,38,351,555,298,508,0,137,6,0,0,0,0,0,0,1,0,0,0,0,0,0,0,0,0,0,0,0,0,0,0,0
PolyORBNT-COL-S05J20,3,FALSE,NONE,3e-05,0.006155,0.017915,0.005814,8340,FALSE,0,48,38,48,38,351,555,294,504,1,143,6,0,0,0,0,0,0,1,0,0,0,0,0,0,0,0,1,0,0,0,0,0,0,0
PolyORBNT-COL-S05J20,4,FALSE,NONE,2.7e-05,0.006026,0.017261,0.005374,8272,FALSE,0,48,38,48,38,351,555,293,503,2,185,6,0,0,0,0,0,0,1,0,0,0,0,0,0,0,0,1,0,0,0,0,0,0,0
PolyORBNT-COL-S05J20,5,TRUE,NONE,2.9e-05,0.005983,0.017764,0.004969,8340,FALSE,0,48,38,48,38,351,555,293,503,2,185,6,0,0,0,0,0,0,1,0,0,0,0,0,0,0,0,1,0,0,0,0,0,0,0
PolyORBNT-COL-S05J20,6,FALSE,NONE,2.7e-05,0.006923,0.016935,0.005468,8768,FALSE,0,48,38,48,38,351,555,293,503,2,185,6,0,0,0,0,0,0,0,0,0,0,0,0,0,0,0,1,0,0,0,0,0,0,0
PolyORBNT-COL-S05J20,7,FALSE,NONE,2.8e-05,0.006095,0.015131,0.005067,8760,FALSE,0,48,38,48,38,351,555,335,545,2,59,6,0,0,0,0,0,0,1,0,0,0,0,0,0,0,0,1,0,0,0,0,0,0,0
PolyORBNT-COL-S05J20,8,FALSE,NONE,2.6e-05,0.005943,0.015564,0.004743,8340,FALSE,0,48,38,48,38,351,555,294,504,1,143,6,0,0,0,0,0,0,1,0,0,0,0,0,0,0,0,1,0,0,0,0,0,0,0
PolyORBNT-COL-S05J20,9,FALSE,NONE,2.3e-05,0.005043,0.018238,0.00535,9216,FALSE,0,48,38,48,38,351,555,293,503,2,185,6,0,0,0,0,0,0,1,0,0,0,0,0,0,0,0,1,0,0,0,0,0,0,0
PolyORBNT-COL-S05J20,10,FALSE,NONE,2.7e-05,0.00628,0.017521,0.005868,8348,FALSE,0,48,38,48,38,351,555,294,504,1,181,6,0,0,0,0,0,0,1,0,0,0,0,0,0,0,0,1,0,0,0,0,0,0,0
PolyORBNT-COL-S05J20,11,FALSE,NONE,2.8e-05,0.005988,0.011252,0.006625,8940,FALSE,0,48,38,48,38,351,555,343,551,1,4,4,0,0,0,0,0,0,1,0,0,0,0,0,0,0,0,0,0,0,0,0,0,0,0
PolyORBNT-COL-S05J20,12,FALSE,NONE,3.1e-05,0.006024,0.016743,0.004883,8492,FALSE,0,48,38,48,38,351,555,314,524,2,80,6,0,0,0,0,0,0,1,0,0,0,0,0,0,0,0,1,0,0,0,0,0,0,0
PolyORBNT-COL-S05J20,13,TRUE,NONE,2.5e-05,0.006543,0.016205,0.005535,8656,FALSE,0,48,38,48,38,351,555,293,503,2,185,6,0,0,0,0,0,0,1,0,0,0,0,0,0,0,0,1,0,0,0,0,0,0,0
PolyORBNT-COL-S05J20,14,TRUE,NONE,3e-05,0.005892,0.00062,0.0,6212,TRUE,0,48,38,48,38,351,555,0,0,0,0,0,0,0,0,0,0,1,0,0,0,0,0,0,0,0,0,0,0,0,0,0,0,0,0
PolyORBNT-COL-S05J20,15,FALSE,NONE,3.7e-05,0.00596,0.000581,0.0,6188,TRUE,0,48,38,48,38,351,555,0,0,0,0,0,0,0,0,0,0,1,0,0,0,0,0,0,0,0,0,0,0,0,0,0,0,0,0
PolyORBNT-COL-S05J20,16,FALSE,NONE,2.8e-05,0.00683,0.016608,0.005438,8724,FALSE,0,48,38,48,38,351,555,293,503,2,185,6,0,0,0,0,0,0,0,0,0,0,0,0,0,0,0,1,0,0,0,0,0,0,0
PolyORBNT-COL-S05J30,1,NONE,NONE,2.6e-05,0.008237,0.039981,0.0,179056,FALSE,0,48,38,48,38,493,745,482,740,0,250,6,0,0,0,0,0,0,0,0,0,0,0,0,0,0,0,1,0,0,0,0,0,0,0
PolyORBNT-COL-S05J30,2,TRUE,NONE,2.4e-05,0.007221,0.000796,0.0,6712,TRUE,0,48,38,48,38,493,745,0,0,0,0,0,0,0,0,0,0,1,0,0,0,0,0,0,0,0,0,0,0,0,0,0,0,0,0
PolyORBNT-COL-S05J30,3,NONE,NONE,2.6e-05,0.007817,0.028134,0.0,156984,FALSE,0,48,38,48,38,493,745,417,675,2,354,6,0,0,0,0,0,0,0,0,0,0,0,0,0,0,0,0,0,0,0,0,0,0,0
PolyORBNT-COL-S05J30,4,TRUE,NONE,2.9e-05,0.008119,0.020896,0.008135,9352,FALSE,0,48,38,48,38,493,745,425,677,1,350,0,0,0,0,0,0,0,0,0,0,0,0,0,0,0,0,0,0,0,0,0,0,0,0
PolyORBNT-COL-S05J30,5,NONE,NONE,2.7e-05,0.007821,0.046548,0.0,96716,FALSE,0,48,38,48,38,493,745,460,713,0,248,1,0,0,0,0,0,0,0,0,0,0,0,0,0,0,0,0,0,0,0,0,0,0,0
PolyORBNT-COL-S05J30,6,FALSE,NONE,2.8e-05,0.008665,0.000815,0.0,6724,TRUE,0,48,38,48,38,493,745,0,0,0,0,0,0,0,0,0,0,1,0,0,0,0,0,0,0,0,0,0,0,0,0,0,0,0,0
PolyORBNT-COL-S05J30,7,FALSE,NONE,3.1e-05,0.008642,0.000851,0.0,7696,TRUE,0,48,38,48,38,493,745,0,0,0,0,0,0,0,0,0,0,1,0,0,0,0,0,0,0,0,0,0,0,0,0,0,0,0,0
PolyORBNT-COL-S05J30,8,FALSE,NONE,2.9e-05,0.008838,0.000911,0.0,7740,TRUE,0,48,38,48,38,493,745,0,0,0,0,0,0,0,0,0,0,1,0,0,0,0,0,0,0,0,0,0,0,0,0,0,0,0,0
PolyORBNT-COL-S05J30,9,NONE,NONE,2.7e-05,0.007952,0.027112,0.0,237748,FALSE,0,48,38,48,38,493,745,417,675,1,444,6,0,0,0,0,0,0,0,0,0,0,0,0,0,0,0,0,0,0,0,0,0,0,0
PolyORBNT-COL-S05J30,10,NONE,NONE,2.5e-05,0.00793,0.027379,0.0,247920,FALSE,0,48,38,48,38,493,745,417,675,2,446,6,0,0,0,0,0,0,0,0,0,0,0,0,0,0,0,0,0,0,0,0,0,0,0
PolyORBNT-COL-S05J30,11,NONE,NONE,2.7e-05,0.008071,0.027079,0.0,246464,FALSE,0,48,38,48,38,493,745,416,674,2,447,6,0,0,0,0,0,0,0,0,0,0,0,0,0,0,0,0,0,0,0,0,0,0,0
PolyORBNT-COL-S05J30,12,NONE,NONE,2.6e-05,0.007946,0.027413,0.0,100152,FALSE,0,48,38,48,38,493,745,416,674,2,447,6,0,0,0,0,0,0,0,0,0,0,0,0,0,0,0,0,0,0,0,0,0,0,0
PolyORBNT-COL-S05J30,13,FALSE,NONE,3e-05,0.008024,0.000821,0.0,7016,TRUE,0,48,38,48,38,493,745,0,0,0,0,0,0,0,0,0,0,1,0,0,0,0,0,0,0,0,0,0,0,0,0,0,0,0,0
PolyORBNT-COL-S05J30,14,NONE,NONE,5.5e-05,0.007923,0.04108,0.0,239380,FALSE,0,48,38,48,38,493,745,417,675,1,443,6,0,0,0,0,0,0,0,0,0,0,0,0,0,0,0,1,0,0,0,0,0,0,0
PolyORBNT-COL-S05J30,15,NONE,NONE,2.6e-05,0.00929,0.02593,0.0,56168,FALSE,0,48,38,48,38,493,745,419,677,1,444,6,0,0,0,0,0,0,0,0,0,0,0,0,0,0,0,0,0,0,0,0,0,0,0
PolyORBNT-COL-S05J30,16,TRUE,NONE,3.7e-05,0.012,0.027944,0.008676,9412,FALSE,0,48,38,48,38,493,745,419,677,2,348,6,0,0,0,0,0,0,0,0,0,0,0,0,0,0,0,0,0,0,0,0,0,0,0
PolyORBNT-COL-S05J40,1,FALSE,NONE,3.2e-05,0.009949,0.057288,0.006786,9164,FALSE,0,48,38,48,38,633,935,532,843,1,585,9,0,0,0,0,0,0,0,0,0,0,0,0,0,0,0,1,0,0,0,0,0,0,0
PolyORBNT-COL-S05J40,2,FALSE,NONE,3.1e-05,0.010041,0.057737,0.007934,8572,FALSE,0,48,38,48,38,633,935,532,843,1,585,9,0,0,0,0,0,0,0,0,0,0,0,0,0,0,0,1,0,0,0,0,0,0,0
PolyORBNT-COL-S05J40,3,TRUE,NONE,2.8e-05,0.009714,0.054673,0.00937,9520,FALSE,0,48,38,48,38,633,935,580,885,1,457,3,0,0,0,0,0,0,0,0,0,0,0,0,0,0,0,1,0,0,0,0,0,0,0
PolyORBNT-COL-S05J40,4,FALSE,NONE,3e-05,0.009817,0.03466,0.005973,9140,FALSE,0,48,38,48,38,633,935,533,844,1,585,9,0,0,0,0,0,0,0,0,0,0,0,0,0,0,0,0,0,0,0,0,0,0,0
PolyORBNT-COL-S05J40,5,TRUE,NONE,3.3e-05,0.012315,0.05391,0.010529,9520,FALSE,0,48,38,48,38,633,935,544,848,0,577,2,0,0,0,0,0,0,0,0,0,0,0,0,0,0,0,1,0,0,0,0,0,0,0
PolyORBNT-COL-S05J40,6,FALSE,NONE,2.8e-05,0.009593,0.048834,0.008472,9744,FALSE,0,48,38,48,38,633,935,575,884,1,462,7,0,0,0,0,0,0,0,0,0,0,0,0,0,0,0,1,0,0,0,0,0,0,0
PolyORBNT-COL-S05J40,7,TRUE,NONE,3e-05,0.009296,0.001185,0.0,8508,TRUE,0,48,38,48,38,633,935,0,0,0,0,0,0,0,0,0,0,1,0,0,0,0,0,0,0,0,0,0,0,0,0,0,0,0,0
PolyORBNT-COL-S05J40,8,FALSE,NONE,2.9e-05,0.009532,0.053143,0.006528,9356,FALSE,0,48,38,48,38,633,935,533,843,1,585,8,0,0,0,0,0,0,0,0,0,0,0,0,0,0,0,1,0,0,0,0,0,0,0
PolyORBNT-COL-S05J40,9,FALSE,NONE,3.9e-05,0.008604,0.000875,0.0,7844,TRUE,0,48,38,48,38,633,935,0,0,0,0,0,0,0,0,0,0,1,0,0,0,0,0,0,0,0,0,0,0,0,0,0,0,0,0
PolyORBNT-COL-S05J40,10,FALSE,NONE,2.7e-05,0.010913,0.02559,0.006995,9656,FALSE,0,48,38,48,38,633,935,544,847,1,456,1,0,0,0,0,0,0,0,0,0,0,0,0,0,0,0,0,0,0,0,0,0,0,0
PolyORBNT-COL-S05J40,11,TRUE,NONE,3.1e-05,0.009953,0.026369,0.008293,9152,FALSE,0,48,38,48,38,633,935,537,847,1,456,8,0,0,0,0,0,0,0,0,0,0,0,0,0,0,0,0,0,0,0,0,0,0,0
PolyORBNT-COL-S05J40,12,FALSE,NONE,2.5e-05,0.010223,0.034615,0.011492,9756,FALSE,0,48,38,48,38,633,935,579,888,1,332,7,0,0,0,0,0,0,0,0,0,0,0,0,0,0,0,0,0,0,0,0,0,0,0
PolyORBNT-COL-S05J40,13,TRUE,NONE,3e-05,0.009631,0.054302,0.007341,9356,FALSE,0,48,38,48,38,633,935,533,843,1,585,8,0,0,0,0,0,0,0,0,0,0,0,0,0,0,0,1,0,0,0,0,0,0,0
PolyORBNT-COL-S05J40,14,FALSE,NONE,2.8e-05,0.011928,0.054058,0.013462,9880,FALSE,0,48,38,48,38,633,935,543,848,1,576,3,0,0,0,0,0,0,0,0,0,0,0,0,0,0,0,1,0,0,0,0,0,0,0
PolyORBNT-COL-S05J40,15,FALSE,NONE,3e-05,0.010241,0.032088,0.010582,9536,FALSE,0,48,38,48,38,633,935,537,847,1,460,8,0,0,0,0,0,0,0,0,0,0,0,0,0,0,0,0,0,0,0,0,0,0,0
PolyORBNT-COL-S05J40,16,FALSE,NONE,2.4e-05,0.009604,0.056015,0.00751,8572,FALSE,0,48,38,48,38,633,935,532,843,1,585,9,0,0,0,0,0,0,0,0,0,0,0,0,0,0,0,1,0,0,0,0,0,0,0
PolyORBNT-COL-S05J60,1,NONE,NONE,3.1e-05,0.013233,0.058084,0.0,64672,FALSE,0,48,38,48,38,913,1315,897,1307,1,319,8,0,0,0,0,0,0,0,0,0,0,0,0,0,0,0,0,0,0,0,0,0,0,0
PolyORBNT-COL-S05J60,2,NONE,NONE,2.7e-05,0.014993,0.109803,0.0,223864,FALSE,0,48,38,48,38,913,1315,834,1244,1,563,8,0,0,0,0,0,0,0,0,0,0,0,0,0,0,0,1,0,0,0,0,0,0,0
PolyORBNT-COL-S05J60,3,TRUE,NONE,2.6e-05,0.011582,0.108491,0.012047,9588,FALSE,0,48,38,48,38,913,1315,838,1247,1,252,7,0,0,0,0,0,0,0,0,0,0,0,0,0,0,0,1,0,0,0,0,0,0,0
PolyORBNT-COL-S05J60,4,NONE,NONE,2.8e-05,0.013181,0.107713,0.0,107872,FALSE,0,48,38,48,38,913,1315,895,1305,1,502,8,0,0,0,0,0,0,0,0,0,0,0,0,0,0,0,1,0,0,0,0,0,0,0
PolyORBNT-COL-S05J60,5,NONE,NONE,3.1e-05,0.013418,0.108729,0.0,150148,FALSE,0,48,38,48,38,913,1315,834,1244,1,563,8,0,0,0,0,0,0,0,0,0,0,0,0,0,0,0,1,0,0,0,0,0,0,0
PolyORBNT-COL-S05J60,6,NONE,NONE,3e-05,0.013161,0.109586,0.0,226996,FALSE,0,48,38,48,38,913,1315,834,1244,1,563,8,0,0,0,0,0,0,0,0,0,0,0,0,0,0,0,1,0,0,0,0,0,0,0
PolyORBNT-COL-S05J60,7,NONE,NONE,3e-05,0.016486,0.105716,0.0,66800,FALSE,0,48,38,48,38,913,1315,897,1307,0,498,8,0,0,0,0,0,0,0,0,0,0,0,0,0,0,0,1,0,0,0,0,0,0,0
PolyORBNT-COL-S05J60,8,NONE,NONE,2.8e-05,0.013272,0.108767,0.0,230948,FALSE,0,48,38,48,38,913,1315,837,1247,1,256,8,0,0,0,0,0,0,0,0,0,0,0,0,0,0,0,1,0,0,0,0,0,0,0
PolyORBNT-COL-S05J60,9,NONE,NONE,3.2e-05,0.015088,0.110935,0.0,94984,FALSE,0,48,38,48,38,913,1315,834,1244,1,563,8,0,0,0,0,0,0,0,0,0,0,0,0,0,0,0,1,0,0,0,0,0,0,0
PolyORBNT-COL-S05J60,10,NONE,NONE,2.6e-05,0.013495,0.055509,0.0,71076,FALSE,0,48,38,48,38,913,1315,842,1250,1,371,6,0,0,0,0,0,0,0,0,0,0,0,0,0,0,0,0,0,0,0,0,0,0,0
PolyORBNT-COL-S05J60,11,NONE,NONE,2.8e-05,0.013483,0.108196,0.0,147104,FALSE,0,48,38,48,38,913,1315,834,1244,1,563,8,0,0,0,0,0,0,0,0,0,0,0,0,0,0,0,1,0,0,0,0,0,0,0
PolyORBNT-COL-S05J60,12,NONE,NONE,3.3e-05,0.013536,0.067689,0.0,220060,FALSE,0,48,38,48,38,913,1315,835,1245,1,563,8,0,0,0,0,0,0,0,0,0,0,0,0,0,0,0,0,0,0,0,0,0,0,0
PolyORBNT-COL-S05J60,13,NONE,NONE,2.8e-05,0.013565,0.110005,0.0,74932,FALSE,0,48,38,48,38,913,1315,895,1305,1,502,8,0,0,0,0,0,0,0,0,0,0,0,0,0,0,0,1,0,0,0,0,0,0,0
PolyORBNT-COL-S05J60,14,NONE,NONE,3.1e-05,0.013399,0.110532,0.0,110620,FALSE,0,48,38,48,38,913,1315,834,1244,1,563,8,0,0,0,0,0,0,0,0,0,0,0,0,0,0,0,1,0,0,0,0,0,0,0
PolyORBNT-COL-S05J60,15,NONE,NONE,3.1e-05,0.013511,0.068866,0.0,264476,FALSE,0,48,38,48,38,913,1315,836,1246,1,380,8,0,0,0,0,0,0,0,0,0,0,0,0,0,0,0,0,0,0,0,0,0,0,0
PolyORBNT-COL-S05J60,16,FALSE,NONE,2.9e-05,0.013596,0.001466,0.0,6180,TRUE,0,48,38,48,38,913,1315,0,0,0,0,0,0,0,0,0,0,1,0,0,0,0,0,0,0,0,0,0,0,0,0,0,0,0,0
PolyORBNT-COL-S05J80,1,TRUE,NONE,2.6e-05,0.017674,0.125069,0.025215,10904,FALSE,0,48,38,48,38,1193,1695,1014,1523,82,428,7,0,0,0,0,0,0,0,0,0,0,0,0,0,0,0,0,0,0,0,0,0,0,0
PolyORBNT-COL-S05J80,2,NONE,NONE,3e-05,0.01915,0.147567,0.0,94192,FALSE,0,48,38,48,38,1193,1695,1019,1527,81,659,6,0,0,0,0,0,0,0,0,0,0,0,0,0,0,0,0,0,0,0,0,0,0,0
PolyORBNT-COL-S05J80,3,NONE,NONE,2.5e-05,0.018092,0.121117,0.0,98832,FALSE,0,48,38,48,38,1193,1695,1013,1522,82,671,7,0,0,0,0,0,0,0,0,0,0,0,0,0,0,0,0,0,0,0,0,0,0,0
PolyORBNT-COL-S05J80,4,NONE,NONE,3.1e-05,0.018502,0.14085,0.0,120484,FALSE,0,48,38,48,38,1193,1695,1018,1526,82,658,6,0,0,0,0,0,0,0,0,0,0,0,0,0,0,0,0,0,0,0,0,0,0,0
PolyORBNT-COL-S05J80,5,TRUE,NONE,2.8e-05,0.018669,0.120895,0.025468,11052,FALSE,0,48,38,48,38,1193,1695,1017,1525,82,423,6,0,0,0,0,0,0,0,0,0,0,0,0,0,0,0,0,0,0,0,0,0,0,0
PolyORBNT-COL-S05J80,6,TRUE,NONE,2.5e-05,0.018253,0.099087,0.019745,11008,FALSE,0,48,38,48,38,1193,1695,1014,1523,82,666,7,0,0,0,0,0,0,0,0,0,0,0,0,0,0,0,0,0,0,0,0,0,0,0
PolyORBNT-COL-S05J80,7,NONE,NONE,2.7e-05,0.018679,0.103144,0.0,232304,FALSE,0,48,38,48,38,1193,1695,1015,1524,82,666,7,0,0,0,0,0,0,0,0,0,0,0,0,0,0,0,0,0,0,0,0,0,0,0
PolyORBNT-COL-S05J80,8,NONE,NONE,3.1e-05,0.018497,0.121681,0.0,248236,FALSE,0,48,38,48,38,1193,1695,1014,1523,82,428,7,0,0,0,0,0,0,0,0,0,0,0,0,0,0,0,0,0,0,0,0,0,0,0
PolyORBNT-COL-S05J80,9,NONE,NONE,2.7e-05,0.019271,0.121189,0.0,265516,FALSE,0,48,38,48,38,1193,1695,1014,1523,82,428,7,0,0,0,0,0,0,0,0,0,0,0,0,0,0,0,0,0,0,0,0,0,0,0
PolyORBNT-COL-S05J80,10,FALSE,NONE,2.7e-05,0.01811,0.002125,0.0,9636,TRUE,0,48,38,48,38,1193,1695,0,0,0,0,0,0,0,0,0,0,1,0,0,0,0,0,0,0,0,0,0,0,0,0,0,0,0,0
PolyORBNT-COL-S05J80,11,NONE,NONE,2.1e-05,0.017642,0.144811,0.0,131644,FALSE,0,48,38,48,38,1193,1695,1099,1607,1,94,6,0,0,0,0,0,0,0,0,0,0,0,0,0,0,0,0,0,0,0,0,0,0,0
PolyORBNT-COL-S05J80,12,NONE,NONE,3.2e-05,0.018159,0.114233,0.0,92176,FALSE,0,48,38,48,38,1193,1695,1175,1684,1,266,7,0,0,0,0,0,0,0,0,0,0,0,0,0,0,0,0,0,0,0,0,0,0,0
PolyORBNT-COL-S05J80,13,NONE,NONE,2e-05,0.023148,0.112251,0.0,85112,FALSE,0,48,38,48,38,1193,1695,1176,1685,1,261,7,0,0,0,0,0,0,0,0,0,0,0,0,0,0,0,0,0,0,0,0,0,0,0
PolyORBNT-COL-S05J80,14,NONE,NONE,3.3e-05,0.019574,0.109996,0.0,101996,FALSE,0,48,38,48,38,1193,1695,1175,1684,1,266,7,0,0,0,0,0,0,0,0,0,0,0,0,0,0,0,0,0,0,0,0,0,0,0
PolyORBNT-COL-S05J80,15,NONE,NONE,3.1e-05,0.01905,0.116921,0.0,100912,FALSE,0,48,38,48,38,1193,1695,1176,1685,1,23,7,0,0,0,0,0,0,0,0,0,0,0,0,0,0,0,0,0,0,0,0,0,0,0
PolyORBNT-COL-S05J80,16,NONE,NONE,3e-05,0.019939,0.183093,0.0,105500,FALSE,0,48,38,48,38,1193,1695,1096,1605,1,331,7,0,0,0,0,0,0,0,0,0,0,0,0,0,0,0,1,0,0,0,0,0,0,0
PolyORBNT-COL-S10J20,1,FALSE,NONE,3.1e-05,0.020095,0.261089,0.147262,10052,FALSE,0,48,38,48,38,478,1650,416,1601,1,402,13,0,0,0,0,0,0,0,0,0,0,0,0,0,0,0,1,0,0,0,0,0,0,0
PolyORBNT-COL-S10J20,2,FALSE,NONE,2.6e-05,0.019764,0.349514,0.134,9748,FALSE,0,48,38,48,38,478,1650,416,1601,1,202,13,0,0,0,0,0,0,0,0,0,0,0,0,0,0,0,1,0,0,0,0,0,0,0
PolyORBNT-COL-S10J20,3,FALSE,NONE,2.9e-05,0.019499,0.251131,0.116642,9468,FALSE,0,48,38,48,38,478,1650,417,1602,1,349,13,0,0,0,0,0,0,0,0,0,0,0,0,0,0,0,0,0,0,0,0,0,0,0
PolyORBNT-COL-S10J20,4,FALSE,NONE,3e-05,0.023154,0.002873,0.0,9128,TRUE,0,48,38,48,38,478,1650,0,0,0,0,0,0,0,0,0,0,1,0,0,0,0,0,0,0,0,0,0,0,0,0,0,0,0,0
PolyORBNT-COL-S10J20,5,FALSE,NONE,2.8e-05,0.019729,0.262749,0.139921,10620,FALSE,0,48,38,48,38,478,1650,458,1643,1,276,13,0,0,0,0,0,0,0,0,0,0,0,0,0,0,0,1,0,0,0,0,0,0,0
PolyORBNT-COL-S10J20,6,FALSE,NONE,2.8e-05,0.018962,0.002983,0.0,9696,TRUE,0,48,38,48,38,478,1650,0,0,0,0,0,0,0,0,0,0,1,0,0,0,0,0,0,0,0,0,0,0,0,0,0,0,0,0
PolyORBNT-COL-S10J20,7,FALSE,NONE,2.9e-05,0.019188,0.290724,0.138061,10212,FALSE,0,48,38,48,38,478,1650,416,1601,1,412,13,0,0,0,0,0,0,0,0,0,0,0,0,0,0,0,0,0,0,0,0,0,0,0
PolyORBNT-COL-S10J20,8,FALSE,NONE,2.9e-05,0.019429,0.002599,0.0,10180,TRUE,0,48,38,48,38,478,1650,0,0,0,0,0,0,0,0,0,0,1,0,0,0,0,0,0,0,0,0,0,0,0,0,0,0,0,0
PolyORBNT-COL-S10J20,9,TRUE,NONE,2.4e-05,0.02005,0.187189,0.010403,10632,FALSE,0,48,38,48,38,478,1650,430,1604,0,339,2,0,0,0,0,0,0,0,0,0,0,0,0,0,0,0,0,0,0,0,0,0,0,0
PolyORBNT-COL-S10J20,10,FALSE,NONE,2.7e-05,0.020417,0.345574,0.136856,9748,FALSE,0,48,38,48,38,478,1650,416,1601,1,202,13,0,0,0,0,0,0,0,0,0,0,0,0,0,0,0,1,0,0,0,0,0,0,0
PolyORBNT-COL-S10J20,11,FALSE,NONE,3.6e-05,0.024047,0.349009,0.139118,10188,FALSE,0,48,38,48,38,478,1650,437,1621,1,307,12,0,0,0,0,0,0,0,0,0,0,0,0,0,0,0,1,0,0,0,0,0,0,0
PolyORBNT-COL-S10J20,12,FALSE,NONE,3.3e-05,0.024507,0.338223,0.111838,9928,FALSE,0,48,38,48,38,478,1650,416,1601,1,411,13,0,0,0,0,0,0,0,0,0,0,0,0,0,0,0,1,0,0,0,0,0,0,0
PolyORBNT-COL-S10J20,13,TRUE,NONE,2.8e-05,0.018747,0.25736,0.151014,10456,FALSE,0,48,38,48,38,478,1650,438,1623,1,286,13,0,0,0,0,0,0,0,0,0,0,0,0,0,0,0,0,0,0,0,0,0,0,0
PolyORBNT-COL-S10J20,14,FALSE,NONE,3e-05,0.019082,0.262469,0.113926,9624,FALSE,0,48,38,48,38,478,1650,418,1601,0,412,11,0,0,0,0,0,0,0,0,0,0,0,0,0,0,0,1,0,0,0,0,0,0,0
PolyORBNT-COL-S10J20,15,TRUE,NONE,3.3e-05,0.020441,0.002588,0.0,8824,TRUE,0,48,38,48,38,478,1650,0,0,0,0,0,0,0,0,0,0,1,0,0,0,0,0,0,0,0,0,0,0,0,0,0,0,0,0
PolyORBNT-COL-S10J20,16,FALSE,NONE,2.7e-05,0.019565,0.347903,0.120705,9484,FALSE,0,48,38,48,38,478,1650,415,1600,1,412,13,0,0,0,0,0,0,0,0,0,0,0,0,0,0,0,1,0,0,0,0,0,0,0
PolyORBNT-COL-S10J30,1,NONE,NONE,3.4e-05,0.02262,0.170003,0.0,55308,FALSE,0,48,38,48,38,666,1940,582,1866,32,556,10,0,0,0,0,0,0,0,0,0,0,0,0,0,0,0,0,0,0,0,0,0,0,0
PolyORBNT-COL-S10J30,2,TRUE,NONE,3.2e-05,0.021726,0.168142,4.94445,12388,FALSE,0,48,38,48,38,666,1940,583,1867,32,246,10,0,0,0,0,0,0,0,0,0,0,0,0,0,0,0,0,0,0,0,0,0,0,0
PolyORBNT-COL-S10J30,3,TRUE,NONE,3e-05,0.023709,0.172267,0.008051,11384,FALSE,0,48,38,48,38,666,1940,648,1932,0,336,10,0,0,0,0,0,0,0,0,0,0,0,0,0,0,0,0,0,0,0,0,0,0,0
PolyORBNT-COL-S10J30,4,TRUE,NONE,2.8e-05,0.023069,0.1693,0.003829,10652,FALSE,0,48,38,48,38,666,1940,615,1899,1,427,10,0,0,0,0,0,0,0,0,0,0,0,0,0,0,0,0,0,0,0,0,0,0,0
PolyORBNT-COL-S10J30,5,NONE,NONE,3.1e-05,0.023289,0.129628,0.0,64316,FALSE,0,48,38,48,38,666,1940,589,1872,31,480,9,0,0,0,0,0,0,0,0,0,0,0,0,0,0,0,0,0,0,0,0,0,0,0
PolyORBNT-COL-S10J30,6,NONE,NONE,2.7e-05,0.022509,0.171975,0.0,64828,FALSE,0,48,38,48,38,666,1940,584,1868,32,554,10,0,0,0,0,0,0,0,0,0,0,0,0,0,0,0,0,0,0,0,0,0,0,0
PolyORBNT-COL-S10J30,7,NONE,NONE,2.6e-05,0.024211,0.171523,0.0,65576,FALSE,0,48,38,48,38,666,1940,583,1867,31,494,10,0,0,0,0,0,0,0,0,0,0,0,0,0,0,0,0,0,0,0,0,0,0,0
PolyORBNT-COL-S10J30,8,TRUE,NONE,2.8e-05,0.023067,0.172093,0.004775,10264,FALSE,0,48,38,48,38,666,1940,583,1867,31,494,10,0,0,0,0,0,0,0,0,0,0,0,0,0,0,0,0,0,0,0,0,0,0,0
PolyORBNT-COL-S10J30,9,NONE,NONE,3e-05,0.023157,0.156354,0.0,53552,FALSE,0,48,38,48,38,666,1940,584,1868,31,493,10,0,0,0,0,0,0,0,0,0,0,0,0,0,0,0,0,0,0,0,0,0,0,0
PolyORBNT-COL-S10J30,10,NONE,NONE,3.2e-05,0.022716,0.127576,0.0,30648,FALSE,0,48,38,48,38,666,1940,616,1900,31,390,10,0,0,0,0,0,0,0,0,0,0,0,0,0,0,0,0,0,0,0,0,0,0,0
PolyORBNT-COL-S10J30,11,TRUE,NONE,3.1e-05,0.022717,0.18724,0.004771,10372,FALSE,0,48,38,48,38,666,1940,583,1867,32,545,10,0,0,0,0,0,0,0,0,0,0,0,0,0,0,0,1,0,0,0,0,0,0,0
PolyORBNT-COL-S10J30,12,TRUE,NONE,3.2e-05,0.023072,0.171207,0.005376,10264,FALSE,0,48,38,48,38,666,1940,583,1867,31,494,10,0,0,0,0,0,0,0,0,0,0,0,0,0,0,0,0,0,0,0,0,0,0,0
PolyORBNT-COL-S10J30,13,TRUE,NONE,3.1e-05,0.0232,0.171691,0.006214,10028,FALSE,0,48,38,48,38,666,1940,583,1867,32,546,10,0,0,0,0,0,0,0,0,0,0,0,0,0,0,0,0,0,0,0,0,0,0,0
PolyORBNT-COL-S10J30,14,FALSE,NONE,2.9e-05,0.023241,0.003144,0.0,9852,TRUE,0,48,38,48,38,666,1940,0,0,0,0,0,0,0,0,0,0,1,0,0,0,0,0,0,0,0,0,0,0,0,0,0,0,0,0
PolyORBNT-COL-S10J30,15,TRUE,NONE,2.5e-05,0.02293,0.169871,0.006639,11496,FALSE,0,48,38,48,38,666,1940,585,1868,31,489,9,0,0,0,0,0,0,0,0,0,0,0,0,0,0,0,0,0,0,0,0,0,0,0
PolyORBNT-COL-S10J30,16,NONE,NONE,3e-05,0.024179,0.172996,0.0,62156,FALSE,0,48,38,48,38,666,1940,582,1866,32,556,10,0,0,0,0,0,0,0,0,0,0,0,0,0,0,0,0,0,0,0,0,0,0,0
PolyORBNT-COL-S10J40,1,NONE,NONE,3e-05,0.026841,0.29941,0.0,123828,FALSE,0,48,38,48,38,855,2230,756,2141,42,224,10,0,0,0,0,0,0,0,0,0,0,0,0,0,0,0,0,0,0,0,0,0,0,0
PolyORBNT-COL-S10J40,2,NONE,NONE,1.8e-05,0.024884,0.211728,0.0,48380,FALSE,0,48,38,48,38,855,2230,799,2184,0,464,10,0,0,0,0,0,0,0,0,0,0,0,0,0,0,0,0,0,0,0,0,0,0,0
PolyORBNT-COL-S10J40,3,TRUE,NONE,3e-05,0.024957,0.290494,0.155127,11652,FALSE,0,48,38,48,38,855,2230,754,2139,42,747,10,0,0,0,0,0,0,0,0,0,0,0,0,0,0,0,1,0,0,0,0,0,0,0
PolyORBNT-COL-S10J40,4,NONE,NONE,3e-05,0.025155,0.215095,0.0,72524,FALSE,0,48,38,48,38,855,2230,800,2185,41,496,10,0,0,0,0,0,0,0,0,0,0,0,0,0,0,0,0,0,0,0,0,0,0,0
PolyORBNT-COL-S10J40,5,TRUE,NONE,2.8e-05,0.025423,0.22804,0.006015,13544,FALSE,0,48,38,48,38,855,2230,756,2141,42,624,10,0,0,0,0,0,0,0,0,0,0,0,0,0,0,0,0,0,0,0,0,0,0,0
PolyORBNT-COL-S10J40,6,TRUE,NONE,3.4e-05,0.025988,0.296822,0.005933,11704,FALSE,0,48,38,48,38,855,2230,754,2139,42,747,10,0,0,0,0,0,0,0,0,0,0,0,0,0,0,0,1,0,0,0,0,0,0,0
PolyORBNT-COL-S10J40,7,TRUE,NONE,2.8e-05,0.025516,0.382141,0.019594,11600,FALSE,0,48,38,48,38,855,2230,795,2180,1,592,10,0,0,0,0,0,0,0,0,0,0,0,0,0,0,0,1,0,0,0,0,0,0,0
PolyORBNT-COL-S10J40,8,FALSE,NONE,3.5e-05,0.030956,0.303595,0.010346,12256,FALSE,0,48,38,48,38,855,2230,754,2139,42,747,10,0,0,0,0,0,0,0,0,0,0,0,0,0,0,0,1,0,0,0,0,0,0,0
PolyORBNT-COL-S10J40,9,TRUE,NONE,3.2e-05,0.026624,0.405216,0.021265,11200,FALSE,0,48,38,48,38,855,2230,754,2139,42,634,10,0,0,0,0,0,0,0,0,0,0,0,0,0,0,0,1,0,0,0,0,0,0,0
PolyORBNT-COL-S10J40,10,FALSE,NONE,2.8e-05,0.026315,0.361658,0.212814,12616,FALSE,0,48,38,48,38,855,2230,808,2184,41,626,1,0,0,0,0,0,0,0,0,0,0,0,0,0,0,0,1,0,0,0,0,0,0,0
PolyORBNT-COL-S10J40,11,NONE,NONE,2.9e-05,0.031355,0.316058,0.0,128920,FALSE,0,48,38,48,38,855,2230,754,2139,42,757,10,0,0,0,0,0,0,0,0,0,0,0,0,0,0,0,0,0,0,0,0,0,0,0
PolyORBNT-COL-S10J40,12,NONE,NONE,2.9e-05,0.029204,0.387209,0.0,54884,FALSE,0,48,38,48,38,855,2230,753,2138,42,757,10,0,0,0,0,0,0,0,0,0,0,0,0,0,0,0,1,0,0,0,0,0,0,0
PolyORBNT-COL-S10J40,13,NONE,NONE,3.1e-05,0.02816,0.294067,0.0,131532,FALSE,0,48,38,48,38,855,2230,755,2140,42,634,10,0,0,0,0,0,0,0,0,0,0,0,0,0,0,0,0,0,0,0,0,0,0,0
PolyORBNT-COL-S10J40,14,FALSE,NONE,3e-05,0.025006,0.003789,0.0,12044,TRUE,0,48,38,48,38,855,2230,0,0,0,0,0,0,0,0,0,0,1,0,0,0,0,0,0,0,0,0,0,0,0,0,0,0,0,0
PolyORBNT-COL-S10J40,15,TRUE,NONE,2.5e-05,0.025645,0.21263,0.21894,12772,FALSE,0,48,38,48,38,855,2230,757,2142,42,622,10,0,0,0,0,0,0,0,0,0,0,0,0,0,0,0,0,0,0,0,0,0,0,0
PolyORBNT-COL-S10J40,16,NONE,NONE,3e-05,0.026677,0.206208,0.0,68188,FALSE,0,48,38,48,38,855,2230,757,2142,41,621,10,0,0,0,0,0,0,0,0,0,0,0,0,0,0,0,0,0,0,0,0,0,0,0
PolyORBNT-COL-S10J60,1,FALSE,NONE,2.6e-05,0.033386,0.307434,0.394483,12580,FALSE,0,48,38,48,38,1237,2810,1096,2680,2,1116,11,0,0,0,0,0,0,0,0,0,0,0,0,0,0,0,0,0,0,0,0,0,0,0
PolyORBNT-COL-S10J60,2,FALSE,NONE,2.7e-05,0.031837,0.302764,0.465863,14204,FALSE,0,48,38,48,38,1237,2810,1096,2680,2,1116,11,0,0,0,0,0,0,0,0,0,0,0,0,0,0,0,0,0,0,0,0,0,0,0
PolyORBNT-COL-S10J60,3,FALSE,NONE,2.4e-05,0.033872,0.2929,0.536427,13740,FALSE,0,48,38,48,38,1237,2810,1096,2680,2,1116,11,0,0,0,0,0,0,0,0,0,0,0,0,0,0,0,0,0,0,0,0,0,0,0
PolyORBNT-COL-S10J60,4,FALSE,NONE,2.4e-05,0.036117,0.292054,0.456771,14236,FALSE,0,48,38,48,38,1237,2810,1097,2681,2,506,11,0,0,0,0,0,0,0,0,0,0,0,0,0,0,0,0,0,0,0,0,0,0,0
PolyORBNT-COL-S10J60,5,FALSE,NONE,2.3e-05,0.031751,0.304637,0.437952,13688,FALSE,0,48,38,48,38,1237,2810,1096,2680,2,1116,11,0,0,0,0,0,0,0,0,0,0,0,0,0,0,0,0,0,0,0,0,0,0,0
PolyORBNT-COL-S10J60,6,FALSE,NONE,2.4e-05,0.03106,0.298866,0.237674,13836,FALSE,0,48,38,48,38,1237,2810,1221,2805,1,623,11,0,0,0,0,0,0,0,0,0,0,0,0,0,0,0,0,0,0,0,0,0,0,0
PolyORBNT-COL-S10J60,7,FALSE,NONE,2.7e-05,0.032872,0.27778,0.454029,14132,FALSE,0,48,38,48,38,1237,2810,1219,2803,2,746,11,0,0,0,0,0,0,0,0,0,0,0,0,0,0,0,0,0,0,0,0,0,0,0
PolyORBNT-COL-S10J60,8,TRUE,NONE,2.8e-05,0.031225,0.004594,0.0,14004,TRUE,0,48,38,48,38,1237,2810,0,0,0,0,0,0,0,0,0,0,1,0,0,0,0,0,0,0,0,0,0,0,0,0,0,0,0,0
PolyORBNT-COL-S10J60,9,FALSE,NONE,2.6e-05,0.031993,0.004253,0.0,12768,TRUE,0,48,38,48,38,1237,2810,0,0,0,0,0,0,0,0,0,0,1,0,0,0,0,0,0,0,0,0,0,0,0,0,0,0,0,0
PolyORBNT-COL-S10J60,10,FALSE,NONE,2.6e-05,0.032199,0.30312,0.354229,14992,FALSE,0,48,38,48,38,1237,2810,1097,2681,2,1115,11,0,0,0,0,0,0,0,0,0,0,0,0,0,0,0,0,0,0,0,0,0,0,0
PolyORBNT-COL-S10J60,11,TRUE,NONE,2.5e-05,0.033686,0.342152,0.487963,13264,FALSE,0,48,38,48,38,1237,2810,1097,2681,1,994,11,0,0,0,0,0,0,0,0,0,0,0,0,0,0,0,0,0,0,0,0,0,0,0
PolyORBNT-COL-S10J60,12,FALSE,NONE,2.8e-05,0.036234,0.234339,0.951864,14472,FALSE,0,48,38,48,38,1237,2810,1099,2683,1,983,11,0,0,0,0,0,0,0,0,0,0,0,0,0,0,0,0,0,0,0,0,0,0,0
PolyORBNT-COL-S10J60,13,TRUE,NONE,2.6e-05,0.032445,0.314719,0.437922,13264,FALSE,0,48,38,48,38,1237,2810,1097,2681,1,994,11,0,0,0,0,0,0,0,0,0,0,0,0,0,0,0,0,0,0,0,0,0,0,0
PolyORBNT-COL-S10J60,14,FALSE,NONE,2.8e-05,0.032666,0.004304,0.0,12768,TRUE,0,48,38,48,38,1237,2810,0,0,0,0,0,0,0,0,0,0,1,0,0,0,0,0,0,0,0,0,0,0,0,0,0,0,0,0
PolyORBNT-COL-S10J60,15,FALSE,NONE,2.6e-05,0.032475,0.292274,0.008155,12968,FALSE,0,48,38,48,38,1237,2810,1107,2681,2,1112,1,0,0,0,0,0,0,0,0,0,0,0,0,0,0,0,0,0,0,0,0,0,0,0
PolyORBNT-COL-S10J60,16,FALSE,NONE,2.6e-05,0.03108,0.308676,0.445016,14196,FALSE,0,48,38,48,38,1237,2810,1096,2680,2,1116,11,0,0,0,0,0,0,0,0,0,0,0,0,0,0,0,0,0,0,0,0,0,0,0
PolyORBNT-COL-S10J80,1,TRUE,NONE,3.2e-05,0.039688,0.30041,0.102689,15108,FALSE,0,48,38,48,38,1616,3390,1600,3384,1,256,10,0,0,0,0,0,0,0,0,0,0,0,0,0,0,0,0,0,0,0,0,0,0,0
PolyORBNT-COL-S10J80,2,TRUE,NONE,2.7e-05,0.041031,0.322394,0.110693,15228,FALSE,0,48,38,48,38,1616,3390,1600,3384,1,259,10,0,0,0,0,0,0,0,0,0,0,0,0,0,0,0,0,0,0,0,0,0,0,0
PolyORBNT-COL-S10J80,3,NONE,NONE,2.7e-05,0.038373,0.287603,0.0,52200,FALSE,0,48,38,48,38,1616,3390,1598,3382,1,264,10,0,0,0,0,0,0,0,0,0,0,0,0,0,0,0,0,0,0,0,0,0,0,0
PolyORBNT-COL-S10J80,4,FALSE,NONE,2.5e-05,0.037721,0.225193,0.794305,14804,FALSE,0,48,38,48,38,1616,3390,1612,3386,1,3,0,0,0,0,0,0,0,0,0,0,0,0,0,0,0,0,0,0,0,0,0,0,0,0
PolyORBNT-COL-S10J80,5,FALSE,NONE,2.5e-05,0.047796,0.285882,26.9999,52604,FALSE,0,48,38,48,38,1616,3390,1598,3382,1,264,10,0,0,0,0,0,0,0,0,0,0,0,0,0,0,0,0,0,0,0,0,0,0,0
PolyORBNT-COL-S10J80,6,TRUE,NONE,2.7e-05,0.039144,0.264087,0.015428,16408,FALSE,0,48,38,48,38,1616,3390,1603,3387,1,8,10,0,0,0,0,0,0,0,0,0,0,0,0,0,0,0,0,0,0,0,0,0,0,0
PolyORBNT-COL-S10J80,7,NONE,NONE,2.1e-05,0.038838,0.403129,0.0,98640,FALSE,0,48,38,48,38,1616,3390,1601,3385,1,251,10,0,0,0,0,0,0,0,0,0,0,0,0,0,0,0,1,0,0,0,0,0,0,0
PolyORBNT-COL-S10J80,8,TRUE,NONE,2.6e-05,0.039003,0.406104,0.022006,16356,FALSE,0,48,38,48,38,1616,3390,1601,3385,1,248,10,0,0,0,0,0,0,0,0,0,0,0,0,0,0,0,1,0,0,0,0,0,0,0
PolyORBNT-COL-S10J80,9,NONE,NONE,2.6e-05,0.037345,0.29285,0.0,56780,FALSE,0,48,38,48,38,1616,3390,1600,3384,1,262,10,0,0,0,0,0,0,0,0,0,0,0,0,0,0,0,0,0,0,0,0,0,0,0
PolyORBNT-COL-S10J80,10,FALSE,NONE,2.8e-05,0.03993,0.199138,0.268566,16608,FALSE,0,48,38,48,38,1616,3390,1613,3387,1,2,0,0,0,0,0,0,0,0,0,0,0,0,0,0,0,0,0,0,0,0,0,0,0,0
PolyORBNT-COL-S10J80,11,NONE,NONE,2.6e-05,0.038855,0.29629,0.0,110744,FALSE,0,48,38,48,38,1616,3390,1598,3382,1,264,10,0,0,0,0,0,0,0,0,0,0,0,0,0,0,0,0,0,0,0,0,0,0,0
PolyORBNT-COL-S10J80,12,FALSE,NONE,2.6e-05,0.038927,0.404832,0.01548,16340,FALSE,0,48,38,48,38,1616,3390,1600,3384,1,246,10,0,0,0,0,0,0,0,0,0,0,0,0,0,0,0,1,0,0,0,0,0,0,0
PolyORBNT-COL-S10J80,13,NONE,NONE,2.6e-05,0.038878,0.259105,0.0,99128,FALSE,0,48,38,48,38,1616,3390,1604,3388,1,1,10,0,0,0,0,0,0,0,0,0,0,0,0,0,0,0,0,0,0,0,0,0,0,0
PolyORBNT-COL-S10J80,14,NONE,NONE,2.4e-05,0.037499,0.376985,0.0,49076,FALSE,0,48,38,48,38,1616,3390,1610,3384,1,255,0,0,0,0,0,0,0,0,0,0,0,0,0,0,0,0,1,0,0,0,0,0,0,0
PolyORBNT-COL-S10J80,15,TRUE,NONE,2.8e-05,0.04073,0.290861,0.008509,15860,FALSE,0,48,38,48,38,1616,3390,1600,3384,1,247,10,0,0,0,0,0,0,0,0,0,0,0,0,0,0,0,0,0,0,0,0,0,0,0
PolyORBNT-COL-S10J80,16,TRUE,NONE,3.2e-05,0.043785,0.280327,0.405829,17364,FALSE,0,48,38,48,38,1616,3390,1598,3382,1,264,10,0,0,0,0,0,0,0,0,0,0,0,0,0,0,0,0,0,0,0,0,0,0,0
QuasiCertifProtocol-COL-02,1,FALSE,NONE,5e-05,0.000679,0.000106,0.0,4904,TRUE,0,30,26,30,26,78,56,0,0,0,0,0,0,0,0,0,0,1,0,0,0,0,0,0,0,0,0,0,0,0,0,0,0,0,0
QuasiCertifProtocol-COL-02,2,TRUE,NONE,3.9e-05,0.000638,0.00098,0.002968,7004,FALSE,0,30,26,30,26,78,56,54,38,1,2,1,3,0,0,0,0,1,0,0,0,0,0,0,0,0,0,6,0,0,0,0,0,0,0
QuasiCertifProtocol-COL-02,3,FALSE,NONE,3.9e-05,0.000702,0.000112,0.0,4588,TRUE,0,30,26,30,26,78,56,0,0,0,0,0,0,0,0,0,0,1,0,0,0,0,0,0,0,0,0,0,0,0,0,0,0,0,0
QuasiCertifProtocol-COL-02,4,TRUE,NONE,5.6e-05,0.000692,0.000878,0.002778,6740,FALSE,0,30,26,30,26,78,56,54,38,1,2,1,3,0,0,0,0,1,0,0,0,0,0,0,0,0,0,6,0,0,0,0,0,0,0
QuasiCertifProtocol-COL-02,5,FALSE,NONE,4.5e-05,0.000696,0.000913,0.002509,6740,FALSE,0,30,26,30,26,78,56,51,32,1,2,1,3,0,0,0,0,1,0,0,0,0,0,0,0,0,0,9,0,0,0,0,0,0,0
QuasiCertifProtocol-COL-02,6,FALSE,NONE,4.9e-05,0.000667,0.000199,0.0,4588,TRUE,0,30,26,30,26,78,56,0,0,0,0,0,0,0,0,0,0,1,0,0,0,0,0,0,0,0,0,0,0,0,0,0,0,0,0
QuasiCertifProtocol-COL-02,7,FALSE,NONE,5.4e-05,0.000659,0.0001,0.0,4584,TRUE,0,30,26,30,26,78,56,0,0,0,0,0,0,0,0,0,0,1,0,0,0,0,0,0,0,0,0,0,0,0,0,0,0,0,0
QuasiCertifProtocol-COL-02,8,TRUE,NONE,4.3e-05,0.000718,0.000107,0.0,4584,TRUE,0,30,26,30,26,78,56,0,0,0,0,0,0,0,0,0,0,1,0,0,0,0,0,0,0,0,0,0,0,0,0,0,0,0,0
QuasiCertifProtocol-COL-02,9,FALSE,NONE,5.7e-05,0.000712,8.5e-05,0.0,4588,TRUE,0,30,26,30,26,78,56,0,0,0,0,0,0,0,0,0,0,1,0,0,0,0,0,0,0,0,0,0,0,0,0,0,0,0,0
QuasiCertifProtocol-COL-02,10,FALSE,NONE,5.2e-05,0.000669,0.000844,0.002316,6736,FALSE,0,30,26,30,26,78,56,56,40,1,1,1,1,0,1,0,0,1,0,0,0,0,0,0,0,0,0,3,0,0,0,0,0,0,0
QuasiCertifProtocol-COL-02,11,FALSE,NONE,4.3e-05,0.000676,0.000112,0.0,4584,TRUE,0,30,26,30,26,78,56,0,0,0,0,0,0,0,0,0,0,1,0,0,0,0,0,0,0,0,0,0,0,0,0,0,0,0,0
QuasiCertifProtocol-COL-02,12,FALSE,NONE,6.5e-05,0.000629,8.8e-05,0.0,4584,TRUE,0,30,26,30,26,78,56,0,0,0,0,0,0,0,0,0,0,1,0,0,0,0,0,0,0,0,0,0,0,0,0,0,0,0,0
QuasiCertifProtocol-COL-02,13,TRUE,NONE,5.3e-05,0.000687,0.000111,0.0,4584,TRUE,0,30,26,30,26,78,56,0,0,0,0,0,0,0,0,0,0,1,0,0,0,0,0,0,0,0,0,0,0,0,0,0,0,0,0
QuasiCertifProtocol-COL-02,14,FALSE,NONE,5.6e-05,0.000641,8.9e-05,0.0,4584,TRUE,0,30,26,30,26,78,56,0,0,0,0,0,0,0,0,0,0,1,0,0,0,0,0,0,0,0,0,0,0,0,0,0,0,0,0
QuasiCertifProtocol-COL-02,15,FALSE,NONE,3.6e-05,0.000657,0.000107,0.0,4584,TRUE,0,30,26,30,26,78,56,0,0,0,0,0,0,0,0,0,0,1,0,0,0,0,0,0,0,0,0,0,0,0,0,0,0,0,0
QuasiCertifProtocol-COL-02,16,FALSE,NONE,4.8e-05,0.000667,9.8e-05,0.0,4584,TRUE,0,30,26,30,26,78,56,0,0,0,0,0,0,0,0,0,0,1,0,0,0,0,0,0,0,0,0,0,0,0,0,0,0,0,0
QuasiCertifProtocol-COL-06,1,TRUE,NONE,4.5e-05,0.001474,0.000986,0.003375,7360,FALSE,0,30,26,30,26,242,116,56,54,1,1,0,1,42,1,0,0,1,0,0,0,128,0,0,0,0,0,0,0,0,0,0,0,0,0
QuasiCertifProtocol-COL-06,2,FALSE,NONE,4.8e-05,0.001614,0.000721,0.003092,7364,FALSE,0,30,26,30,26,242,116,122,57,1,0,0,0,56,0,0,0,1,0,0,0,369,0,0,0,0,0,0,0,0,0,0,0,0,0
QuasiCertifProtocol-COL-06,3,TRUE,NONE,5.2e-05,0.001515,0.000626,0.002241,7152,FALSE,0,30,26,30,26,242,116,17,9,1,1,0,1,8,0,0,0,1,0,0,0,16,0,0,0,8,0,0,0,0,0,0,0,0,0
QuasiCertifProtocol-COL-06,4,FALSE,NONE,5.2e-05,0.001648,0.000225,0.0,5388,TRUE,0,30,26,30,26,242,116,0,0,0,0,0,0,0,0,0,0,1,0,0,0,0,0,0,0,0,0,0,0,0,0,0,0,0,0
QuasiCertifProtocol-COL-06,5,FALSE,NONE,6.4e-05,0.001596,0.001935,0.002502,7360,FALSE,0,30,26,30,26,242,116,23,14,1,2,0,14,42,17,2,0,1,0,0,0,257,0,0,0,0,0,21,0,0,0,0,0,0,0
QuasiCertifProtocol-COL-06,6,TRUE,NONE,5.3e-05,0.001515,0.000984,0.002611,7152,FALSE,0,30,26,30,26,242,116,20,12,1,0,0,1,7,15,7,0,1,0,0,0,14,0,0,0,7,0,1,0,0,0,0,0,0,0
QuasiCertifProtocol-COL-06,7,FALSE,NONE,5e-05,0.001614,0.000676,0.030313,7360,FALSE,0,30,26,30,26,242,116,91,24,1,1,0,1,28,21,7,0,1,0,0,0,399,0,0,0,0,0,0,0,0,0,0,0,0,0
QuasiCertifProtocol-COL-06,8,TRUE,NONE,5.1e-05,0.001572,0.001599,0.002463,7364,FALSE,0,30,26,30,26,242,116,139,24,0,2,0,14,42,16,1,0,1,0,0,0,1610,0,0,0,0,0,14,0,0,0,0,0,0,0
QuasiCertifProtocol-COL-06,9,TRUE,NONE,5.5e-05,0.001546,0.000941,0.0026,7152,FALSE,0,30,26,30,26,242,116,32,17,1,1,0,0,8,0,0,0,1,0,0,0,16,0,0,0,8,0,1,0,0,0,0,0,0,0
QuasiCertifProtocol-COL-06,10,TRUE,NONE,5e-05,0.0016,0.000219,0.0,5376,TRUE,0,30,26,30,26,242,116,0,0,0,0,0,0,0,0,0,0,1,0,0,0,0,0,0,0,0,0,0,0,0,0,0,0,0,0
QuasiCertifProtocol-COL-06,11,TRUE,NONE,4.9e-05,0.001517,0.000547,0.0024,7360,FALSE,0,30,26,30,26,242,116,31,22,1,0,0,0,0,0,0,0,1,0,0,0,0,0,0,0,0,0,1,0,0,0,0,0,0,0
QuasiCertifProtocol-COL-06,12,TRUE,NONE,5.6e-05,0.002063,0.001299,0.002817,7236,FALSE,0,30,26,30,26,242,116,127,53,0,1,0,1,56,1,0,0,1,0,0,0,603,0,0,0,0,0,1,0,0,0,0,0,0,0
QuasiCertifProtocol-COL-06,13,TRUE,NONE,3.8e-05,0.001622,0.000677,0.002585,7156,FALSE,0,30,26,30,26,242,116,17,9,1,1,0,1,8,0,0,0,1,0,0,0,16,0,0,0,8,0,0,0,0,0,0,0,0,0
QuasiCertifProtocol-COL-06,14,TRUE,NONE,4.4e-05,0.001463,0.000864,0.002351,7364,FALSE,0,30,26,30,26,242,116,56,0,0,0,0,0,42,48,26,0,1,0,0,0,1194,0,0,0,0,0,0,0,0,0,0,0,0,0
QuasiCertifProtocol-COL-06,15,TRUE,NONE,5.2e-05,0.001552,0.00024,0.0,5388,TRUE,0,30,26,30,26,242,116,0,0,0,0,0,0,0,0,0,0,1,0,0,0,0,0,0,0,0,0,0,0,0,0,0,0,0,0
QuasiCertifProtocol-COL-06,16,FALSE,NONE,3.4e-05,0.001481,0.0003,0.0,5416,TRUE,0,30,26,30,26,242,116,0,0,0,0,0,0,0,0,0,0,1,0,0,0,0,0,0,0,0,0,0,0,0,0,0,0,0,0
QuasiCertifProtocol-COL-10,1,NONE,NONE,4.9e-05,0.002827,0.009099,0.0,117660,FALSE,0,30,26,30,26,501,176,371,159,1,0,0,1,0,1,0,0,1,1,0,0,1,0,0,0,0,0,1,0,0,0,0,0,0,0
QuasiCertifProtocol-COL-10,2,FALSE,NONE,5.2e-05,0.003318,0.00237,0.004233,7668,FALSE,0,30,26,30,26,501,176,348,82,0,12,0,0,0,0,0,0,1,1,0,0,1,0,0,0,0,0,0,0,0,0,0,0,0,0
QuasiCertifProtocol-COL-10,3,FALSE,NONE,4.5e-05,0.00286,0.000384,0.0,5964,TRUE,0,30,26,30,26,501,176,0,0,0,0,0,0,0,0,0,0,1,0,0,0,0,0,0,0,0,0,0,0,0,0,0,0,0,0
QuasiCertifProtocol-COL-10,4,TRUE,NONE,5e-05,0.002958,0.008435,0.008374,7668,FALSE,0,30,26,30,26,501,176,357,134,1,2,0,11,0,0,0,0,1,1,0,0,2,0,0,0,0,0,22,0,0,0,0,0,0,0
QuasiCertifProtocol-COL-10,5,TRUE,NONE,5.4e-05,0.003143,0.007891,0.005135,7664,FALSE,0,30,26,30,26,501,176,236,123,1,2,0,11,0,121,0,0,1,1,0,0,2,0,0,0,0,0,11,0,0,0,0,0,0,0
QuasiCertifProtocol-COL-10,6,TRUE,NONE,5e-05,0.003061,0.003471,0.003133,7984,FALSE,0,30,26,30,26,501,176,323,69,1,12,0,0,12,0,0,0,1,1,0,0,25,0,0,0,12,0,0,0,0,0,0,0,0,0
QuasiCertifProtocol-COL-10,7,NONE,NONE,5.5e-05,0.002998,0.007704,0.0,121800,FALSE,0,30,26,30,26,501,176,471,128,1,0,0,23,0,0,0,0,1,0,0,0,0,0,0,0,0,0,46,0,0,0,0,0,0,0
QuasiCertifProtocol-COL-10,8,TRUE,NONE,5.4e-05,0.003038,0.007456,0.004092,7664,FALSE,0,30,26,30,26,501,176,225,101,1,2,0,22,0,121,0,0,1,1,0,0,2,0,0,0,0,0,33,0,0,0,0,0,0,0
QuasiCertifProtocol-COL-10,9,TRUE,NONE,5.2e-05,0.003072,0.000382,0.0,5520,TRUE,0,30,26,30,26,501,176,0,0,0,0,0,0,0,0,0,0,1,0,0,0,0,0,0,0,0,0,0,0,0,0,0,0,0,0
QuasiCertifProtocol-COL-10,10,FALSE,NONE,5.1e-05,0.002871,0.000441,0.0,6032,TRUE,0,30,26,30,26,501,176,0,0,0,0,0,0,0,0,0,0,1,0,0,0,0,0,0,0,0,0,0,0,0,0,0,0,0,0
QuasiCertifProtocol-COL-10,11,TRUE,NONE,5.3e-05,0.003214,0.004205,0.003909,7988,FALSE,0,30,26,30,26,501,176,311,56,1,2,0,0,12,0,0,0,1,1,0,0,25,0,0,0,12,0,11,0,0,0,0,0,0,0
QuasiCertifProtocol-COL-10,12,FALSE,NONE,5.3e-05,0.003114,0.004992,0.003478,7984,FALSE,0,30,26,30,26,501,176,447,69,1,12,0,0,11,0,0,0,1,0,0,0,22,0,0,0,11,0,12,0,0,0,0,0,0,0
QuasiCertifProtocol-COL-10,13,TRUE,NONE,5.5e-05,0.002912,0.00035,0.0,5520,TRUE,0,30,26,30,26,501,176,0,0,0,0,0,0,0,0,0,0,1,0,0,0,0,0,0,0,0,0,0,0,0,0,0,0,0,0
QuasiCertifProtocol-COL-10,14,FALSE,NONE,4.6e-05,0.003185,0.000429,0.0,5900,TRUE,0,30,26,30,26,501,176,0,0,0,0,0,0,0,0,0,0,1,0,0,0,0,0,0,0,0,0,0,0,0,0,0,0,0,0
QuasiCertifProtocol-COL-10,15,TRUE,NONE,5.3e-05,0.003122,0.008097,0.004547,7664,FALSE,0,30,26,30,26,501,176,236,123,1,2,0,11,0,121,0,0,1,1,0,0,2,0,0,0,0,0,11,0,0,0,0,0,0,0
QuasiCertifProtocol-COL-10,16,TRUE,NONE,5e-05,0.003268,0.001501,0.002825,7720,FALSE,0,30,26,30,26,501,176,47,34,1,1,0,0,12,0,0,0,1,0,0,0,24,0,0,0,12,0,1,0,0,0,0,0,0,0
QuasiCertifProtocol-COL-18,1,FALSE,NONE,4.8e-05,0.007678,0.001003,0.0,7560,TRUE,0,30,26,30,26,1310,296,0,0,0,0,0,0,0,0,0,0,1,0,0,0,0,0,0,0,0,0,0,0,0,0,0,0,0,0
QuasiCertifProtocol-COL-18,2,TRUE,NONE,4.6e-05,0.006873,0.00211,0.003564,8868,FALSE,0,30,26,30,26,1310,296,79,58,1,0,0,0,0,0,0,0,1,0,0,0,0,0,0,0,0,0,1,0,0,0,0,0,0,0
QuasiCertifProtocol-COL-18,3,FALSE,NONE,4.8e-05,0.006941,0.01854,0.011357,8956,FALSE,0,30,26,30,26,1310,296,917,230,1,2,0,0,0,0,0,0,1,1,0,0,1,0,0,0,0,0,19,0,0,0,0,0,0,0
QuasiCertifProtocol-COL-18,4,TRUE,NONE,4.3e-05,0.007514,0.003098,0.004034,8600,FALSE,0,30,26,30,26,1310,296,99,79,1,1,0,0,20,0,0,0,1,0,0,0,40,0,0,0,20,0,0,0,0,0,0,0,0,0
QuasiCertifProtocol-COL-18,5,TRUE,NONE,4e-05,0.007173,0.003404,0.00288,8396,FALSE,0,30,26,30,26,1310,296,3,2,1,0,0,1,19,39,19,0,1,0,0,0,38,0,0,0,19,0,1,0,0,0,0,0,0,0
QuasiCertifProtocol-COL-18,6,TRUE,NONE,5.5e-05,0.007835,0.019973,0.013017,8124,FALSE,0,30,26,30,26,1310,296,917,230,1,2,0,0,0,0,0,0,1,1,0,0,1,0,0,0,0,0,19,0,0,0,0,0,0,0
QuasiCertifProtocol-COL-18,7,FALSE,NONE,3.1e-05,0.00732,0.019462,0.020922,9168,FALSE,0,30,26,30,26,1310,296,937,269,1,1,0,0,0,0,0,0,1,0,0,0,0,0,0,0,0,0,1,0,0,0,0,0,0,0
QuasiCertifProtocol-COL-18,8,FALSE,NONE,5.2e-05,0.007042,0.024289,0.036094,8136,FALSE,0,30,26,30,26,1310,296,1261,230,1,2,0,19,0,0,0,0,1,1,0,0,0,0,0,0,0,0,76,0,0,0,0,0,0,0
QuasiCertifProtocol-COL-18,9,TRUE,NONE,5.1e-05,0.007185,0.009155,0.006665,8344,FALSE,0,30,26,30,26,1310,296,1263,139,1,19,0,0,0,0,0,0,1,0,0,0,0,0,0,0,0,0,20,0,0,0,0,0,0,0
QuasiCertifProtocol-COL-18,10,NONE,NONE,4.9e-05,0.007364,0.021445,0.0,64808,FALSE,0,30,26,30,26,1310,296,1301,289,1,1,0,0,0,0,0,0,1,0,0,0,0,0,0,0,0,0,1,0,0,0,0,0,0,0
QuasiCertifProtocol-COL-18,11,NONE,NONE,3.8e-05,0.007258,0.008847,0.0,170084,FALSE,0,30,26,30,26,1310,296,1304,295,0,0,0,0,0,0,0,0,1,0,0,0,0,0,0,0,0,0,0,0,0,0,0,0,0,0
QuasiCertifProtocol-COL-18,12,TRUE,NONE,6e-05,0.007429,0.025215,0.013086,8600,FALSE,0,30,26,30,26,1310,296,1262,232,1,1,0,19,0,0,0,0,1,1,0,0,0,0,0,0,0,0,76,0,0,0,0,0,0,0
QuasiCertifProtocol-COL-18,13,FALSE,NONE,4.8e-05,0.007181,0.018772,0.014629,9016,FALSE,0,30,26,30,26,1310,296,1301,289,1,1,0,0,0,0,0,0,1,0,0,0,0,0,0,0,0,0,1,0,0,0,0,0,0,0
QuasiCertifProtocol-COL-18,14,TRUE,NONE,6.5e-05,0.005836,0.006924,0.005757,8180,FALSE,0,30,26,30,26,1310,296,858,115,1,21,0,0,20,0,0,0,1,0,0,0,40,0,0,0,20,0,0,0,0,0,0,0,0,0
QuasiCertifProtocol-COL-18,15,FALSE,NONE,4.5e-05,0.00573,0.0091,0.007183,8932,FALSE,0,30,26,30,26,1310,296,858,115,1,21,0,0,20,0,0,0,1,0,0,0,40,0,0,0,20,0,0,0,0,0,0,0,0,0
QuasiCertifProtocol-COL-18,16,TRUE,NONE,5.3e-05,0.007309,0.023113,0.030982,8424,FALSE,0,30,26,30,26,1310,296,918,230,1,2,0,19,0,0,0,0,1,0,0,0,0,0,0,0,0,0,38,0,0,0,0,0,0,0
QuasiCertifProtocol-COL-22,1,FALSE,NONE,4.5e-05,0.00951,0.001176,0.0,7984,TRUE,0,30,26,30,26,1857,356,0,0,0,0,0,0,0,0,0,0,1,0,0,0,0,0,0,0,0,0,0,0,0,0,0,0,0,0
QuasiCertifProtocol-COL-22,2,FALSE,NONE,5.1e-05,0.009587,0.001202,0.0,7984,TRUE,0,30,26,30,26,1857,356,0,0,0,0,0,0,0,0,0,0,1,0,0,0,0,0,0,0,0,0,0,0,0,0,0,0,0,0
QuasiCertifProtocol-COL-22,3,TRUE,NONE,5.1e-05,0.00969,0.001142,0.0,7988,TRUE,0,30,26,30,26,1857,356,0,0,0,0,0,0,0,0,0,0,1,0,0,0,0,0,0,0,0,0,0,0,0,0,0,0,0,0
QuasiCertifProtocol-COL-22,4,FALSE,NONE,3.9e-05,0.009584,0.001109,0.0,7984,TRUE,0,30,26,30,26,1857,356,0,0,0,0,0,0,0,0,0,0,1,0,0,0,0,0,0,0,0,0,0,0,0,0,0,0,0,0
QuasiCertifProtocol-COL-22,5,FALSE,NONE,3.9e-05,0.009681,0.001173,0.0,7984,TRUE,0,30,26,30,26,1857,356,0,0,0,0,0,0,0,0,0,0,1,0,0,0,0,0,0,0,0,0,0,0,0,0,0,0,0,0
QuasiCertifProtocol-COL-22,6,FALSE,NONE,4.5e-05,0.009408,0.001353,0.0,7984,TRUE,0,30,26,30,26,1857,356,0,0,0,0,0,0,0,0,0,0,1,0,0,0,0,0,0,0,0,0,0,0,0,0,0,0,0,0
QuasiCertifProtocol-COL-22,7,TRUE,NONE,5.3e-05,0.009641,0.001224,0.0,7984,TRUE,0,30,26,30,26,1857,356,0,0,0,0,0,0,0,0,0,0,1,0,0,0,0,0,0,0,0,0,0,0,0,0,0,0,0,0
QuasiCertifProtocol-COL-22,8,FALSE,NONE,4.6e-05,0.009622,0.001152,0.0,7984,TRUE,0,30,26,30,26,1857,356,0,0,0,0,0,0,0,0,0,0,1,0,0,0,0,0,0,0,0,0,0,0,0,0,0,0,0,0
QuasiCertifProtocol-COL-22,9,TRUE,NONE,4.7e-05,0.009746,0.001252,0.0,8416,TRUE,0,30,26,30,26,1857,356,0,0,0,0,0,0,0,0,0,0,1,0,0,0,0,0,0,0,0,0,0,0,0,0,0,0,0,0
QuasiCertifProtocol-COL-22,10,TRUE,NONE,5.2e-05,0.011643,0.001491,0.0,7984,TRUE,0,30,26,30,26,1857,356,0,0,0,0,0,0,0,0,0,0,1,0,0,0,0,0,0,0,0,0,0,0,0,0,0,0,0,0
QuasiCertifProtocol-COL-22,11,FALSE,NONE,4.1e-05,0.012497,0.001133,0.0,7988,TRUE,0,30,26,30,26,1857,356,0,0,0,0,0,0,0,0,0,0,1,0,0,0,0,0,0,0,0,0,0,0,0,0,0,0,0,0
QuasiCertifProtocol-COL-22,12,TRUE,NONE,9e-05,0.009833,0.001322,0.0,7984,TRUE,0,30,26,30,26,1857,356,0,0,0,0,0,0,0,0,0,0,1,0,0,0,0,0,0,0,0,0,0,0,0,0,0,0,0,0
QuasiCertifProtocol-COL-22,13,FALSE,NONE,5.7e-05,0.011515,0.001386,0.0,7984,TRUE,0,30,26,30,26,1857,356,0,0,0,0,0,0,0,0,0,0,1,0,0,0,0,0,0,0,0,0,0,0,0,0,0,0,0,0
QuasiCertifProtocol-COL-22,14,FALSE,NONE,8.5e-05,0.011807,0.001456,0.0,7984,TRUE,0,30,26,30,26,1857,356,0,0,0,0,0,0,0,0,0,0,1,0,0,0,0,0,0,0,0,0,0,0,0,0,0,0,0,0
QuasiCertifProtocol-COL-22,15,FALSE,NONE,4.8e-05,0.009579,0.001259,0.0,8336,TRUE,0,30,26,30,26,1857,356,0,0,0,0,0,0,0,0,0,0,1,0,0,0,0,0,0,0,0,0,0,0,0,0,0,0,0,0
QuasiCertifProtocol-COL-22,16,TRUE,NONE,5.6e-05,0.014698,0.001498,0.0,7984,TRUE,0,30,26,30,26,1857,356,0,0,0,0,0,0,0,0,0,0,1,0,0,0,0,0,0,0,0,0,0,0,0,0,0,0,0,0
QuasiCertifProtocol-COL-28,1,TRUE,NONE,4.8e-05,0.016327,0.043948,0.112406,10828,FALSE,0,30,26,30,26,2859,446,2762,235,1,0,0,0,29,0,0,0,1,1,0,0,58,0,0,0,29,0,30,0,0,0,0,0,0,0
QuasiCertifProtocol-COL-28,2,TRUE,NONE,5.4e-05,0.016425,0.022237,0.015462,10044,FALSE,0,30,26,30,26,2859,446,1895,210,1,0,0,0,29,0,0,0,1,1,0,0,58,0,0,0,29,0,0,0,0,0,0,0,0,0
QuasiCertifProtocol-COL-28,3,NONE,NONE,3.1e-05,0.016684,0.044485,0.0,64580,FALSE,0,30,26,30,26,2859,446,1981,326,0,0,0,29,0,0,0,0,1,0,0,0,0,0,0,0,0,0,58,0,0,0,0,0,0,0
QuasiCertifProtocol-COL-28,4,FALSE,NONE,3.8e-05,0.014898,0.027404,0.057711,11708,FALSE,0,30,26,30,26,2859,446,2009,383,1,0,0,0,0,0,0,0,1,0,0,0,0,0,0,0,0,0,0,0,0,0,0,0,0,0
QuasiCertifProtocol-COL-28,5,TRUE,NONE,4.6e-05,0.014683,0.029195,0.015853,9808,FALSE,0,30,26,30,26,2859,446,1892,206,1,0,0,0,29,0,0,0,1,1,0,0,58,0,0,0,29,0,1,0,0,0,0,0,0,0
QuasiCertifProtocol-COL-28,6,NONE,NONE,5e-05,0.014977,0.019887,0.0,63504,FALSE,0,30,26,30,26,2859,446,2010,414,0,0,0,0,0,0,0,0,1,0,0,0,0,0,0,0,0,0,0,0,0,0,0,0,0,0
QuasiCertifProtocol-COL-28,7,TRUE,NONE,5.4e-05,0.014796,0.038538,0.047051,11236,FALSE,0,30,26,30,26,2859,446,2009,383,0,0,0,0,0,0,0,0,1,0,0,0,0,0,0,0,0,0,1,0,0,0,0,0,0,0
QuasiCertifProtocol-COL-28,8,NONE,NONE,3.9e-05,0.014904,0.045016,0.0,60552,FALSE,0,30,26,30,26,2859,446,1980,324,0,0,0,29,0,0,0,0,1,0,0,0,0,0,0,0,0,0,59,0,0,0,0,0,0,0
QuasiCertifProtocol-COL-28,9,TRUE,NONE,4.8e-05,0.016422,0.032903,0.02348,10420,FALSE,0,30,26,30,26,2859,446,1863,148,1,0,0,0,29,0,0,0,1,1,0,0,58,0,0,0,29,0,30,0,0,0,0,0,0,0
QuasiCertifProtocol-COL-28,10,NONE,NONE,4.9e-05,0.016522,0.040677,0.0,71872,FALSE,0,30,26,30,26,2859,446,1864,149,1,0,0,1,29,1,0,0,1,1,0,0,58,0,0,0,29,0,30,0,0,0,0,0,0,0
QuasiCertifProtocol-COL-28,11,NONE,NONE,5.2e-05,0.015343,0.055358,0.0,117252,FALSE,0,30,26,30,26,2859,446,1979,323,1,0,0,29,0,0,0,0,1,0,0,0,0,0,0,0,0,0,59,0,0,0,0,0,0,0
QuasiCertifProtocol-COL-28,12,FALSE,NONE,3.6e-05,0.014789,0.001838,0.0,10412,TRUE,0,30,26,30,26,2859,446,0,0,0,0,0,0,0,0,0,0,1,0,0,0,0,0,0,0,0,0,0,0,0,0,0,0,0,0
QuasiCertifProtocol-COL-28,13,NONE,NONE,3.9e-05,0.01469,0.059826,0.0,50776,FALSE,0,30,26,30,26,2859,446,2822,384,0,0,0,29,0,0,0,0,1,0,0,0,0,0,0,0,0,0,58,0,0,0,0,0,0,0
QuasiCertifProtocol-COL-28,14,TRUE,NONE,5e-05,0.014703,0.027586,0.014608,9976,FALSE,0,30,26,30,26,2859,446,1864,150,1,0,0,0,29,0,0,0,1,1,0,0,58,0,0,0,29,0,29,0,0,0,0,0,0,0
QuasiCertifProtocol-COL-28,15,TRUE,NONE,5.3e-05,0.012221,0.023766,0.012354,9712,FALSE,0,30,26,30,26,2859,446,1864,150,1,0,0,0,29,0,0,0,1,1,0,0,58,0,0,0,29,0,29,0,0,0,0,0,0,0
QuasiCertifProtocol-COL-28,16,FALSE,NONE,4.1e-05,0.016137,0.003622,0.004465,10084,FALSE,0,30,26,30,26,2859,446,63,34,0,0,0,1,0,59,29,0,1,1,0,0,0,0,0,0,0,0,0,0,0,0,0,0,0,0
QuasiCertifProtocol-COL-32,1,TRUE,NONE,4.6e-05,0.01927,0.064884,0.117985,12596,FALSE,0,30,26,30,26,3648,506,3639,501,0,0,0,0,0,0,0,0,1,0,0,0,0,0,0,0,0,0,1,0,0,0,0,0,0,0
QuasiCertifProtocol-COL-32,2,FALSE,NONE,5.2e-05,0.018764,0.064561,0.26404,12348,FALSE,0,30,26,30,26,3648,506,2548,464,1,1,0,0,0,0,0,0,1,0,0,0,0,0,0,0,0,0,1,0,0,0,0,0,0,0
QuasiCertifProtocol-COL-32,3,TRUE,NONE,4e-05,0.025253,0.002481,0.0,11792,TRUE,0,30,26,30,26,3648,506,0,0,0,0,0,0,0,0,0,0,1,0,0,0,0,0,0,0,0,0,0,0,0,0,0,0,0,0
QuasiCertifProtocol-COL-32,4,TRUE,NONE,5.3e-05,0.021123,0.002596,0.006504,11172,FALSE,0,30,26,30,26,3648,506,69,36,0,0,0,0,0,0,0,0,1,0,0,0,0,0,0,0,0,0,0,0,0,0,0,0,0,0
QuasiCertifProtocol-COL-32,5,NONE,NONE,5e-05,0.022984,0.044881,0.0,57532,FALSE,0,30,26,30,26,3648,506,2550,469,1,0,0,0,0,0,0,0,1,0,0,0,0,0,0,0,0,0,0,0,0,0,0,0,0,0
QuasiCertifProtocol-COL-32,6,TRUE,NONE,5.3e-05,0.022575,0.031463,0.034756,12252,FALSE,0,30,26,30,26,3648,506,3572,235,0,34,0,0,0,0,0,0,1,0,0,0,0,0,0,0,0,0,34,0,0,0,0,0,0,0
QuasiCertifProtocol-COL-32,7,TRUE,NONE,5.9e-05,0.018439,0.006004,0.005837,11172,FALSE,0,30,26,30,26,3648,506,136,69,1,1,0,0,34,0,0,0,1,0,0,0,68,0,0,0,34,0,0,0,0,0,0,0,0,0
QuasiCertifProtocol-COL-32,8,NONE,NONE,4.3e-05,0.018668,0.018372,0.0,41160,FALSE,0,30,26,30,26,3648,506,2483,237,0,0,0,0,0,0,0,0,1,0,0,0,0,0,0,0,0,0,1,0,0,0,0,0,0,0
QuasiCertifProtocol-COL-32,9,TRUE,NONE,3.8e-05,0.0147,0.005958,0.004432,11172,FALSE,0,30,26,30,26,3648,506,136,69,1,1,0,0,34,0,0,0,1,0,0,0,68,0,0,0,34,0,0,0,0,0,0,0,0,0
QuasiCertifProtocol-COL-32,10,FALSE,NONE,5.1e-05,0.018023,0.100167,0.042476,11348,FALSE,0,30,26,30,26,3648,506,1395,336,0,0,0,34,0,1090,0,0,1,0,0,0,0,0,0,0,0,0,67,0,0,0,0,0,0,0
QuasiCertifProtocol-COL-32,11,FALSE,NONE,0.000122,0.018127,0.081186,0.038861,11304,FALSE,0,30,26,30,26,3648,506,1393,334,1,0,0,33,0,1089,0,0,1,0,0,0,0,0,0,0,0,0,67,0,0,0,0,0,0,0
QuasiCertifProtocol-COL-32,12,TRUE,NONE,5.3e-05,0.019113,0.007147,0.005683,11176,FALSE,0,30,26,30,26,3648,506,70,36,1,0,0,0,33,0,0,0,1,0,0,0,66,0,0,0,33,0,1,0,0,0,0,0,0,0
QuasiCertifProtocol-COL-32,13,NONE,NONE,3.9e-05,0.018985,0.063462,0.0,135888,FALSE,0,30,26,30,26,3648,506,2549,466,1,0,0,0,0,0,0,0,1,0,0,0,0,0,0,0,0,0,1,0,0,0,0,0,0,0
QuasiCertifProtocol-COL-32,14,TRUE,NONE,4.6e-05,0.01844,0.005461,0.004251,11172,FALSE,0,30,26,30,26,3648,506,3,2,1,0,0,1,33,0,0,0,1,0,0,0,66,0,0,0,33,0,0,0,0,0,0,0,0,0
QuasiCertifProtocol-COL-32,15,TRUE,NONE,4.9e-05,0.018458,0.028755,0.020339,12044,FALSE,0,30,26,30,26,3648,506,1295,139,1,0,0,1,33,1,0,0,1,0,0,0,66,0,0,0,33,0,0,0,0,0,0,0,0,0
QuasiCertifProtocol-COL-32,16,TRUE,NONE,5.1e-05,0.019025,0.092225,0.043193,11296,FALSE,0,30,26,30,26,3648,506,1392,332,1,1,0,33,0,1089,0,0,1,0,0,0,0,0,0,0,0,0,67,0,0,0,0,0,0,0
Referendum-COL-0010,1,TRUE,NONE,2e-06,7.6e-05,5.2e-05,0.0,4736,TRUE,0,4,3,4,3,4,3,0,0,0,0,0,0,0,0,0,0,1,0,0,0,0,0,0,0,0,0,0,0,0,0,0,0,0,0
Referendum-COL-0010,2,FALSE,NONE,2e-06,6.7e-05,5.7e-05,0.0,4740,TRUE,0,4,3,4,3,4,3,0,0,0,0,0,0,0,0,0,0,1,0,0,0,0,0,0,0,0,0,0,0,0,0,0,0,0,0
Referendum-COL-0010,3,FALSE,NONE,2e-06,6.2e-05,7.7e-05,0.002437,6700,FALSE,0,4,3,4,3,4,3,2,2,0,0,0,1,0,0,0,0,1,0,0,0,0,0,0,0,0,0,0,0,0,0,0,0,0,0
Referendum-COL-0010,4,TRUE,NONE,2e-06,6.9e-05,9e-05,0.0,4740,TRUE,0,4,3,4,3,4,3,0,0,0,0,0,0,0,0,0,0,1,0,0,0,0,0,0,0,0,0,0,0,0,0,0,0,0,0
Referendum-COL-0010,5,TRUE,NONE,3e-06,8e-05,9.1e-05,0.002158,6704,FALSE,0,4,3,4,3,4,3,2,2,0,0,0,1,0,0,0,0,1,0,0,0,0,0,0,0,0,0,0,0,0,0,0,0,0,0
Referendum-COL-0010,6,FALSE,NONE,2e-06,7e-05,5.5e-05,0.0,4732,TRUE,0,4,3,4,3,4,3,0,0,0,0,0,0,0,0,0,0,1,0,0,0,0,0,0,0,0,0,0,0,0,0,0,0,0,0
Referendum-COL-0010,7,FALSE,NONE,2e-06,0.000892,5.7e-05,0.0,4732,TRUE,0,4,3,4,3,4,3,0,0,0,0,0,0,0,0,0,0,1,0,0,0,0,0,0,0,0,0,0,0,0,0,0,0,0,0
Referendum-COL-0010,8,FALSE,NONE,2e-06,6.5e-05,4.9e-05,0.0,4732,TRUE,0,4,3,4,3,4,3,0,0,0,0,0,0,0,0,0,0,1,0,0,0,0,0,0,0,0,0,0,0,0,0,0,0,0,0
Referendum-COL-0010,9,TRUE,NONE,2e-06,7.3e-05,5.4e-05,0.0,4728,TRUE,0,4,3,4,3,4,3,0,0,0,0,0,0,0,0,0,0,1,0,0,0,0,0,0,0,0,0,0,0,0,0,0,0,0,0
Referendum-COL-0010,10,FALSE,NONE,2e-06,7.7e-05,8.1e-05,0.00302,6500,FALSE,0,4,3,4,3,4,3,2,2,0,0,0,1,0,0,0,0,1,0,0,0,0,0,0,0,0,0,0,0,0,0,0,0,0,0
Referendum-COL-0010,11,FALSE,NONE,2e-06,8e-05,5.7e-05,0.0,4744,TRUE,0,4,3,4,3,4,3,0,0,0,0,0,0,0,0,0,0,1,0,0,0,0,0,0,0,0,0,0,0,0,0,0,0,0,0
Referendum-COL-0010,12,FALSE,NONE,2e-06,7.5e-05,0.000123,0.003179,6704,FALSE,0,4,3,4,3,4,3,2,2,0,0,0,1,0,0,0,0,1,0,0,0,0,0,0,0,0,0,0,0,0,0,0,0,0,0
Referendum-COL-0010,13,TRUE,NONE,2e-06,7.7e-05,6.7e-05,0.0,4732,TRUE,0,4,3,4,3,4,3,0,0,0,0,0,0,0,0,0,0,1,0,0,0,0,0,0,0,0,0,0,0,0,0,0,0,0,0
Referendum-COL-0010,14,TRUE,NONE,2e-06,8e-05,5.8e-05,0.0,4732,TRUE,0,4,3,4,3,4,3,0,0,0,0,0,0,0,0,0,0,1,0,0,0,0,0,0,0,0,0,0,0,0,0,0,0,0,0
Referendum-COL-0010,15,FALSE,NONE,2e-06,7e-05,5.7e-05,0.0,4740,TRUE,0,4,3,4,3,4,3,0,0,0,0,0,0,0,0,0,0,1,0,0,0,0,0,0,0,0,0,0,0,0,0,0,0,0,0
Referendum-COL-0010,16,FALSE,NONE,2e-06,6.7e-05,7.1e-05,0.002136,6704,FALSE,0,4,3,4,3,4,3,2,2,0,0,0,1,0,0,0,0,1,0,0,0,0,0,0,0,0,0,0,0,0,0,0,0,0,0
Referendum-COL-0015,1,TRUE,NONE,2e-06,6.9e-05,5.1e-05,0.0,4720,TRUE,0,4,3,4,3,4,3,0,0,0,0,0,0,0,0,0,0,1,0,0,0,0,0,0,0,0,0,0,0,0,0,0,0,0,0
Referendum-COL-0015,2,FALSE,NONE,2e-06,6e-05,5.6e-05,0.0,4716,TRUE,0,4,3,4,3,4,3,0,0,0,0,0,0,0,0,0,0,1,0,0,0,0,0,0,0,0,0,0,0,0,0,0,0,0,0
Referendum-COL-0015,3,TRUE,NONE,2e-06,5.9e-05,0.000143,0.0,4736,TRUE,0,4,3,4,3,4,3,0,0,0,0,0,0,0,0,0,0,1,0,0,0,0,0,0,0,0,0,0,0,0,0,0,0,0,0
Referendum-COL-0015,4,TRUE,NONE,2e-06,7.2e-05,6.8e-05,0.002084,6692,FALSE,0,4,3,4,3,4,3,2,2,0,0,0,1,0,0,0,0,1,0,0,0,0,0,0,0,0,0,0,0,0,0,0,0,0,0
Referendum-COL-0015,5,TRUE,NONE,2e-06,7.7e-05,5.4e-05,0.0,4724,TRUE,0,4,3,4,3,4,3,0,0,0,0,0,0,0,0,0,0,1,0,0,0,0,0,0,0,0,0,0,0,0,0,0,0,0,0
Referendum-COL-0015,6,FALSE,NONE,2e-06,0.000412,6.8e-05,0.002106,6696,FALSE,0,4,3,4,3,4,3,2,2,0,0,0,1,0,0,0,0,1,0,0,0,0,0,0,0,0,0,0,0,0,0,0,0,0,0
Referendum-COL-0015,7,TRUE,NONE,2e-06,5.6e-05,6.3e-05,0.002354,6696,FALSE,0,4,3,4,3,4,3,1,1,0,0,0,0,0,0,0,0,1,0,0,0,0,0,0,0,0,0,0,0,0,0,0,0,0,0
Referendum-COL-0015,8,TRUE,NONE,2e-06,5.8e-05,6.2e-05,0.0,4732,TRUE,0,4,3,4,3,4,3,0,0,0,0,0,0,0,0,0,0,1,0,0,0,0,0,0,0,0,0,0,0,0,0,0,0,0,0
Referendum-COL-0015,9,FALSE,NONE,2e-06,8e-05,7.1e-05,0.002232,6692,FALSE,0,4,3,4,3,4,3,2,2,0,0,0,1,0,0,0,0,1,0,0,0,0,0,0,0,0,0,0,0,0,0,0,0,0,0
Referendum-COL-0015,10,TRUE,NONE,2e-06,8.1e-05,2.9e-05,0.0,4740,TRUE,0,4,3,4,3,4,3,0,0,0,0,0,0,0,0,0,0,1,0,0,0,0,0,0,0,0,0,0,0,0,0,0,0,0,0
Referendum-COL-0015,11,TRUE,NONE,2e-06,7.1e-05,5.6e-05,0.0,4740,TRUE,0,4,3,4,3,4,3,0,0,0,0,0,0,0,0,0,0,1,0,0,0,0,0,0,0,0,0,0,0,0,0,0,0,0,0
Referendum-COL-0015,12,FALSE,NONE,2e-06,7.6e-05,6.6e-05,0.0,4724,TRUE,0,4,3,4,3,4,3,0,0,0,0,0,0,0,0,0,0,1,0,0,0,0,0,0,0,0,0,0,0,0,0,0,0,0,0
Referendum-COL-0015,13,FALSE,NONE,2e-06,7.9e-05,7e-05,0.0,4720,TRUE,0,4,3,4,3,4,3,0,0,0,0,0,0,0,0,0,0,1,0,0,0,0,0,0,0,0,0,0,0,0,0,0,0,0,0
Referendum-COL-0015,14,TRUE,NONE,3e-06,9.5e-05,6.6e-05,0.0,4732,TRUE,0,4,3,4,3,4,3,0,0,0,0,0,0,0,0,0,0,1,0,0,0,0,0,0,0,0,0,0,0,0,0,0,0,0,0
Referendum-COL-0015,15,TRUE,NONE,2e-06,0.00015,6.2e-05,0.0,4740,TRUE,0,4,3,4,3,4,3,0,0,0,0,0,0,0,0,0,0,1,0,0,0,0,0,0,0,0,0,0,0,0,0,0,0,0,0
Referendum-COL-0015,16,FALSE,NONE,2e-06,8.6e-05,5.6e-05,0.0,4720,TRUE,0,4,3,4,3,4,3,0,0,0,0,0,0,0,0,0,0,1,0,0,0,0,0,0,0,0,0,0,0,0,0,0,0,0,0
Referendum-COL-0020,1,TRUE,NONE,2e-06,6.8e-05,5.6e-05,0.0,4736,TRUE,0,4,3,4,3,4,3,0,0,0,0,0,0,0,0,0,0,1,0,0,0,0,0,0,0,0,0,0,0,0,0,0,0,0,0
Referendum-COL-0020,2,FALSE,NONE,2e-06,8.6e-05,6.2e-05,0.0,4740,TRUE,0,4,3,4,3,4,3,0,0,0,0,0,0,0,0,0,0,1,0,0,0,0,0,0,0,0,0,0,0,0,0,0,0,0,0
Referendum-COL-0020,3,FALSE,NONE,2e-06,8.1e-05,7.5e-05,0.002229,6700,FALSE,0,4,3,4,3,4,3,2,2,0,0,0,1,0,0,0,0,1,0,0,0,0,0,0,0,0,0,0,0,0,0,0,0,0,0
Referendum-COL-0020,4,TRUE,NONE,2e-06,6e-05,5.4e-05,0.0,4744,TRUE,0,4,3,4,3,4,3,0,0,0,0,0,0,0,0,0,0,1,0,0,0,0,0,0,0,0,0,0,0,0,0,0,0,0,0
Referendum-COL-0020,5,FALSE,NONE,1e-06,5.8e-05,4.9e-05,0.0,4740,TRUE,0,4,3,4,3,4,3,0,0,0,0,0,0,0,0,0,0,1,0,0,0,0,0,0,0,0,0,0,0,0,0,0,0,0,0
Referendum-COL-0020,6,TRUE,NONE,2e-06,6e-05,2.9e-05,0.0,4724,TRUE,0,4,3,4,3,4,3,0,0,0,0,0,0,0,0,0,0,1,0,0,0,0,0,0,0,0,0,0,0,0,0,0,0,0,0
Referendum-COL-0020,7,FALSE,NONE,2e-06,6.4e-05,5.4e-05,0.0,4736,TRUE,0,4,3,4,3,4,3,0,0,0,0,0,0,0,0,0,0,1,0,0,0,0,0,0,0,0,0,0,0,0,0,0,0,0,0
Referendum-COL-0020,8,TRUE,NONE,2e-06,5.7e-05,5.5e-05,0.0,4728,TRUE,0,4,3,4,3,4,3,0,0,0,0,0,0,0,0,0,0,1,0,0,0,0,0,0,0,0,0,0,0,0,0,0,0,0,0
Referendum-COL-0020,9,FALSE,NONE,2e-06,7.5e-05,5.8e-05,0.0,4728,TRUE,0,4,3,4,3,4,3,0,0,0,0,0,0,0,0,0,0,1,0,0,0,0,0,0,0,0,0,0,0,0,0,0,0,0,0
Referendum-COL-0020,10,FALSE,NONE,3e-06,6.6e-05,5.9e-05,0.0,4724,TRUE,0,4,3,4,3,4,3,0,0,0,0,0,0,0,0,0,0,1,0,0,0,0,0,0,0,0,0,0,0,0,0,0,0,0,0
Referendum-COL-0020,11,TRUE,NONE,3e-06,7e-05,5.4e-05,0.0,4740,TRUE,0,4,3,4,3,4,3,0,0,0,0,0,0,0,0,0,0,1,0,0,0,0,0,0,0,0,0,0,0,0,0,0,0,0,0
Referendum-COL-0020,12,FALSE,NONE,2e-06,7.2e-05,8.1e-05,0.002389,6704,FALSE,0,4,3,4,3,4,3,2,2,0,0,0,1,0,0,0,0,1,0,0,0,0,0,0,0,0,0,0,0,0,0,0,0,0,0
Referendum-COL-0020,13,TRUE,NONE,2e-06,7e-05,5.1e-05,0.0,4724,TRUE,0,4,3,4,3,4,3,0,0,0,0,0,0,0,0,0,0,1,0,0,0,0,0,0,0,0,0,0,0,0,0,0,0,0,0
Referendum-COL-0020,14,TRUE,NONE,1e-06,7.1e-05,6.3e-05,0.0,4724,TRUE,0,4,3,4,3,4,3,0,0,0,0,0,0,0,0,0,0,1,0,0,0,0,0,0,0,0,0,0,0,0,0,0,0,0,0
Referendum-COL-0020,15,FALSE,NONE,2e-06,7.3e-05,6.6e-05,0.0,4732,TRUE,0,4,3,4,3,4,3,0,0,0,0,0,0,0,0,0,0,1,0,0,0,0,0,0,0,0,0,0,0,0,0,0,0,0,0
Referendum-COL-0020,16,FALSE,NONE,2e-06,7.5e-05,5.8e-05,0.0,4740,TRUE,0,4,3,4,3,4,3,0,0,0,0,0,0,0,0,0,0,1,0,0,0,0,0,0,0,0,0,0,0,0,0,0,0,0,0
Referendum-COL-0050,1,FALSE,NONE,2e-06,8.1e-05,7.4e-05,0.002298,6672,FALSE,0,4,3,4,3,4,3,2,2,0,0,0,1,0,0,0,0,1,0,0,0,0,0,0,0,0,0,0,0,0,0,0,0,0,0
Referendum-COL-0050,2,FALSE,NONE,2e-06,8.3e-05,3.1e-05,0.0,4704,TRUE,0,4,3,4,3,4,3,0,0,0,0,0,0,0,0,0,0,1,0,0,0,0,0,0,0,0,0,0,0,0,0,0,0,0,0
Referendum-COL-0050,3,TRUE,NONE,2e-06,7.7e-05,5.7e-05,0.0,4700,TRUE,0,4,3,4,3,4,3,0,0,0,0,0,0,0,0,0,0,1,0,0,0,0,0,0,0,0,0,0,0,0,0,0,0,0,0
Referendum-COL-0050,4,FALSE,NONE,3e-06,8.1e-05,3.4e-05,0.0,4696,TRUE,0,4,3,4,3,4,3,0,0,0,0,0,0,0,0,0,0,1,0,0,0,0,0,0,0,0,0,0,0,0,0,0,0,0,0
Referendum-COL-0050,5,FALSE,NONE,2e-06,7.5e-05,5.2e-05,0.0,4708,TRUE,0,4,3,4,3,4,3,0,0,0,0,0,0,0,0,0,0,1,0,0,0,0,0,0,0,0,0,0,0,0,0,0,0,0,0
Referendum-COL-0050,6,FALSE,NONE,2e-06,7.8e-05,3.3e-05,0.0,4380,TRUE,0,4,3,4,3,4,3,0,0,0,0,0,0,0,0,0,0,1,0,0,0,0,0,0,0,0,0,0,0,0,0,0,0,0,0
Referendum-COL-0050,7,TRUE,NONE,3e-06,7.8e-05,3.3e-05,0.0,4704,TRUE,0,4,3,4,3,4,3,0,0,0,0,0,0,0,0,0,0,1,0,0,0,0,0,0,0,0,0,0,0,0,0,0,0,0,0
Referendum-COL-0050,8,TRUE,NONE,2e-06,8.2e-05,5.8e-05,0.0,4696,TRUE,0,4,3,4,3,4,3,0,0,0,0,0,0,0,0,0,0,1,0,0,0,0,0,0,0,0,0,0,0,0,0,0,0,0,0
Referendum-COL-0050,9,TRUE,NONE,3e-06,8.4e-05,6.1e-05,0.0,4696,TRUE,0,4,3,4,3,4,3,0,0,0,0,0,0,0,0,0,0,1,0,0,0,0,0,0,0,0,0,0,0,0,0,0,0,0,0
Referendum-COL-0050,10,FALSE,NONE,3e-06,7.5e-05,5e-05,0.002157,6672,FALSE,0,4,3,4,3,4,3,2,2,0,0,0,1,0,0,0,0,1,0,0,0,0,0,0,0,0,0,0,0,0,0,0,0,0,0
Referendum-COL-0050,11,FALSE,NONE,2e-06,7e-05,4.1e-05,0.002335,6668,FALSE,0,4,3,4,3,4,3,2,2,0,0,0,1,0,0,0,0,1,0,0,0,0,0,0,0,0,0,0,0,0,0,0,0,0,0
Referendum-COL-0050,12,FALSE,NONE,2e-06,7.6e-05,5.5e-05,0.0,4696,TRUE,0,4,3,4,3,4,3,0,0,0,0,0,0,0,0,0,0,1,0,0,0,0,0,0,0,0,0,0,0,0,0,0,0,0,0
Referendum-COL-0050,13,FALSE,NONE,3e-06,7.9e-05,9.1e-05,0.002388,6672,FALSE,0,4,3,4,3,4,3,2,2,0,0,0,1,0,0,0,0,1,0,0,0,0,0,0,0,0,0,0,0,0,0,0,0,0,0
Referendum-COL-0050,14,FALSE,NONE,3e-06,7.2e-05,5.3e-05,0.0,4708,TRUE,0,4,3,4,3,4,3,0,0,0,0,0,0,0,0,0,0,1,0,0,0,0,0,0,0,0,0,0,0,0,0,0,0,0,0
Referendum-COL-0050,15,TRUE,NONE,2e-06,8e-05,5.8e-05,0.0,4696,TRUE,0,4,3,4,3,4,3,0,0,0,0,0,0,0,0,0,0,1,0,0,0,0,0,0,0,0,0,0,0,0,0,0,0,0,0
Referendum-COL-0050,16,FALSE,NONE,3e-06,7.7e-05,5.5e-05,0.0,4700,TRUE,0,4,3,4,3,4,3,0,0,0,0,0,0,0,0,0,0,1,0,0,0,0,0,0,0,0,0,0,0,0,0,0,0,0,0
Referendum-COL-0100,1,TRUE,NONE,1e-06,5.9e-05,4.1e-05,0.0,4700,TRUE,0,4,3,4,3,4,3,0,0,0,0,0,0,0,0,0,0,1,0,0,0,0,0,0,0,0,0,0,0,0,0,0,0,0,0
Referendum-COL-0100,2,TRUE,NONE,3e-06,7.2e-05,3.4e-05,0.0,4700,TRUE,0,4,3,4,3,4,3,0,0,0,0,0,0,0,0,0,0,1,0,0,0,0,0,0,0,0,0,0,0,0,0,0,0,0,0
Referendum-COL-0100,3,TRUE,NONE,2e-06,9.4e-05,5.8e-05,0.0,4708,TRUE,0,4,3,4,3,4,3,0,0,0,0,0,0,0,0,0,0,1,0,0,0,0,0,0,0,0,0,0,0,0,0,0,0,0,0
Referendum-COL-0100,4,FALSE,NONE,2e-06,7.1e-05,5.4e-05,0.0,4684,TRUE,0,4,3,4,3,4,3,0,0,0,0,0,0,0,0,0,0,1,0,0,0,0,0,0,0,0,0,0,0,0,0,0,0,0,0
Referendum-COL-0100,5,FALSE,NONE,3e-06,8.1e-05,5.6e-05,0.0,4688,TRUE,0,4,3,4,3,4,3,0,0,0,0,0,0,0,0,0,0,1,0,0,0,0,0,0,0,0,0,0,0,0,0,0,0,0,0
Referendum-COL-0100,6,TRUE,NONE,3e-06,7.9e-05,3.1e-05,0.0,4688,TRUE,0,4,3,4,3,4,3,0,0,0,0,0,0,0,0,0,0,1,0,0,0,0,0,0,0,0,0,0,0,0,0,0,0,0,0
Referendum-COL-0100,7,FALSE,NONE,3e-06,9.7e-05,3e-05,0.0,4704,TRUE,0,4,3,4,3,4,3,0,0,0,0,0,0,0,0,0,0,1,0,0,0,0,0,0,0,0,0,0,0,0,0,0,0,0,0
Referendum-COL-0100,8,TRUE,NONE,3e-06,9e-05,3.7e-05,0.0,4688,TRUE,0,4,3,4,3,4,3,0,0,0,0,0,0,0,0,0,0,1,0,0,0,0,0,0,0,0,0,0,0,0,0,0,0,0,0
Referendum-COL-0100,9,FALSE,NONE,3e-06,0.000102,4.1e-05,0.0,4684,TRUE,0,4,3,4,3,4,3,0,0,0,0,0,0,0,0,0,0,1,0,0,0,0,0,0,0,0,0,0,0,0,0,0,0,0,0
Referendum-COL-0100,10,TRUE,NONE,2e-06,7.1e-05,4.3e-05,0.002119,6660,FALSE,0,4,3,4,3,4,3,2,2,0,0,0,1,0,0,0,0,1,0,0,0,0,0,0,0,0,0,0,0,0,0,0,0,0,0
Referendum-COL-0100,11,TRUE,NONE,2e-06,6.9e-05,6e-05,0.0,4708,TRUE,0,4,3,4,3,4,3,0,0,0,0,0,0,0,0,0,0,1,0,0,0,0,0,0,0,0,0,0,0,0,0,0,0,0,0
Referendum-COL-0100,12,FALSE,NONE,3e-06,8e-05,8.2e-05,0.0,4692,TRUE,0,4,3,4,3,4,3,0,0,0,0,0,0,0,0,0,0,1,0,0,0,0,0,0,0,0,0,0,0,0,0,0,0,0,0
Referendum-COL-0100,13,TRUE,NONE,2e-06,8e-05,5.5e-05,0.0,4688,TRUE,0,4,3,4,3,4,3,0,0,0,0,0,0,0,0,0,0,1,0,0,0,0,0,0,0,0,0,0,0,0,0,0,0,0,0
Referendum-COL-0100,14,TRUE,NONE,3e-06,7.7e-05,5.3e-05,0.0,4684,TRUE,0,4,3,4,3,4,3,0,0,0,0,0,0,0,0,0,0,1,0,0,0,0,0,0,0,0,0,0,0,0,0,0,0,0,0
Referendum-COL-0100,15,TRUE,NONE,3e-06,7.9e-05,7.1e-05,0.002473,6664,FALSE,0,4,3,4,3,4,3,2,2,0,0,0,1,0,0,0,0,1,0,0,0,0,0,0,0,0,0,0,0,0,0,0,0,0,0
Referendum-COL-0100,16,FALSE,NONE,3e-06,8.2e-05,5.6e-05,0.0,4692,TRUE,0,4,3,4,3,4,3,0,0,0,0,0,0,0,0,0,0,1,0,0,0,0,0,0,0,0,0,0,0,0,0,0,0,0,0
Referendum-COL-0200,1,TRUE,NONE,2e-06,8.4e-05,5.6e-05,0.0,4724,TRUE,0,4,3,4,3,4,3,0,0,0,0,0,0,0,0,0,0,1,0,0,0,0,0,0,0,0,0,0,0,0,0,0,0,0,0
Referendum-COL-0200,2,TRUE,NONE,3e-06,7.3e-05,3e-05,0.0,4720,TRUE,0,4,3,4,3,4,3,0,0,0,0,0,0,0,0,0,0,1,0,0,0,0,0,0,0,0,0,0,0,0,0,0,0,0,0
Referendum-COL-0200,3,FALSE,NONE,3e-06,7.9e-05,5.7e-05,0.0,4716,TRUE,0,4,3,4,3,4,3,0,0,0,0,0,0,0,0,0,0,1,0,0,0,0,0,0,0,0,0,0,0,0,0,0,0,0,0
Referendum-COL-0200,4,FALSE,NONE,3e-06,7.3e-05,6e-05,0.002584,6728,FALSE,0,4,3,4,3,4,3,2,2,0,0,0,1,0,0,0,0,1,0,0,0,0,0,0,0,0,0,0,0,0,0,0,0,0,0
Referendum-COL-0200,5,FALSE,NONE,2e-06,8.1e-05,7.4e-05,0.002488,6728,FALSE,0,4,3,4,3,4,3,2,2,0,0,0,1,0,0,0,0,1,0,0,0,0,0,0,0,0,0,0,0,0,0,0,0,0,0
Referendum-COL-0200,6,FALSE,NONE,2e-06,8.5e-05,6e-05,0.0,4720,TRUE,0,4,3,4,3,4,3,0,0,0,0,0,0,0,0,0,0,1,0,0,0,0,0,0,0,0,0,0,0,0,0,0,0,0,0
Referendum-COL-0200,7,TRUE,NONE,3e-06,8.4e-05,7.9e-05,0.002685,6728,FALSE,0,4,3,4,3,4,3,2,2,0,0,0,1,0,0,0,0,1,0,0,0,0,0,0,0,0,0,0,0,0,0,0,0,0,0
Referendum-COL-0200,8,TRUE,NONE,2e-06,7.7e-05,3.3e-05,0.0,4712,TRUE,0,4,3,4,3,4,3,0,0,0,0,0,0,0,0,0,0,1,0,0,0,0,0,0,0,0,0,0,0,0,0,0,0,0,0
Referendum-COL-0200,9,FALSE,NONE,3e-06,9.3e-05,5.6e-05,0.003218,6464,FALSE,0,4,3,4,3,4,3,2,2,0,0,0,1,0,0,0,0,1,0,0,0,0,0,0,0,0,0,0,0,0,0,0,0,0,0
Referendum-COL-0200,10,TRUE,NONE,3e-06,7.3e-05,4.6e-05,0.002293,6460,FALSE,0,4,3,4,3,4,3,2,2,0,0,0,1,0,0,0,0,1,0,0,0,0,0,0,0,0,0,0,0,0,0,0,0,0,0
Referendum-COL-0200,11,FALSE,NONE,2e-06,8.2e-05,7.3e-05,0.002423,6464,FALSE,0,4,3,4,3,4,3,2,2,0,0,0,1,0,0,0,0,1,0,0,0,0,0,0,0,0,0,0,0,0,0,0,0,0,0
Referendum-COL-0200,12,TRUE,NONE,2e-06,7.4e-05,5.7e-05,0.0,4712,TRUE,0,4,3,4,3,4,3,0,0,0,0,0,0,0,0,0,0,1,0,0,0,0,0,0,0,0,0,0,0,0,0,0,0,0,0
Referendum-COL-0200,13,FALSE,NONE,3e-06,9.2e-05,4e-05,0.0,4400,TRUE,0,4,3,4,3,4,3,0,0,0,0,0,0,0,0,0,0,1,0,0,0,0,0,0,0,0,0,0,0,0,0,0,0,0,0
Referendum-COL-0200,14,TRUE,NONE,2e-06,8e-05,5.2e-05,0.0,4712,TRUE,0,4,3,4,3,4,3,0,0,0,0,0,0,0,0,0,0,1,0,0,0,0,0,0,0,0,0,0,0,0,0,0,0,0,0
Referendum-COL-0200,15,FALSE,NONE,2e-06,7.5e-05,4.8e-05,0.0,4712,TRUE,0,4,3,4,3,4,3,0,0,0,0,0,0,0,0,0,0,1,0,0,0,0,0,0,0,0,0,0,0,0,0,0,0,0,0
Referendum-COL-0200,16,FALSE,NONE,2e-06,7.4e-05,0.000103,0.00259,6464,FALSE,0,4,3,4,3,4,3,2,2,0,0,0,1,0,0,0,0,1,0,0,0,0,0,0,0,0,0,0,0,0,0,0,0,0,0
Referendum-COL-0500,1,FALSE,NONE,2e-06,8.1e-05,2.9e-05,0.0,4812,TRUE,0,4,3,4,3,4,3,0,0,0,0,0,0,0,0,0,0,1,0,0,0,0,0,0,0,0,0,0,0,0,0,0,0,0,0
Referendum-COL-0500,2,TRUE,NONE,2e-06,8.8e-05,5.4e-05,0.0,4812,TRUE,0,4,3,4,3,4,3,0,0,0,0,0,0,0,0,0,0,1,0,0,0,0,0,0,0,0,0,0,0,0,0,0,0,0,0
Referendum-COL-0500,3,FALSE,NONE,2e-06,8.8e-05,6e-05,0.0,4808,TRUE,0,4,3,4,3,4,3,0,0,0,0,0,0,0,0,0,0,1,0,0,0,0,0,0,0,0,0,0,0,0,0,0,0,0,0
Referendum-COL-0500,4,FALSE,NONE,3e-06,8.1e-05,6e-05,0.002966,6728,FALSE,0,4,3,4,3,4,3,2,2,0,0,0,1,0,0,0,0,1,0,0,0,0,0,0,0,0,0,0,0,0,0,0,0,0,0
Referendum-COL-0500,5,TRUE,NONE,3e-06,8.8e-05,2.9e-05,0.0,4816,TRUE,0,4,3,4,3,4,3,0,0,0,0,0,0,0,0,0,0,1,0,0,0,0,0,0,0,0,0,0,0,0,0,0,0,0,0
Referendum-COL-0500,6,FALSE,NONE,3e-06,8.5e-05,4.9e-05,0.00265,6728,FALSE,0,4,3,4,3,4,3,2,2,0,0,0,1,0,0,0,0,1,0,0,0,0,0,0,0,0,0,0,0,0,0,0,0,0,0
Referendum-COL-0500,7,TRUE,NONE,2e-06,9.5e-05,3.3e-05,0.0,4816,TRUE,0,4,3,4,3,4,3,0,0,0,0,0,0,0,0,0,0,1,0,0,0,0,0,0,0,0,0,0,0,0,0,0,0,0,0
Referendum-COL-0500,8,FALSE,NONE,3e-06,7.2e-05,4.6e-05,0.002541,6728,FALSE,0,4,3,4,3,4,3,2,2,0,0,0,1,0,0,0,0,1,0,0,0,0,0,0,0,0,0,0,0,0,0,0,0,0,0
Referendum-COL-0500,9,TRUE,NONE,3e-06,0.000101,4.5e-05,0.0,4812,TRUE,0,4,3,4,3,4,3,0,0,0,0,0,0,0,0,0,0,1,0,0,0,0,0,0,0,0,0,0,0,0,0,0,0,0,0
Referendum-COL-0500,10,FALSE,NONE,2e-06,8.6e-05,6.8e-05,0.003058,6728,FALSE,0,4,3,4,3,4,3,2,2,0,0,0,1,0,0,0,0,1,0,0,0,0,0,0,0,0,0,0,0,0,0,0,0,0,0
Referendum-COL-0500,11,TRUE,NONE,2e-06,8.9e-05,5.5e-05,0.0,4816,TRUE,0,4,3,4,3,4,3,0,0,0,0,0,0,0,0,0,0,1,0,0,0,0,0,0,0,0,0,0,0,0,0,0,0,0,0
Referendum-COL-0500,12,TRUE,NONE,2e-06,8.5e-05,3.1e-05,0.0,4816,TRUE,0,4,3,4,3,4,3,0,0,0,0,0,0,0,0,0,0,1,0,0,0,0,0,0,0,0,0,0,0,0,0,0,0,0,0
Referendum-COL-0500,13,FALSE,NONE,2e-06,0.000103,7.7e-05,0.0,4816,TRUE,0,4,3,4,3,4,3,0,0,0,0,0,0,0,0,0,0,1,0,0,0,0,0,0,0,0,0,0,0,0,0,0,0,0,0
Referendum-COL-0500,14,FALSE,NONE,2e-06,9.1e-05,6.6e-05,0.002815,6728,FALSE,0,4,3,4,3,4,3,2,2,0,0,0,1,0,0,0,0,1,0,0,0,0,0,0,0,0,0,0,0,0,0,0,0,0,0
Referendum-COL-0500,15,FALSE,NONE,3e-06,8.8e-05,5.4e-05,0.0,4820,TRUE,0,4,3,4,3,4,3,0,0,0,0,0,0,0,0,0,0,1,0,0,0,0,0,0,0,0,0,0,0,0,0,0,0,0,0
Referendum-COL-0500,16,FALSE,NONE,2e-06,9.7e-05,3.4e-05,0.0,4812,TRUE,0,4,3,4,3,4,3,0,0,0,0,0,0,0,0,0,0,1,0,0,0,0,0,0,0,0,0,0,0,0,0,0,0,0,0
Referendum-COL-1000,1,FALSE,NONE,2e-06,0.000104,3.1e-05,0.0,5052,TRUE,0,4,3,4,3,4,3,0,0,0,0,0,0,0,0,0,0,1,0,0,0,0,0,0,0,0,0,0,0,0,0,0,0,0,0
Referendum-COL-1000,2,FALSE,NONE,2e-06,0.000113,5.2e-05,0.0,5036,TRUE,0,4,3,4,3,4,3,0,0,0,0,0,0,0,0,0,0,1,0,0,0,0,0,0,0,0,0,0,0,0,0,0,0,0,0
Referendum-COL-1000,3,TRUE,NONE,2e-06,9.3e-05,3.2e-05,0.0,5044,TRUE,0,4,3,4,3,4,3,0,0,0,0,0,0,0,0,0,0,1,0,0,0,0,0,0,0,0,0,0,0,0,0,0,0,0,0
Referendum-COL-1000,4,TRUE,NONE,3e-06,0.000102,8.8e-05,0.004014,6992,FALSE,0,4,3,4,3,4,3,2,2,0,0,0,1,0,0,0,0,1,0,0,0,0,0,0,0,0,0,0,0,0,0,0,0,0,0
Referendum-COL-1000,5,FALSE,NONE,3e-06,9.3e-05,0.000121,0.0,5036,TRUE,0,4,3,4,3,4,3,0,0,0,0,0,0,0,0,0,0,1,0,0,0,0,0,0,0,0,0,0,0,0,0,0,0,0,0
Referendum-COL-1000,6,FALSE,NONE,3e-06,0.000102,3.3e-05,0.0,5032,TRUE,0,4,3,4,3,4,3,0,0,0,0,0,0,0,0,0,0,1,0,0,0,0,0,0,0,0,0,0,0,0,0,0,0,0,0
Referendum-COL-1000,7,TRUE,NONE,2e-06,9.1e-05,3e-05,0.0,5040,TRUE,0,4,3,4,3,4,3,0,0,0,0,0,0,0,0,0,0,1,0,0,0,0,0,0,0,0,0,0,0,0,0,0,0,0,0
Referendum-COL-1000,8,TRUE,NONE,2e-06,9.4e-05,3.2e-05,0.0,5040,TRUE,0,4,3,4,3,4,3,0,0,0,0,0,0,0,0,0,0,1,0,0,0,0,0,0,0,0,0,0,0,0,0,0,0,0,0
Referendum-COL-1000,9,FALSE,NONE,3e-06,0.000126,7.1e-05,0.004869,6992,FALSE,0,4,3,4,3,4,3,2,2,0,0,0,1,0,0,0,0,1,0,0,0,0,0,0,0,0,0,0,0,0,0,0,0,0,0
Referendum-COL-1000,10,FALSE,NONE,2e-06,0.0001,5.5e-05,0.0,5040,TRUE,0,4,3,4,3,4,3,0,0,0,0,0,0,0,0,0,0,1,0,0,0,0,0,0,0,0,0,0,0,0,0,0,0,0,0
Referendum-COL-1000,11,FALSE,NONE,2e-06,0.0001,5.1e-05,0.0,5048,TRUE,0,4,3,4,3,4,3,0,0,0,0,0,0,0,0,0,0,1,0,0,0,0,0,0,0,0,0,0,0,0,0,0,0,0,0
Referendum-COL-1000,12,FALSE,NONE,2e-06,9.6e-05,4.8e-05,0.0,5040,TRUE,0,4,3,4,3,4,3,0,0,0,0,0,0,0,0,0,0,1,0,0,0,0,0,0,0,0,0,0,0,0,0,0,0,0,0
Referendum-COL-1000,13,FALSE,NONE,3e-06,9.7e-05,5.5e-05,0.0,5040,TRUE,0,4,3,4,3,4,3,0,0,0,0,0,0,0,0,0,0,1,0,0,0,0,0,0,0,0,0,0,0,0,0,0,0,0,0
Referendum-COL-1000,14,TRUE,NONE,2e-06,9.6e-05,4.9e-05,0.0,4732,TRUE,0,4,3,4,3,4,3,0,0,0,0,0,0,0,0,0,0,1,0,0,0,0,0,0,0,0,0,0,0,0,0,0,0,0,0
Referendum-COL-1000,15,TRUE,NONE,2e-06,9.5e-05,5.6e-05,0.0,5044,TRUE,0,4,3,4,3,4,3,0,0,0,0,0,0,0,0,0,0,1,0,0,0,0,0,0,0,0,0,0,0,0,0,0,0,0,0
Referendum-COL-1000,16,TRUE,NONE,2e-06,0.000116,5.6e-05,0.0,5044,TRUE,0,4,3,4,3,4,3,0,0,0,0,0,0,0,0,0,0,1,0,0,0,0,0,0,0,0,0,0,0,0,0,0,0,0,0
SafeBus-COL-03,1,FALSE,NONE,2.7e-05,0.001169,0.000266,0.001976,10008,FALSE,0,20,14,20,14,59,97,8,0,0,0,0,0,97,0,0,0,1,0,0,0,74,0,0,0,0,0,0,0,0,0,0,0,0,0
SafeBus-COL-03,2,FALSE,NONE,2.5e-05,0.001033,0.000124,0.0,10068,TRUE,0,20,14,20,14,59,97,0,0,0,0,0,0,0,0,0,0,1,0,0,0,0,0,0,0,0,0,0,0,0,0,0,0,0,0
SafeBus-COL-03,3,FALSE,NONE,2.9e-05,0.001158,0.000131,0.0,5044,TRUE,0,20,14,20,14,59,97,0,0,0,0,0,0,0,0,0,0,1,0,0,0,0,0,0,0,0,0,0,0,0,0,0,0,0,0
SafeBus-COL-03,4,TRUE,NONE,2.2e-05,0.001158,0.000127,0.0,5100,TRUE,0,20,14,20,14,59,97,0,0,0,0,0,0,0,0,0,0,1,0,0,0,0,0,0,0,0,0,0,0,0,0,0,0,0,0
SafeBus-COL-03,5,TRUE,NONE,2.5e-05,0.001069,0.00011,0.0,5008,TRUE,0,20,14,20,14,59,97,0,0,0,0,0,0,0,0,0,0,1,0,0,0,0,0,0,0,0,0,0,0,0,0,0,0,0,0
SafeBus-COL-03,6,TRUE,NONE,2.3e-05,0.001066,0.000134,0.0,10264,TRUE,0,20,14,20,14,59,97,0,0,0,0,0,0,0,0,0,0,1,0,0,0,0,0,0,0,0,0,0,0,0,0,0,0,0,0
SafeBus-COL-03,7,TRUE,NONE,2.5e-05,0.001173,0.000323,0.002271,7144,FALSE,0,20,14,20,14,59,97,35,0,0,0,0,0,97,0,0,0,1,0,0,0,128,0,0,0,0,0,0,0,0,0,0,0,0,0
SafeBus-COL-03,8,TRUE,NONE,2.7e-05,0.00102,0.000148,0.0,10052,TRUE,0,20,14,20,14,59,97,0,0,0,0,0,0,0,0,0,0,1,0,0,0,0,0,0,0,0,0,0,0,0,0,0,0,0,0
SafeBus-COL-03,9,FALSE,NONE,3.1e-05,0.001486,0.000344,0.002586,6892,FALSE,0,20,14,20,14,59,97,33,0,0,0,0,0,97,0,0,0,1,0,0,0,124,0,0,0,0,0,0,0,0,0,0,0,0,0
SafeBus-COL-03,10,TRUE,NONE,3.4e-05,0.001241,0.000175,0.0,5104,TRUE,0,20,14,20,14,59,97,0,0,0,0,0,0,0,0,0,0,1,0,0,0,0,0,0,0,0,0,0,0,0,0,0,0,0,0
SafeBus-COL-03,11,FALSE,NONE,3.4e-05,0.001143,0.000159,0.0,9628,TRUE,0,20,14,20,14,59,97,0,0,0,0,0,0,0,0,0,0,1,0,0,0,0,0,0,0,0,0,0,0,0,0,0,0,0,0
SafeBus-COL-03,12,FALSE,NONE,3e-05,0.001277,0.000122,0.0,9796,TRUE,0,20,14,20,14,59,97,0,0,0,0,0,0,0,0,0,0,1,0,0,0,0,0,0,0,0,0,0,0,0,0,0,0,0,0
SafeBus-COL-03,13,TRUE,NONE,3.1e-05,0.001219,0.000186,0.0,5080,TRUE,0,20,14,20,14,59,97,0,0,0,0,0,0,0,0,0,0,1,0,0,0,0,0,0,0,0,0,0,0,0,0,0,0,0,0
SafeBus-COL-03,14,FALSE,NONE,2.5e-05,0.000971,0.000307,0.003106,9792,FALSE,0,20,14,20,14,59,97,29,0,0,0,0,0,97,0,0,0,1,0,0,0,116,0,0,0,0,0,0,0,0,0,0,0,0,0
SafeBus-COL-03,15,FALSE,NONE,5.6e-05,0.001151,0.000292,0.002626,7064,FALSE,0,20,14,20,14,59,97,27,0,0,0,0,0,97,0,0,0,1,0,0,0,112,0,0,0,0,0,0,0,0,0,0,0,0,0
SafeBus-COL-03,16,FALSE,NONE,2.4e-05,0.00117,0.000163,0.0,5072,TRUE,0,20,14,20,14,59,97,0,0,0,0,0,0,0,0,0,0,1,0,0,0,0,0,0,0,0,0,0,0,0,0,0,0,0,0
SafeBus-COL-06,1,NONE,NONE,2.9e-05,0.004395,0.008988,0.0,48556,FALSE,0,20,14,20,14,147,463,138,451,0,0,2,0,12,0,0,0,1,0,0,0,6,0,0,0,0,0,0,0,0,0,0,0,0,0
SafeBus-COL-06,2,FALSE,NONE,2.2e-05,0.004407,0.000618,0.0,5976,TRUE,0,20,14,20,14,147,463,0,0,0,0,0,0,0,0,0,0,1,0,0,0,0,0,0,0,0,0,0,0,0,0,0,0,0,0
SafeBus-COL-06,3,NONE,NONE,2.1e-05,0.004439,0.012489,0.0,29676,FALSE,0,20,14,20,14,147,463,133,445,0,0,1,0,12,0,0,0,1,0,0,0,6,0,0,0,0,0,6,0,0,0,0,0,0,0
SafeBus-COL-06,4,TRUE,NONE,2.8e-05,0.004453,0.017259,0.003346,7732,FALSE,0,20,14,20,14,147,463,133,445,0,0,1,0,12,0,0,0,1,0,0,0,6,0,0,0,0,0,6,0,0,0,0,0,0,0
SafeBus-COL-06,5,TRUE,NONE,2.6e-05,0.004345,0.016825,0.003104,7732,FALSE,0,20,14,20,14,147,463,133,445,0,0,1,0,12,0,0,0,1,0,0,0,6,0,0,0,0,0,6,0,0,0,0,0,0,0
SafeBus-COL-06,6,FALSE,NONE,2.8e-05,0.00443,0.008556,0.003118,7876,FALSE,0,20,14,20,14,147,463,138,451,0,0,2,0,12,0,0,0,1,0,0,0,6,0,0,0,0,0,0,0,0,0,0,0,0,0
SafeBus-COL-06,7,NONE,NONE,5e-06,0.004303,0.008682,0.0,28104,FALSE,0,20,14,20,14,147,463,146,451,0,0,0,0,12,0,0,0,1,0,0,0,18,0,0,0,0,0,0,0,0,0,0,0,0,0
SafeBus-COL-06,8,NONE,NONE,2.5e-05,0.004461,0.008336,0.0,37212,FALSE,0,20,14,20,14,147,463,139,451,0,0,1,0,12,0,0,0,1,0,0,0,6,0,0,0,0,0,0,0,0,0,0,0,0,0
SafeBus-COL-06,9,FALSE,NONE,1.8e-05,0.004209,0.008108,0.144936,8204,FALSE,0,20,14,20,14,147,463,144,451,0,0,2,0,12,0,0,0,1,0,0,0,18,0,0,0,0,0,0,0,0,0,0,0,0,0
SafeBus-COL-06,10,NONE,NONE,3.5e-05,0.004795,0.00799,0.0,39920,FALSE,0,20,14,20,14,147,463,139,451,0,0,1,0,12,0,0,0,1,0,0,0,6,0,0,0,0,0,0,0,0,0,0,0,0,0
SafeBus-COL-06,11,TRUE,NONE,2.7e-05,0.004313,0.011423,0.003036,7592,FALSE,0,20,14,20,14,147,463,138,451,0,0,2,0,12,0,0,0,1,0,0,0,6,0,0,0,0,0,0,0,0,0,0,0,0,0
SafeBus-COL-06,12,FALSE,NONE,2.5e-05,0.004306,0.008661,0.040291,8084,FALSE,0,20,14,20,14,147,463,145,451,0,0,1,0,12,0,0,0,1,0,0,0,18,0,0,0,0,0,0,0,0,0,0,0,0,0
SafeBus-COL-06,13,TRUE,NONE,2.3e-05,0.004256,0.016601,0.003266,7980,FALSE,0,20,14,20,14,147,463,132,445,0,0,2,0,12,0,0,0,1,0,0,0,6,0,0,0,0,0,6,0,0,0,0,0,0,0
SafeBus-COL-06,14,FALSE,NONE,2.6e-05,0.004411,0.011469,0.003592,8048,FALSE,0,20,14,20,14,147,463,139,451,0,0,1,0,12,0,0,0,1,0,0,0,6,0,0,0,0,0,0,0,0,0,0,0,0,0
SafeBus-COL-06,15,FALSE,NONE,2.8e-05,0.004495,0.011823,0.003595,7600,FALSE,0,20,14,20,14,147,463,138,451,0,0,2,0,12,0,0,0,1,0,0,0,6,0,0,0,0,0,0,0,0,0,0,0,0,0
SafeBus-COL-06,16,FALSE,NONE,2.5e-05,0.004145,0.014822,0.115498,9304,FALSE,0,20,14,20,14,147,463,134,445,0,0,0,0,12,0,0,0,1,0,0,0,6,0,0,0,0,0,6,0,0,0,0,0,0,0
SafeBus-COL-10,1,NONE,NONE,2.6e-05,0.015616,0.140214,0.0,22100,FALSE,0,20,14,20,14,319,1651,318,1631,0,0,0,0,20,0,0,0,1,0,0,0,30,0,0,0,0,0,0,0,0,0,0,0,0,0
SafeBus-COL-10,2,TRUE,NONE,2.5e-05,0.01512,0.271899,0.007039,8872,FALSE,0,20,14,20,14,319,1651,308,1631,0,0,0,0,20,0,0,0,1,0,0,0,10,0,0,0,0,0,0,0,0,0,0,0,0,0
SafeBus-COL-10,3,TRUE,NONE,2.8e-05,0.01702,0.159013,0.018572,10036,FALSE,0,20,14,20,14,319,1651,308,1631,0,0,0,0,20,0,0,0,1,0,0,0,10,0,0,0,0,0,0,0,0,0,0,0,0,0
SafeBus-COL-10,4,TRUE,NONE,2.9e-05,0.015373,0.175639,0.007137,9940,FALSE,0,20,14,20,14,319,1651,308,1631,0,0,0,0,20,0,0,0,1,0,0,0,10,0,0,0,0,0,0,0,0,0,0,0,0,0
SafeBus-COL-10,5,NONE,NONE,2.5e-05,0.015178,0.172286,0.0,55036,FALSE,0,20,14,20,14,319,1651,308,1631,0,0,0,0,20,0,0,0,1,0,0,0,10,0,0,0,0,0,0,0,0,0,0,0,0,0
SafeBus-COL-10,6,NONE,NONE,2.6e-05,0.015237,0.157355,0.0,31968,FALSE,0,20,14,20,14,319,1651,318,1631,0,0,0,0,20,0,0,0,1,0,0,0,30,0,0,0,0,0,0,0,0,0,0,0,0,0
SafeBus-COL-10,7,FALSE,NONE,2.5e-05,0.015161,0.154485,0.007302,9616,FALSE,0,20,14,20,14,319,1651,308,1631,0,0,0,0,20,0,0,0,1,0,0,0,10,0,0,0,0,0,0,0,0,0,0,0,0,0
SafeBus-COL-10,8,TRUE,NONE,1.6e-05,0.015383,0.153901,0.014788,9600,FALSE,0,20,14,20,14,319,1651,308,1631,0,0,0,0,20,0,0,0,1,0,0,0,10,0,0,0,0,0,0,0,0,0,0,0,0,0
SafeBus-COL-10,9,FALSE,NONE,2.7e-05,0.015822,0.270111,0.006325,9008,FALSE,0,20,14,20,14,319,1651,308,1631,0,0,0,0,20,0,0,0,1,0,0,0,10,0,0,0,0,0,0,0,0,0,0,0,0,0
SafeBus-COL-10,10,NONE,NONE,2.7e-05,0.015124,0.220515,0.0,43520,FALSE,0,20,14,20,14,319,1651,308,1631,0,0,0,0,20,0,0,0,1,0,0,0,10,0,0,0,0,0,0,0,0,0,0,0,0,0
SafeBus-COL-10,11,TRUE,NONE,2.7e-05,0.01454,0.178248,0.007138,8400,FALSE,0,20,14,20,14,319,1651,308,1631,0,0,0,0,20,0,0,0,1,0,0,0,10,0,0,0,0,0,0,0,0,0,0,0,0,0
SafeBus-COL-10,12,TRUE,NONE,2.7e-05,0.014804,0.265635,0.00562,8972,FALSE,0,20,14,20,14,319,1651,308,1631,0,0,0,0,20,0,0,0,1,0,0,0,10,0,0,0,0,0,0,0,0,0,0,0,0,0
SafeBus-COL-10,13,FALSE,NONE,2.4e-05,0.017006,0.299849,0.007483,9000,FALSE,0,20,14,20,14,319,1651,308,1631,0,0,0,0,20,0,0,0,1,0,0,0,10,0,0,0,0,0,0,0,0,0,0,0,0,0
SafeBus-COL-10,14,TRUE,NONE,2.3e-05,0.018125,0.218973,0.007214,8400,FALSE,0,20,14,20,14,319,1651,308,1631,0,0,0,0,20,0,0,0,1,0,0,0,10,0,0,0,0,0,0,0,0,0,0,0,0,0
SafeBus-COL-10,15,NONE,NONE,2e-05,0.017715,0.153008,0.0,25056,FALSE,0,20,14,20,14,319,1651,317,1631,0,0,0,0,20,0,0,0,1,0,0,0,28,0,0,0,0,0,0,0,0,0,0,0,0,0
SafeBus-COL-10,16,FALSE,NONE,2.3e-05,0.015099,0.156196,0.010587,9752,FALSE,0,20,14,20,14,319,1651,318,1631,0,0,0,0,20,0,0,0,1,0,0,0,30,0,0,0,0,0,0,0,0,0,0,0,0,0
SafeBus-COL-15,1,FALSE,NONE,3.6e-05,0.051648,0.474094,0.002753,16000,FALSE,0,20,14,20,14,623,4801,227,0,0,0,0,0,4801,0,0,0,1,0,0,0,1076,0,0,0,0,0,0,0,0,0,0,0,0,0
SafeBus-COL-15,2,FALSE,NONE,2.1e-05,0.050271,0.373367,0.002916,16180,FALSE,0,20,14,20,14,623,4801,106,0,0,0,0,0,4801,0,0,0,1,0,0,0,834,0,0,0,0,0,0,0,0,0,0,0,0,0
SafeBus-COL-15,3,FALSE,NONE,2.4e-05,0.052417,0.480694,0.00733,17036,FALSE,0,20,14,20,14,623,4801,318,0,0,0,0,0,4801,0,0,0,1,0,0,0,1258,0,0,0,0,0,0,0,0,0,0,0,0,0
SafeBus-COL-15,4,FALSE,NONE,1.5e-05,0.044472,0.020065,0.0,9216,TRUE,0,20,14,20,14,623,4801,0,0,0,0,0,0,0,0,0,0,1,0,0,0,0,0,0,0,0,0,0,0,0,0,0,0,0,0
SafeBus-COL-15,5,FALSE,NONE,2.3e-05,0.053092,0.481551,0.005746,17268,FALSE,0,20,14,20,14,623,4801,274,0,0,0,0,0,4801,0,0,0,1,0,0,0,1170,0,0,0,0,0,0,0,0,0,0,0,0,0
SafeBus-COL-15,6,FALSE,NONE,3e-05,0.054848,0.471501,0.005114,15948,FALSE,0,20,14,20,14,623,4801,288,0,0,0,0,0,4801,0,0,0,1,0,0,0,1198,0,0,0,0,0,0,0,0,0,0,0,0,0
SafeBus-COL-15,7,FALSE,NONE,2.8e-05,0.054911,0.46796,0.003074,16568,FALSE,0,20,14,20,14,623,4801,291,0,0,0,0,0,4801,0,0,0,1,0,0,0,1204,0,0,0,0,0,0,0,0,0,0,0,0,0
SafeBus-COL-15,8,TRUE,NONE,3.1e-05,0.053075,0.473009,0.002976,15252,FALSE,0,20,14,20,14,623,4801,30,0,0,0,0,0,4801,0,0,0,1,0,0,0,682,0,0,0,0,0,0,0,0,0,0,0,0,0
SafeBus-COL-15,9,FALSE,NONE,3e-05,0.050691,0.471428,0.003056,16076,FALSE,0,20,14,20,14,623,4801,31,0,0,0,0,0,4801,0,0,0,1,0,0,0,684,0,0,0,0,0,0,0,0,0,0,0,0,0
SafeBus-COL-15,10,FALSE,NONE,2.7e-05,0.053647,0.429147,0.003744,16128,FALSE,0,20,14,20,14,623,4801,92,0,0,0,0,0,4801,0,0,0,1,0,0,0,806,0,0,0,0,0,0,0,0,0,0,0,0,0
SafeBus-COL-15,11,FALSE,NONE,2.6e-05,0.048081,0.47087,0.004661,16160,FALSE,0,20,14,20,14,623,4801,122,0,0,0,0,0,4801,0,0,0,1,0,0,0,866,0,0,0,0,0,0,0,0,0,0,0,0,0
SafeBus-COL-15,12,FALSE,NONE,2.4e-05,0.04989,0.02173,0.0,14264,TRUE,0,20,14,20,14,623,4801,0,0,0,0,0,0,0,0,0,0,1,0,0,0,0,0,0,0,0,0,0,0,0,0,0,0,0,0
SafeBus-COL-15,13,TRUE,NONE,2.6e-05,0.053581,0.473345,0.004138,16108,FALSE,0,20,14,20,14,623,4801,91,0,0,0,0,0,4801,0,0,0,1,0,0,0,804,0,0,0,0,0,0,0,0,0,0,0,0,0
SafeBus-COL-15,14,FALSE,NONE,2.5e-05,0.058046,0.499863,0.004639,15924,FALSE,0,20,14,20,14,623,4801,256,0,0,0,0,0,4801,0,0,0,1,0,0,0,1134,0,0,0,0,0,0,0,0,0,0,0,0,0
SafeBus-COL-15,15,FALSE,NONE,3.4e-05,0.057686,0.46148,0.005705,15328,FALSE,0,20,14,20,14,623,4801,31,0,0,0,0,0,4801,0,0,0,1,0,0,0,684,0,0,0,0,0,0,0,0,0,0,0,0,0
SafeBus-COL-15,16,FALSE,NONE,2.7e-05,0.057288,0.481817,0.004873,15852,FALSE,0,20,14,20,14,623,4801,226,0,0,0,0,0,4801,0,0,0,1,0,0,0,1074,0,0,0,0,0,0,0,0,0,0,0,0,0
SafeBus-COL-20,1,FALSE,NONE,2.4e-05,0.1127,10.0007,0.02621,26256,FALSE,0,20,14,20,14,1027,10501,1006,10461,0,0,0,0,40,0,0,0,1,0,0,0,20,0,0,0,0,0,0,0,0,0,0,0,0,0
SafeBus-COL-20,2,TRUE,NONE,2.8e-05,0.101232,9.818,0.041409,27740,FALSE,0,20,14,20,14,1027,10501,1026,10461,0,0,0,0,40,0,0,0,1,0,0,0,60,0,0,0,0,0,0,0,0,0,0,0,0,0
SafeBus-COL-20,3,NONE,NONE,2.7e-05,0.10181,9.59683,0.0,53276,FALSE,0,20,14,20,14,1027,10501,1026,10461,0,0,0,0,40,0,0,0,1,0,0,0,60,0,0,0,0,0,0,0,0,0,0,0,0,0
SafeBus-COL-20,4,NONE,NONE,3.5e-05,0.094048,10.0021,0.0,27848,FALSE,0,20,14,20,14,1027,10501,1026,10461,0,0,0,0,40,0,0,0,1,0,0,0,60,0,0,0,0,0,0,0,0,0,0,0,0,0
SafeBus-COL-20,5,TRUE,NONE,2.5e-05,0.101093,10.0009,0.030523,27580,FALSE,0,20,14,20,14,1027,10501,1026,10461,0,0,0,0,40,0,0,0,1,0,0,0,60,0,0,0,0,0,0,0,0,0,0,0,0,0
SafeBus-COL-20,6,TRUE,NONE,2.9e-05,0.113432,10.0008,0.02479,27392,FALSE,0,20,14,20,14,1027,10501,1026,10461,0,0,0,0,40,0,0,0,1,0,0,0,60,0,0,0,0,0,0,0,0,0,0,0,0,0
SafeBus-COL-20,7,FALSE,NONE,2.6e-05,0.104734,10.0006,0.150448,27540,FALSE,0,20,14,20,14,1027,10501,1006,10461,0,0,0,0,40,0,0,0,1,0,0,0,20,0,0,0,0,0,0,0,0,0,0,0,0,0
SafeBus-COL-20,8,FALSE,NONE,2.3e-05,0.100527,9.41719,0.43514,28556,FALSE,0,20,14,20,14,1027,10501,1006,10461,0,0,0,0,40,0,0,0,1,0,0,0,20,0,0,0,0,0,0,0,0,0,0,0,0,0
SafeBus-COL-20,9,TRUE,NONE,2.6e-05,0.101308,10.0005,0.023067,27604,FALSE,0,20,14,20,14,1027,10501,1006,10461,0,0,0,0,40,0,0,0,1,0,0,0,20,0,0,0,0,0,0,0,0,0,0,0,0,0
SafeBus-COL-20,10,TRUE,NONE,2.6e-05,0.103567,8.63951,0.049049,28188,FALSE,0,20,14,20,14,1027,10501,1026,10461,0,0,0,0,40,0,0,0,1,0,0,0,60,0,0,0,0,0,0,0,0,0,0,0,0,0
SafeBus-COL-20,11,FALSE,NONE,2.5e-05,0.105813,10.0009,0.031696,27700,FALSE,0,20,14,20,14,1027,10501,1026,10461,0,0,0,0,40,0,0,0,1,0,0,0,60,0,0,0,0,0,0,0,0,0,0,0,0,0
SafeBus-COL-20,12,NONE,NONE,1.8e-05,0.148332,8.79441,0.0,27388,FALSE,0,20,14,20,14,1027,10501,1026,10461,0,0,0,0,40,0,0,0,1,0,0,0,60,0,0,0,0,0,0,0,0,0,0,0,0,0
SafeBus-COL-20,13,TRUE,NONE,2.5e-05,0.106047,10.0008,0.029445,27160,FALSE,0,20,14,20,14,1027,10501,1026,10461,0,0,0,0,40,0,0,0,1,0,0,0,60,0,0,0,0,0,0,0,0,0,0,0,0,0
SafeBus-COL-20,14,TRUE,NONE,2.7e-05,0.100838,10.0005,0.029256,26496,FALSE,0,20,14,20,14,1027,10501,1006,10461,0,0,0,0,40,0,0,0,1,0,0,0,20,0,0,0,0,0,0,0,0,0,0,0,0,0
SafeBus-COL-20,15,TRUE,NONE,2.4e-05,0.105672,9.75766,0.046582,26540,FALSE,0,20,14,20,14,1027,10501,1006,10461,0,0,0,0,40,0,0,0,1,0,0,0,20,0,0,0,0,0,0,0,0,0,0,0,0,0
SafeBus-COL-20,16,TRUE,NONE,2.1e-05,0.102836,8.40717,0.561399,30200,FALSE,0,20,14,20,14,1027,10501,1026,10461,0,0,0,0,40,0,0,0,1,0,0,0,60,0,0,0,0,0,0,0,0,0,0,0,0,0
SafeBus-COL-50,1,TRUE,NONE,2.3e-05,1.48432,10.0016,0.0,128644,TRUE,0,20,14,20,14,5559,140251,0,0,0,0,0,0,0,0,0,0,1,0,0,0,0,0,0,0,0,0,0,0,0,0,0,0,0,0
SafeBus-COL-50,2,FALSE,NONE,2.1e-05,1.47149,9.36591,0.0,159664,TRUE,0,20,14,20,14,5559,140251,0,0,0,0,0,0,0,0,0,0,1,0,0,0,0,0,0,0,0,0,0,0,0,0,0,0,0,0
SafeBus-COL-50,3,FALSE,NONE,2.7e-05,1.43376,8.8351,0.0,128264,TRUE,0,20,14,20,14,5559,140251,0,0,0,0,0,0,0,0,0,0,1,0,0,0,0,0,0,0,0,0,0,0,0,0,0,0,0,0
SafeBus-COL-50,4,TRUE,NONE,4.5e-05,1.57428,10.0219,0.991178,288064,FALSE,0,20,14,20,14,5559,140251,5559,140251,0,0,0,0,0,0,0,0,0,0,0,0,0,0,0,0,0,0,0,0,0,0,0,0,0,0
SafeBus-COL-50,5,FALSE,NONE,2.4e-05,1.43659,10.0017,0.0,127776,TRUE,0,20,14,20,14,5559,140251,0,0,0,0,0,0,0,0,0,0,1,0,0,0,0,0,0,0,0,0,0,0,0,0,0,0,0,0
SafeBus-COL-50,6,FALSE,NONE,2.8e-05,1.46007,9.88923,0.0,129824,TRUE,0,20,14,20,14,5559,140251,0,0,0,0,0,0,0,0,0,0,1,0,0,0,0,0,0,0,0,0,0,0,0,0,0,0,0,0
SafeBus-COL-50,7,FALSE,NONE,2.6e-05,1.27305,8.10612,0.0,126588,TRUE,0,20,14,20,14,5559,140251,0,0,0,0,0,0,0,0,0,0,1,0,0,0,0,0,0,0,0,0,0,0,0,0,0,0,0,0
SafeBus-COL-50,8,FALSE,NONE,2.7e-05,1.53564,10.0389,0.947875,292188,FALSE,0,20,14,20,14,5559,140251,5559,140251,0,0,0,0,0,0,0,0,0,0,0,0,0,0,0,0,0,0,0,0,0,0,0,0,0,0
SafeBus-COL-50,9,FALSE,NONE,3.5e-05,1.38743,9.40559,0.0,128536,TRUE,0,20,14,20,14,5559,140251,0,0,0,0,0,0,0,0,0,0,1,0,0,0,0,0,0,0,0,0,0,0,0,0,0,0,0,0
SafeBus-COL-50,10,FALSE,NONE,2.9e-05,1.46572,10.002,0.0,157864,TRUE,0,20,14,20,14,5559,140251,0,0,0,0,0,0,0,0,0,0,1,0,0,0,0,0,0,0,0,0,0,0,0,0,0,0,0,0
SafeBus-COL-50,11,TRUE,NONE,2.7e-05,1.46112,10.0143,0.724177,287916,FALSE,0,20,14,20,14,5559,140251,5559,140251,0,0,0,0,0,0,0,0,0,0,0,0,0,0,0,0,0,0,0,0,0,0,0,0,0,0
SafeBus-COL-50,12,FALSE,NONE,1.6e-05,1.52059,9.11821,0.0,129488,TRUE,0,20,14,20,14,5559,140251,0,0,0,0,0,0,0,0,0,0,1,0,0,0,0,0,0,0,0,0,0,0,0,0,0,0,0,0
SafeBus-COL-50,13,TRUE,NONE,2.8e-05,1.47634,10.0017,0.0,128552,TRUE,0,20,14,20,14,5559,140251,0,0,0,0,0,0,0,0,0,0,1,0,0,0,0,0,0,0,0,0,0,0,0,0,0,0,0,0
SafeBus-COL-50,14,NONE,NONE,1.8e-05,1.61497,0.0,0.0,389632,FALSE,0,20,14,20,14,5559,140251,0,0,0,0,0,0,0,0,0,0,0,0,0,0,0,0,0,0,0,0,0,0,0,0,0,0,0,0
SafeBus-COL-50,15,FALSE,NONE,6e-06,1.53454,10.0018,0.0,158892,TRUE,0,20,14,20,14,5559,140251,0,0,0,0,0,0,0,0,0,0,1,0,0,0,0,0,0,0,0,0,0,0,0,0,0,0,0,0
SafeBus-COL-50,16,TRUE,NONE,2.8e-05,1.62459,10.0129,0.733305,285744,FALSE,0,20,14,20,14,5559,140251,5559,140251,0,0,0,0,0,0,0,0,0,0,0,0,0,0,0,0,0,0,0,0,0,0,0,0,0,0
SafeBus-COL-80,1,NONE,NONE,2.3e-05,0.0,0.0,0.0,230536,FALSE,0,20,14,20,14,0,0,0,0,0,0,0,0,0,0,0,0,0,0,0,0,0,0,0,0,0,0,0,0,0,0,0,0,0,0
SafeBus-COL-80,2,NONE,NONE,2.5e-05,0.0,0.0,0.0,230588,FALSE,0,20,14,20,14,0,0,0,0,0,0,0,0,0,0,0,0,0,0,0,0,0,0,0,0,0,0,0,0,0,0,0,0,0,0
SafeBus-COL-80,3,NONE,NONE,2.5e-05,0.0,0.0,0.0,230592,FALSE,0,20,14,20,14,0,0,0,0,0,0,0,0,0,0,0,0,0,0,0,0,0,0,0,0,0,0,0,0,0,0,0,0,0,0
SafeBus-COL-80,4,NONE,NONE,2.7e-05,0.0,0.0,0.0,230592,FALSE,0,20,14,20,14,0,0,0,0,0,0,0,0,0,0,0,0,0,0,0,0,0,0,0,0,0,0,0,0,0,0,0,0,0,0
SafeBus-COL-80,5,NONE,NONE,7e-06,0.0,0.0,0.0,230540,FALSE,0,20,14,20,14,0,0,0,0,0,0,0,0,0,0,0,0,0,0,0,0,0,0,0,0,0,0,0,0,0,0,0,0,0,0
SafeBus-COL-80,6,NONE,NONE,2.6e-05,0.0,0.0,0.0,230368,FALSE,0,20,14,20,14,0,0,0,0,0,0,0,0,0,0,0,0,0,0,0,0,0,0,0,0,0,0,0,0,0,0,0,0,0,0
SafeBus-COL-80,7,NONE,NONE,2.6e-05,0.0,0.0,0.0,230568,FALSE,0,20,14,20,14,0,0,0,0,0,0,0,0,0,0,0,0,0,0,0,0,0,0,0,0,0,0,0,0,0,0,0,0,0,0
SafeBus-COL-80,8,NONE,NONE,2.2e-05,0.0,0.0,0.0,230468,FALSE,0,20,14,20,14,0,0,0,0,0,0,0,0,0,0,0,0,0,0,0,0,0,0,0,0,0,0,0,0,0,0,0,0,0,0
SafeBus-COL-80,9,NONE,NONE,2.7e-05,0.0,0.0,0.0,230352,FALSE,0,20,14,20,14,0,0,0,0,0,0,0,0,0,0,0,0,0,0,0,0,0,0,0,0,0,0,0,0,0,0,0,0,0,0
SafeBus-COL-80,10,NONE,NONE,3.1e-05,0.0,0.0,0.0,230772,FALSE,0,20,14,20,14,0,0,0,0,0,0,0,0,0,0,0,0,0,0,0,0,0,0,0,0,0,0,0,0,0,0,0,0,0,0
SafeBus-COL-80,11,NONE,NONE,2.2e-05,0.0,0.0,0.0,230640,FALSE,0,20,14,20,14,0,0,0,0,0,0,0,0,0,0,0,0,0,0,0,0,0,0,0,0,0,0,0,0,0,0,0,0,0,0
SafeBus-COL-80,12,NONE,NONE,2.2e-05,0.0,0.0,0.0,230352,FALSE,0,20,14,20,14,0,0,0,0,0,0,0,0,0,0,0,0,0,0,0,0,0,0,0,0,0,0,0,0,0,0,0,0,0,0
SafeBus-COL-80,13,NONE,NONE,2.8e-05,0.0,0.0,0.0,230564,FALSE,0,20,14,20,14,0,0,0,0,0,0,0,0,0,0,0,0,0,0,0,0,0,0,0,0,0,0,0,0,0,0,0,0,0,0
SafeBus-COL-80,14,NONE,NONE,2.8e-05,0.0,0.0,0.0,230568,FALSE,0,20,14,20,14,0,0,0,0,0,0,0,0,0,0,0,0,0,0,0,0,0,0,0,0,0,0,0,0,0,0,0,0,0,0
SafeBus-COL-80,15,NONE,NONE,2.7e-05,0.0,0.0,0.0,230600,FALSE,0,20,14,20,14,0,0,0,0,0,0,0,0,0,0,0,0,0,0,0,0,0,0,0,0,0,0,0,0,0,0,0,0,0,0
SafeBus-COL-80,16,NONE,NONE,1.7e-05,0.0,0.0,0.0,230600,FALSE,0,20,14,20,14,0,0,0,0,0,0,0,0,0,0,0,0,0,0,0,0,0,0,0,0,0,0,0,0,0,0,0,0,0,0
SharedMemory-COL-000005,1,FALSE,NONE,3e-06,0.00048,9.6e-05,0.0,4464,TRUE,0,6,5,6,5,46,60,0,0,0,0,0,0,0,0,0,0,1,0,0,0,0,0,0,0,0,0,0,0,0,0,0,0,0,0
SharedMemory-COL-000005,2,TRUE,NONE,3e-06,0.000511,0.000116,0.0,4428,TRUE,0,6,5,6,5,46,60,0,0,0,0,0,0,0,0,0,0,1,0,0,0,0,0,0,0,0,0,0,0,0,0,0,0,0,0
SharedMemory-COL-000005,3,TRUE,NONE,3e-06,0.000455,0.000323,0.00278,6964,FALSE,0,6,5,6,5,46,60,41,55,0,0,0,0,5,0,0,0,0,0,0,0,5,0,0,0,0,0,0,0,0,0,0,0,0,0
SharedMemory-COL-000005,4,FALSE,NONE,3e-06,0.000521,0.000118,0.0,5020,TRUE,0,6,5,6,5,46,60,0,0,0,0,0,0,0,0,0,0,1,0,0,0,0,0,0,0,0,0,0,0,0,0,0,0,0,0
SharedMemory-COL-000005,5,TRUE,NONE,3e-06,0.000453,0.00033,0.003241,7008,FALSE,0,6,5,6,5,46,60,41,55,0,0,0,0,5,0,0,0,0,0,0,0,5,0,0,0,0,0,0,0,0,0,0,0,0,0
SharedMemory-COL-000005,6,FALSE,NONE,2e-06,0.000569,8.3e-05,0.0,4440,TRUE,0,6,5,6,5,46,60,0,0,0,0,0,0,0,0,0,0,1,0,0,0,0,0,0,0,0,0,0,0,0,0,0,0,0,0
SharedMemory-COL-000005,7,TRUE,NONE,2e-06,0.0005,0.000271,0.002883,6964,FALSE,0,6,5,6,5,46,60,41,55,0,0,0,0,5,0,0,0,0,0,0,0,5,0,0,0,0,0,0,0,0,0,0,0,0,0
SharedMemory-COL-000005,8,FALSE,NONE,3e-06,0.000503,8.3e-05,0.0,4428,TRUE,0,6,5,6,5,46,60,0,0,0,0,0,0,0,0,0,0,1,0,0,0,0,0,0,0,0,0,0,0,0,0,0,0,0,0
SharedMemory-COL-000005,9,FALSE,NONE,3e-06,0.000425,0.000291,0.002618,6964,FALSE,0,6,5,6,5,46,60,41,55,0,0,0,0,5,0,0,0,0,0,0,0,5,0,0,0,0,0,0,0,0,0,0,0,0,0
SharedMemory-COL-000005,10,TRUE,NONE,3e-06,0.0005,0.000104,0.0,4440,TRUE,0,6,5,6,5,46,60,0,0,0,0,0,0,0,0,0,0,1,0,0,0,0,0,0,0,0,0,0,0,0,0,0,0,0,0
SharedMemory-COL-000005,11,FALSE,NONE,3e-06,0.000457,0.000471,0.002373,6696,FALSE,0,6,5,6,5,46,60,15,20,0,0,0,15,5,0,0,0,0,0,0,0,11,0,0,0,0,0,20,0,0,0,0,0,0,0
SharedMemory-COL-000005,12,TRUE,NONE,2e-06,0.000448,0.000372,0.002797,6964,FALSE,0,6,5,6,5,46,60,41,55,0,0,0,0,5,0,0,0,0,0,0,0,5,0,0,0,0,0,0,0,0,0,0,0,0,0
SharedMemory-COL-000005,13,FALSE,NONE,3e-06,0.000506,0.000532,0.002783,6700,FALSE,0,6,5,6,5,46,60,15,20,0,0,0,15,5,0,0,0,0,0,0,0,11,0,0,0,0,0,20,0,0,0,0,0,0,0
SharedMemory-COL-000005,14,FALSE,NONE,3e-06,0.00049,8.2e-05,0.0,4448,TRUE,0,6,5,6,5,46,60,0,0,0,0,0,0,0,0,0,0,1,0,0,0,0,0,0,0,0,0,0,0,0,0,0,0,0,0
SharedMemory-COL-000005,15,TRUE,NONE,3e-06,0.000468,0.000461,0.002116,6924,FALSE,0,6,5,6,5,46,60,36,45,0,0,0,0,5,0,5,0,0,0,0,0,5,0,0,0,0,0,5,0,0,0,0,0,0,0
SharedMemory-COL-000005,16,TRUE,NONE,4e-06,0.00048,0.000468,0.002497,6696,FALSE,0,6,5,6,5,46,60,36,50,0,0,0,0,5,0,0,0,0,0,0,0,5,0,0,0,0,0,20,0,0,0,0,0,0,0
SharedMemory-COL-000010,1,FALSE,NONE,3e-06,0.001769,0.000908,0.002688,7236,FALSE,0,6,5,6,5,141,220,131,210,0,0,0,0,10,0,0,0,0,0,0,0,10,0,0,0,0,0,0,0,0,0,0,0,0,0
SharedMemory-COL-000010,2,TRUE,NONE,3e-06,0.001671,0.0017,0.002801,7136,FALSE,0,6,5,6,5,141,220,30,40,0,0,0,80,10,0,0,0,0,0,0,0,21,0,0,0,0,0,90,0,0,0,0,0,0,0
SharedMemory-COL-000010,3,TRUE,NONE,3e-06,0.001755,0.00166,0.002766,7132,FALSE,0,6,5,6,5,141,220,30,40,0,0,0,80,10,0,0,0,0,0,0,0,21,0,0,0,0,0,90,0,0,0,0,0,0,0
SharedMemory-COL-000010,4,FALSE,NONE,3e-06,0.001625,0.001609,0.002802,7136,FALSE,0,6,5,6,5,141,220,30,40,0,0,0,80,10,0,0,0,0,0,0,0,21,0,0,0,0,0,90,0,0,0,0,0,0,0
SharedMemory-COL-000010,5,NONE,NONE,2e-06,0.001688,0.000929,0.0,32720,FALSE,0,6,5,6,5,141,220,131,210,0,0,0,0,10,0,0,0,0,0,0,0,10,0,0,0,0,0,0,0,0,0,0,0,0,0
SharedMemory-COL-000010,6,FALSE,NONE,3e-06,0.001797,0.001674,0.00287,7136,FALSE,0,6,5,6,5,141,220,30,40,0,0,0,80,10,0,0,0,0,0,0,0,21,0,0,0,0,0,90,0,0,0,0,0,0,0
SharedMemory-COL-000010,7,FALSE,NONE,3e-06,0.001731,0.00158,0.00273,7132,FALSE,0,6,5,6,5,141,220,30,40,0,0,0,80,10,0,0,0,0,0,0,0,21,0,0,0,0,0,90,0,0,0,0,0,0,0
SharedMemory-COL-000010,8,FALSE,NONE,4e-06,0.001497,0.000851,0.003104,7128,FALSE,0,6,5,6,5,141,220,131,210,0,0,0,0,10,0,0,0,0,0,0,0,10,0,0,0,0,0,0,0,0,0,0,0,0,0
SharedMemory-COL-000010,9,FALSE,NONE,2e-06,0.001637,0.000875,0.002991,7296,FALSE,0,6,5,6,5,141,220,131,210,0,0,0,0,10,0,0,0,0,0,0,0,10,0,0,0,0,0,0,0,0,0,0,0,0,0
SharedMemory-COL-000010,10,TRUE,NONE,3e-06,0.001791,0.001023,0.006198,7536,FALSE,0,6,5,6,5,141,220,131,210,0,0,0,0,10,0,0,0,0,0,0,0,10,0,0,0,0,0,0,0,0,0,0,0,0,0
SharedMemory-COL-000010,11,TRUE,NONE,4e-06,0.001672,0.000244,0.0,5548,TRUE,0,6,5,6,5,141,220,0,0,0,0,0,0,0,0,0,0,1,0,0,0,0,0,0,0,0,0,0,0,0,0,0,0,0,0
SharedMemory-COL-000010,12,TRUE,NONE,3e-06,0.001684,0.000991,0.002878,7128,FALSE,0,6,5,6,5,141,220,131,210,0,0,0,0,10,0,0,0,0,0,0,0,10,0,0,0,0,0,0,0,0,0,0,0,0,0
SharedMemory-COL-000010,13,FALSE,NONE,3e-06,0.001501,0.000876,0.002478,7488,FALSE,0,6,5,6,5,141,220,131,210,0,0,0,0,10,0,0,0,0,0,0,0,10,0,0,0,0,0,0,0,0,0,0,0,0,0
SharedMemory-COL-000010,14,FALSE,NONE,5e-06,0.001686,0.000883,0.002976,7128,FALSE,0,6,5,6,5,141,220,131,210,0,0,0,0,10,0,0,0,0,0,0,0,10,0,0,0,0,0,0,0,0,0,0,0,0,0
SharedMemory-COL-000010,15,FALSE,NONE,3e-06,0.001914,0.000997,0.002972,7268,FALSE,0,6,5,6,5,141,220,131,210,0,0,0,0,10,0,0,0,0,0,0,0,10,0,0,0,0,0,0,0,0,0,0,0,0,0
SharedMemory-COL-000010,16,FALSE,NONE,4e-06,0.001444,0.001637,0.002525,7136,FALSE,0,6,5,6,5,141,220,30,40,0,0,0,80,10,0,0,0,0,0,0,0,21,0,0,0,0,0,90,0,0,0,0,0,0,0
SharedMemory-COL-000020,1,NONE,NONE,3e-06,0.005856,0.004948,0.0,111108,FALSE,0,6,5,6,5,481,840,461,820,0,0,0,0,20,0,0,0,0,0,0,0,20,0,0,0,0,0,0,0,0,0,0,0,0,0
SharedMemory-COL-000020,2,FALSE,NONE,3e-06,0.005652,0.004573,0.004993,9328,FALSE,0,6,5,6,5,481,840,461,820,0,0,0,0,20,0,0,0,0,0,0,0,20,0,0,0,0,0,0,0,0,0,0,0,0,0
SharedMemory-COL-000020,3,NONE,NONE,3e-06,0.007206,0.004369,0.0,83848,FALSE,0,6,5,6,5,481,840,461,820,0,0,0,0,20,0,0,0,0,0,0,0,20,0,0,0,0,0,0,0,0,0,0,0,0,0
SharedMemory-COL-000020,4,TRUE,NONE,3e-06,0.008148,0.00508,0.005901,9884,FALSE,0,6,5,6,5,481,840,461,820,0,0,0,0,20,0,0,0,0,0,0,0,20,0,0,0,0,0,0,0,0,0,0,0,0,0
SharedMemory-COL-000020,5,FALSE,NONE,2e-06,0.005637,0.007074,0.003854,8508,FALSE,0,6,5,6,5,481,840,60,80,0,0,0,360,20,0,0,0,0,0,0,0,41,0,0,0,0,0,380,0,0,0,0,0,0,0
SharedMemory-COL-000020,6,NONE,NONE,3e-06,0.005954,0.009119,0.0,54944,FALSE,0,6,5,6,5,481,840,441,800,0,0,0,0,20,0,0,0,0,0,0,0,20,0,0,0,0,0,380,0,0,0,0,0,0,0
SharedMemory-COL-000020,7,FALSE,NONE,3e-06,0.005938,0.008473,0.003323,8512,FALSE,0,6,5,6,5,481,840,60,80,0,0,0,360,20,0,0,0,0,0,0,0,41,0,0,0,0,0,380,0,0,0,0,0,0,0
SharedMemory-COL-000020,8,FALSE,NONE,4e-06,0.007584,0.004793,0.00541,9148,FALSE,0,6,5,6,5,481,840,461,820,0,0,0,0,20,0,0,0,0,0,0,0,20,0,0,0,0,0,0,0,0,0,0,0,0,0
SharedMemory-COL-000020,9,FALSE,NONE,3e-06,0.005896,0.008361,0.002982,8512,FALSE,0,6,5,6,5,481,840,60,80,0,0,0,360,20,0,0,0,0,0,0,0,41,0,0,0,0,0,380,0,0,0,0,0,0,0
SharedMemory-COL-000020,10,FALSE,NONE,3e-06,0.005823,0.004498,0.004286,8516,FALSE,0,6,5,6,5,481,840,461,820,0,0,0,0,20,0,0,0,0,0,0,0,20,0,0,0,0,0,0,0,0,0,0,0,0,0
SharedMemory-COL-000020,11,FALSE,NONE,3e-06,0.005923,0.005103,0.003401,7980,FALSE,0,6,5,6,5,481,840,461,820,0,0,0,0,20,0,0,0,0,0,0,0,20,0,0,0,0,0,0,0,0,0,0,0,0,0
SharedMemory-COL-000020,12,TRUE,NONE,3e-06,0.005954,0.005075,0.312953,10228,FALSE,0,6,5,6,5,481,840,461,820,0,0,0,0,20,0,0,0,0,0,0,0,20,0,0,0,0,0,0,0,0,0,0,0,0,0
SharedMemory-COL-000020,13,NONE,NONE,3e-06,0.006103,0.005066,0.0,105968,FALSE,0,6,5,6,5,481,840,461,820,0,0,0,0,20,0,0,0,0,0,0,0,20,0,0,0,0,0,0,0,0,0,0,0,0,0
SharedMemory-COL-000020,14,FALSE,NONE,3e-06,0.006506,0.008787,0.003825,8508,FALSE,0,6,5,6,5,481,840,60,80,0,0,0,360,20,0,0,0,0,0,0,0,41,0,0,0,0,0,380,0,0,0,0,0,0,0
SharedMemory-COL-000020,15,FALSE,NONE,3e-06,0.006511,0.004665,0.0061,9168,FALSE,0,6,5,6,5,481,840,481,820,0,0,0,0,20,0,0,0,0,0,0,0,60,0,0,0,0,0,0,0,0,0,0,0,0,0
SharedMemory-COL-000020,16,TRUE,NONE,3e-06,0.006105,0.00528,0.006675,10444,FALSE,0,6,5,6,5,481,840,461,820,0,0,0,0,20,0,0,0,0,0,0,0,20,0,0,0,0,0,0,0,0,0,0,0,0,0
SharedMemory-COL-000050,1,FALSE,NONE,4e-06,0.040468,0.147564,0.008486,17620,FALSE,0,6,5,6,5,2701,5100,150,200,0,0,0,2400,50,0,0,0,0,0,0,0,101,0,0,0,0,0,2450,0,0,0,0,0,0,0
SharedMemory-COL-000050,2,TRUE,NONE,4e-06,0.039036,0.070799,0.014929,20984,FALSE,0,6,5,6,5,2701,5100,2651,5050,0,0,0,0,50,0,0,0,0,0,0,0,50,0,0,0,0,0,0,0,0,0,0,0,0,0
SharedMemory-COL-000050,3,NONE,NONE,2e-06,0.039259,0.075406,0.0,46524,FALSE,0,6,5,6,5,2701,5100,2651,5050,0,0,0,0,50,0,0,0,0,0,0,0,50,0,0,0,0,0,0,0,0,0,0,0,0,0
SharedMemory-COL-000050,4,NONE,NONE,3e-06,0.038545,0.071654,0.0,47988,FALSE,0,6,5,6,5,2701,5100,2686,5050,0,0,0,0,50,0,0,0,0,0,0,0,120,0,0,0,0,0,0,0,0,0,0,0,0,0
SharedMemory-COL-000050,5,NONE,NONE,3e-06,0.046122,0.090285,0.0,25800,FALSE,0,6,5,6,5,2701,5100,2701,5050,0,0,0,0,50,0,0,0,0,0,0,0,150,0,0,0,0,0,0,0,0,0,0,0,0,0
SharedMemory-COL-000050,6,TRUE,NONE,3e-06,0.044133,0.076881,0.026763,19112,FALSE,0,6,5,6,5,2701,5100,2651,5050,0,0,0,0,50,0,0,0,0,0,0,0,50,0,0,0,0,0,0,0,0,0,0,0,0,0
SharedMemory-COL-000050,7,TRUE,NONE,3e-06,0.039952,0.123298,0.125046,18428,FALSE,0,6,5,6,5,2701,5100,2632,5000,0,0,0,0,50,0,0,0,0,0,0,0,143,0,0,0,0,0,2450,0,0,0,0,0,0,0
SharedMemory-COL-000050,8,TRUE,NONE,3e-06,0.050993,0.010021,0.0,17712,TRUE,0,6,5,6,5,2701,5100,0,0,0,0,0,0,0,0,0,0,1,0,0,0,0,0,0,0,0,0,0,0,0,0,0,0,0,0
SharedMemory-COL-000050,9,FALSE,NONE,3e-06,0.041442,0.07842,26.2313,24808,FALSE,0,6,5,6,5,2701,5100,2701,5050,0,0,0,0,50,0,0,0,0,0,0,0,150,0,0,0,0,0,0,0,0,0,0,0,0,0
SharedMemory-COL-000050,10,FALSE,NONE,3e-06,0.038013,0.073802,0.02551,19080,FALSE,0,6,5,6,5,2701,5100,2651,5050,0,0,0,0,50,0,0,0,0,0,0,0,50,0,0,0,0,0,0,0,0,0,0,0,0,0
SharedMemory-COL-000050,11,NONE,NONE,4e-06,0.037565,0.069538,0.0,67876,FALSE,0,6,5,6,5,2701,5100,2651,5050,0,0,0,0,50,0,0,0,0,0,0,0,50,0,0,0,0,0,0,0,0,0,0,0,0,0
SharedMemory-COL-000050,12,NONE,NONE,2e-06,0.040115,0.075265,0.0,29760,FALSE,0,6,5,6,5,2701,5100,2701,5050,0,0,0,0,50,0,0,0,0,0,0,0,150,0,0,0,0,0,0,0,0,0,0,0,0,0
SharedMemory-COL-000050,13,FALSE,NONE,3e-06,0.040173,0.073884,0.0336,18920,FALSE,0,6,5,6,5,2701,5100,2651,5050,0,0,0,0,50,0,0,0,0,0,0,0,50,0,0,0,0,0,0,0,0,0,0,0,0,0
SharedMemory-COL-000050,14,NONE,NONE,3e-06,0.039115,0.072918,0.0,50712,FALSE,0,6,5,6,5,2701,5100,2651,5050,0,0,0,0,50,0,0,0,0,0,0,0,50,0,0,0,0,0,0,0,0,0,0,0,0,0
SharedMemory-COL-000050,15,NONE,NONE,3e-06,0.037765,0.131177,0.0,42556,FALSE,0,6,5,6,5,2701,5100,2651,4950,0,0,0,0,50,0,50,0,0,0,0,0,200,0,0,0,0,0,50,0,0,0,0,0,0,0
SharedMemory-COL-000050,16,NONE,NONE,3e-06,0.039404,0.075057,0.0,27692,FALSE,0,6,5,6,5,2701,5100,2682,5050,0,0,0,0,50,0,0,0,0,0,0,0,112,0,0,0,0,0,0,0,0,0,0,0,0,0
SharedMemory-COL-000100,1,FALSE,NONE,4e-06,0.296483,1.74961,0.024603,55808,FALSE,0,6,5,6,5,10401,20200,300,400,0,0,0,9800,100,0,0,0,0,0,0,0,201,0,0,0,0,0,9900,0,0,0,0,0,0,0
SharedMemory-COL-000100,2,NONE,NONE,3e-06,0.194886,0.773365,0.0,56836,FALSE,0,6,5,6,5,10401,20200,10401,20100,0,0,0,0,100,0,0,0,0,0,0,0,300,0,0,0,0,0,0,0,0,0,0,0,0,0
SharedMemory-COL-000100,3,TRUE,NONE,4e-06,0.160109,1.87614,0.024505,55804,FALSE,0,6,5,6,5,10401,20200,300,400,0,0,0,9800,100,0,0,0,0,0,0,0,201,0,0,0,0,0,9900,0,0,0,0,0,0,0
SharedMemory-COL-000100,4,TRUE,NONE,4e-06,0.188195,0.106392,0.0,33476,TRUE,0,6,5,6,5,10401,20200,0,0,0,0,0,0,0,0,0,0,1,0,0,0,0,0,0,0,0,0,0,0,0,0,0,0,0,0
SharedMemory-COL-000100,5,FALSE,NONE,3e-06,0.193128,0.871406,1.07313,63088,FALSE,0,6,5,6,5,10401,20200,10401,20100,0,0,0,0,100,0,0,0,0,0,0,0,300,0,0,0,0,0,0,0,0,0,0,0,0,0
SharedMemory-COL-000100,6,FALSE,NONE,2e-06,0.170101,0.743581,0.085218,70976,FALSE,0,6,5,6,5,10401,20200,10401,20100,0,0,0,0,100,0,0,0,0,0,0,0,300,0,0,0,0,0,0,0,0,0,0,0,0,0
SharedMemory-COL-000100,7,NONE,NONE,3e-06,0.174257,0.844597,0.0,60880,FALSE,0,6,5,6,5,10401,20200,10401,20100,0,0,0,0,100,0,0,0,0,0,0,0,300,0,0,0,0,0,0,0,0,0,0,0,0,0
SharedMemory-COL-000100,8,FALSE,NONE,3e-06,0.158758,1.80794,0.02774,55804,FALSE,0,6,5,6,5,10401,20200,300,400,0,0,0,9800,100,0,0,0,0,0,0,0,201,0,0,0,0,0,9900,0,0,0,0,0,0,0
SharedMemory-COL-000100,9,FALSE,NONE,3e-06,0.203577,1.83891,0.027778,55808,FALSE,0,6,5,6,5,10401,20200,300,400,0,0,0,9800,100,0,0,0,0,0,0,0,201,0,0,0,0,0,9900,0,0,0,0,0,0,0
SharedMemory-COL-000100,10,NONE,NONE,2e-06,0.167575,0.853626,0.0,59720,FALSE,0,6,5,6,5,10401,20200,10401,20100,0,0,0,0,100,0,0,0,0,0,0,0,300,0,0,0,0,0,0,0,0,0,0,0,0,0
SharedMemory-COL-000100,11,FALSE,NONE,3e-06,0.162388,1.83159,0.027129,55804,FALSE,0,6,5,6,5,10401,20200,300,400,0,0,0,9800,100,0,0,0,0,0,0,0,201,0,0,0,0,0,9900,0,0,0,0,0,0,0
SharedMemory-COL-000100,12,FALSE,NONE,4e-06,0.176092,0.957946,0.067625,70256,FALSE,0,6,5,6,5,10401,20200,10301,20100,0,0,0,0,100,0,0,0,0,0,0,0,100,0,0,0,0,0,0,0,0,0,0,0,0,0
SharedMemory-COL-000100,13,NONE,NONE,3e-06,0.161163,0.987375,0.0,57800,FALSE,0,6,5,6,5,10401,20200,10401,20100,0,0,0,0,100,0,0,0,0,0,0,0,300,0,0,0,0,0,0,0,0,0,0,0,0,0
SharedMemory-COL-000100,14,NONE,NONE,3e-06,0.171865,0.697544,0.0,63616,FALSE,0,6,5,6,5,10401,20200,10301,20100,0,0,0,0,100,0,0,0,0,0,0,0,100,0,0,0,0,0,0,0,0,0,0,0,0,0
SharedMemory-COL-000100,15,NONE,NONE,3e-06,0.164837,0.880903,0.0,61092,FALSE,0,6,5,6,5,10401,20200,10401,20100,0,0,0,0,100,0,0,0,0,0,0,0,300,0,0,0,0,0,0,0,0,0,0,0,0,0
SharedMemory-COL-000100,16,TRUE,NONE,3e-06,0.208553,1.61103,0.017348,55808,FALSE,0,6,5,6,5,10401,20200,300,400,0,0,0,9800,100,0,0,0,0,0,0,0,201,0,0,0,0,0,9900,0,0,0,0,0,0,0
SharedMemory-COL-000200,1,NONE,NONE,3e-06,0.729892,10.052,0.0,233056,FALSE,0,6,5,6,5,40801,80400,40601,80200,0,0,0,0,200,0,0,0,0,0,0,0,200,0,0,0,0,0,0,0,0,0,0,0,0,0
SharedMemory-COL-000200,2,FALSE,NONE,4e-06,0.706454,10.0081,0.40265,207164,FALSE,0,6,5,6,5,40801,80400,40801,80400,0,0,0,0,0,0,0,0,0,0,0,0,0,0,0,0,0,0,0,0,0,0,0,0,0,0
SharedMemory-COL-000200,3,NONE,NONE,3e-06,0.704225,0.0,0.0,218372,FALSE,0,6,5,6,5,40801,80400,0,0,0,0,0,0,0,0,0,0,0,0,0,0,0,0,0,0,0,0,0,0,0,0,0,0,0,0
SharedMemory-COL-000200,4,NONE,NONE,3e-06,0.712233,10.0325,0.0,213848,FALSE,0,6,5,6,5,40801,80400,40801,80400,0,0,0,0,0,0,0,0,0,0,0,0,0,0,0,0,0,0,0,0,0,0,0,0,0,0
SharedMemory-COL-000200,5,NONE,NONE,4e-06,0.694852,10.1056,0.0,248764,FALSE,0,6,5,6,5,40801,80400,40801,80200,0,0,0,0,200,0,0,0,0,0,0,0,600,0,0,0,0,0,0,0,0,0,0,0,0,0
SharedMemory-COL-000200,6,NONE,NONE,2e-06,0.695411,0.0,0.0,231360,FALSE,0,6,5,6,5,40801,80400,0,0,0,0,0,0,0,0,0,0,0,0,0,0,0,0,0,0,0,0,0,0,0,0,0,0,0,0
SharedMemory-COL-000200,7,NONE,NONE,3e-06,0.723944,0.0,0.0,224904,FALSE,0,6,5,6,5,40801,80400,0,0,0,0,0,0,0,0,0,0,0,0,0,0,0,0,0,0,0,0,0,0,0,0,0,0,0,0
SharedMemory-COL-000200,8,FALSE,NONE,3e-06,0.699886,10.0084,0.379822,211800,FALSE,0,6,5,6,5,40801,80400,40801,80400,0,0,0,0,0,0,0,0,0,0,0,0,0,0,0,0,0,0,0,0,0,0,0,0,0,0
SharedMemory-COL-000200,9,NONE,NONE,3e-06,0.896187,0.0,0.0,149152,FALSE,0,6,5,6,5,40801,80400,0,0,0,0,0,0,0,0,0,0,0,0,0,0,0,0,0,0,0,0,0,0,0,0,0,0,0,0
SharedMemory-COL-000200,10,FALSE,NONE,3e-06,0.700806,10.073,5.5647,231020,FALSE,0,6,5,6,5,40801,80400,40801,80400,0,0,0,0,0,0,0,0,0,0,0,0,0,0,0,0,0,0,0,0,0,0,0,0,0,0
SharedMemory-COL-000200,11,FALSE,NONE,3e-06,0.758259,10.0094,0.421878,211112,FALSE,0,6,5,6,5,40801,80400,40801,80400,0,0,0,0,0,0,0,0,0,0,0,0,0,0,0,0,0,0,0,0,0,0,0,0,0,0
SharedMemory-COL-000200,12,FALSE,NONE,3e-06,0.704194,10.0049,0.432119,206956,FALSE,0,6,5,6,5,40801,80400,40601,80200,0,0,0,0,200,0,0,0,0,0,0,0,200,0,0,0,0,0,0,0,0,0,0,0,0,0
SharedMemory-COL-000200,13,NONE,NONE,2e-06,0.72384,0.0,0.0,238784,FALSE,0,6,5,6,5,40801,80400,0,0,0,0,0,0,0,0,0,0,0,0,0,0,0,0,0,0,0,0,0,0,0,0,0,0,0,0
SharedMemory-COL-000200,14,FALSE,NONE,2e-06,0.749437,10.0111,0.402681,209032,FALSE,0,6,5,6,5,40801,80400,40801,80400,0,0,0,0,0,0,0,0,0,0,0,0,0,0,0,0,0,0,0,0,0,0,0,0,0,0
SharedMemory-COL-000200,15,NONE,NONE,3e-06,0.828046,10.0081,0.0,208792,FALSE,0,6,5,6,5,40801,80400,40601,80200,0,0,0,0,200,0,0,0,0,0,0,0,200,0,0,0,0,0,0,0,0,0,0,0,0,0
SharedMemory-COL-000200,16,FALSE,NONE,3e-06,0.702626,10.0106,0.359678,212508,FALSE,0,6,5,6,5,40801,80400,40801,80400,0,0,0,0,0,0,0,0,0,0,0,0,0,0,0,0,0,0,0,0,0,0,0,0,0,0
SharedMemory-COL-000500,1,NONE,NONE,4e-06,5.62904,0.0,0.0,554920,FALSE,0,6,5,6,5,252001,501000,0,0,0,0,0,0,0,0,0,0,0,0,0,0,0,0,0,0,0,0,0,0,0,0,0,0,0,0
SharedMemory-COL-000500,2,NONE,NONE,3e-06,5.04701,0.0,0.0,554928,FALSE,0,6,5,6,5,252001,501000,0,0,0,0,0,0,0,0,0,0,0,0,0,0,0,0,0,0,0,0,0,0,0,0,0,0,0,0
SharedMemory-COL-000500,3,NONE,NONE,3e-06,6.1296,0.0,0.0,554924,FALSE,0,6,5,6,5,252001,501000,0,0,0,0,0,0,0,0,0,0,0,0,0,0,0,0,0,0,0,0,0,0,0,0,0,0,0,0
SharedMemory-COL-000500,4,NONE,NONE,3e-06,5.81072,0.0,0.0,555188,FALSE,0,6,5,6,5,252001,501000,0,0,0,0,0,0,0,0,0,0,0,0,0,0,0,0,0,0,0,0,0,0,0,0,0,0,0,0
SharedMemory-COL-000500,5,NONE,NONE,2e-06,4.66578,0.0,0.0,554928,FALSE,0,6,5,6,5,252001,501000,0,0,0,0,0,0,0,0,0,0,0,0,0,0,0,0,0,0,0,0,0,0,0,0,0,0,0,0
SharedMemory-COL-000500,6,NONE,NONE,2e-06,4.94362,0.0,0.0,555888,FALSE,0,6,5,6,5,252001,501000,0,0,0,0,0,0,0,0,0,0,0,0,0,0,0,0,0,0,0,0,0,0,0,0,0,0,0,0
SharedMemory-COL-000500,7,NONE,NONE,3e-06,4.95058,0.0,0.0,556128,FALSE,0,6,5,6,5,252001,501000,0,0,0,0,0,0,0,0,0,0,0,0,0,0,0,0,0,0,0,0,0,0,0,0,0,0,0,0
SharedMemory-COL-000500,8,NONE,NONE,3e-06,5.7534,0.0,0.0,555396,FALSE,0,6,5,6,5,252001,501000,0,0,0,0,0,0,0,0,0,0,0,0,0,0,0,0,0,0,0,0,0,0,0,0,0,0,0,0
SharedMemory-COL-000500,9,NONE,NONE,2e-06,5.74776,0.0,0.0,555104,FALSE,0,6,5,6,5,252001,501000,0,0,0,0,0,0,0,0,0,0,0,0,0,0,0,0,0,0,0,0,0,0,0,0,0,0,0,0
SharedMemory-COL-000500,10,NONE,NONE,4e-06,5.85244,0.0,0.0,556420,FALSE,0,6,5,6,5,252001,501000,0,0,0,0,0,0,0,0,0,0,0,0,0,0,0,0,0,0,0,0,0,0,0,0,0,0,0,0
SharedMemory-COL-000500,11,NONE,NONE,3e-06,4.82094,0.0,0.0,554924,FALSE,0,6,5,6,5,252001,501000,0,0,0,0,0,0,0,0,0,0,0,0,0,0,0,0,0,0,0,0,0,0,0,0,0,0,0,0
SharedMemory-COL-000500,12,NONE,NONE,3e-06,4.64112,0.0,0.0,554932,FALSE,0,6,5,6,5,252001,501000,0,0,0,0,0,0,0,0,0,0,0,0,0,0,0,0,0,0,0,0,0,0,0,0,0,0,0,0
SharedMemory-COL-000500,13,NONE,NONE,2e-06,5.85654,0.0,0.0,556812,FALSE,0,6,5,6,5,252001,501000,0,0,0,0,0,0,0,0,0,0,0,0,0,0,0,0,0,0,0,0,0,0,0,0,0,0,0,0
SharedMemory-COL-000500,14,NONE,NONE,3e-06,5.8125,0.0,0.0,555724,FALSE,0,6,5,6,5,252001,501000,0,0,0,0,0,0,0,0,0,0,0,0,0,0,0,0,0,0,0,0,0,0,0,0,0,0,0,0
SharedMemory-COL-000500,15,NONE,NONE,4e-06,5.57813,0.0,0.0,556420,FALSE,0,6,5,6,5,252001,501000,0,0,0,0,0,0,0,0,0,0,0,0,0,0,0,0,0,0,0,0,0,0,0,0,0,0,0,0
SharedMemory-COL-000500,16,NONE,NONE,4e-06,5.95419,0.0,0.0,555824,FALSE,0,6,5,6,5,252001,501000,0,0,0,0,0,0,0,0,0,0,0,0,0,0,0,0,0,0,0,0,0,0,0,0,0,0,0,0
SharedMemory-COL-001000,1,NONE,NONE,4e-06,23.7514,0.0,0.0,2211024,FALSE,0,6,5,6,5,1004001,2002000,0,0,0,0,0,0,0,0,0,0,0,0,0,0,0,0,0,0,0,0,0,0,0,0,0,0,0,0
SharedMemory-COL-001000,2,NONE,NONE,3e-06,21.6538,0.0,0.0,2211280,FALSE,0,6,5,6,5,1004001,2002000,0,0,0,0,0,0,0,0,0,0,0,0,0,0,0,0,0,0,0,0,0,0,0,0,0,0,0,0
SharedMemory-COL-001000,3,NONE,NONE,3e-06,22.121,0.0,0.0,2211052,FALSE,0,6,5,6,5,1004001,2002000,0,0,0,0,0,0,0,0,0,0,0,0,0,0,0,0,0,0,0,0,0,0,0,0,0,0,0,0
SharedMemory-COL-001000,4,NONE,NONE,3e-06,20.398,0.0,0.0,2211736,FALSE,0,6,5,6,5,1004001,2002000,0,0,0,0,0,0,0,0,0,0,0,0,0,0,0,0,0,0,0,0,0,0,0,0,0,0,0,0
SharedMemory-COL-001000,5,NONE,NONE,3e-06,21.8045,0.0,0.0,2211416,FALSE,0,6,5,6,5,1004001,2002000,0,0,0,0,0,0,0,0,0,0,0,0,0,0,0,0,0,0,0,0,0,0,0,0,0,0,0,0
SharedMemory-COL-001000,6,NONE,NONE,4e-06,23.5626,0.0,0.0,2213288,FALSE,0,6,5,6,5,1004001,2002000,0,0,0,0,0,0,0,0,0,0,0,0,0,0,0,0,0,0,0,0,0,0,0,0,0,0,0,0
SharedMemory-COL-001000,7,NONE,NONE,3e-06,21.7336,0.0,0.0,2209492,FALSE,0,6,5,6,5,1004001,2002000,0,0,0,0,0,0,0,0,0,0,0,0,0,0,0,0,0,0,0,0,0,0,0,0,0,0,0,0
SharedMemory-COL-001000,8,NONE,NONE,2e-06,21.5183,0.0,0.0,2210604,FALSE,0,6,5,6,5,1004001,2002000,0,0,0,0,0,0,0,0,0,0,0,0,0,0,0,0,0,0,0,0,0,0,0,0,0,0,0,0
SharedMemory-COL-001000,9,NONE,NONE,3e-06,22.1162,0.0,0.0,2211636,FALSE,0,6,5,6,5,1004001,2002000,0,0,0,0,0,0,0,0,0,0,0,0,0,0,0,0,0,0,0,0,0,0,0,0,0,0,0,0
SharedMemory-COL-001000,10,NONE,NONE,3e-06,25.8591,0.0,0.0,2212688,FALSE,0,6,5,6,5,1004001,2002000,0,0,0,0,0,0,0,0,0,0,0,0,0,0,0,0,0,0,0,0,0,0,0,0,0,0,0,0
SharedMemory-COL-001000,11,NONE,NONE,2e-06,21.975,0.0,0.0,2210952,FALSE,0,6,5,6,5,1004001,2002000,0,0,0,0,0,0,0,0,0,0,0,0,0,0,0,0,0,0,0,0,0,0,0,0,0,0,0,0
SharedMemory-COL-001000,12,NONE,NONE,2e-06,23.7526,0.0,0.0,2212468,FALSE,0,6,5,6,5,1004001,2002000,0,0,0,0,0,0,0,0,0,0,0,0,0,0,0,0,0,0,0,0,0,0,0,0,0,0,0,0
SharedMemory-COL-001000,13,NONE,NONE,3e-06,23.0051,0.0,0.0,2212360,FALSE,0,6,5,6,5,1004001,2002000,0,0,0,0,0,0,0,0,0,0,0,0,0,0,0,0,0,0,0,0,0,0,0,0,0,0,0,0
SharedMemory-COL-001000,14,NONE,NONE,5e-06,23.167,0.0,0.0,2211016,FALSE,0,6,5,6,5,1004001,2002000,0,0,0,0,0,0,0,0,0,0,0,0,0,0,0,0,0,0,0,0,0,0,0,0,0,0,0,0
SharedMemory-COL-001000,15,NONE,NONE,2e-06,22.312,0.0,0.0,2210492,FALSE,0,6,5,6,5,1004001,2002000,0,0,0,0,0,0,0,0,0,0,0,0,0,0,0,0,0,0,0,0,0,0,0,0,0,0,0,0
SharedMemory-COL-001000,16,NONE,NONE,2e-06,21.5395,0.0,0.0,2210008,FALSE,0,6,5,6,5,1004001,2002000,0,0,0,0,0,0,0,0,0,0,0,0,0,0,0,0,0,0,0,0,0,0,0,0,0,0,0,0
SharedMemory-COL-002000,1,NONE,NONE,4e-06,0.0,0.0,0.0,4228632,FALSE,0,6,5,6,5,0,0,0,0,0,0,0,0,0,0,0,0,0,0,0,0,0,0,0,0,0,0,0,0,0,0,0,0,0,0
SharedMemory-COL-002000,2,NONE,NONE,3e-06,0.0,0.0,0.0,4467952,FALSE,0,6,5,6,5,0,0,0,0,0,0,0,0,0,0,0,0,0,0,0,0,0,0,0,0,0,0,0,0,0,0,0,0,0,0
SharedMemory-COL-002000,3,NONE,NONE,2e-06,0.0,0.0,0.0,4416808,FALSE,0,6,5,6,5,0,0,0,0,0,0,0,0,0,0,0,0,0,0,0,0,0,0,0,0,0,0,0,0,0,0,0,0,0,0
SharedMemory-COL-002000,4,NONE,NONE,3e-06,0.0,0.0,0.0,4509420,FALSE,0,6,5,6,5,0,0,0,0,0,0,0,0,0,0,0,0,0,0,0,0,0,0,0,0,0,0,0,0,0,0,0,0,0,0
SharedMemory-COL-002000,5,NONE,NONE,3e-06,0.0,0.0,0.0,4231712,FALSE,0,6,5,6,5,0,0,0,0,0,0,0,0,0,0,0,0,0,0,0,0,0,0,0,0,0,0,0,0,0,0,0,0,0,0
SharedMemory-COL-002000,6,NONE,NONE,3e-06,0.0,0.0,0.0,4492488,FALSE,0,6,5,6,5,0,0,0,0,0,0,0,0,0,0,0,0,0,0,0,0,0,0,0,0,0,0,0,0,0,0,0,0,0,0
SharedMemory-COL-002000,7,NONE,NONE,3e-06,0.0,0.0,0.0,4319940,FALSE,0,6,5,6,5,0,0,0,0,0,0,0,0,0,0,0,0,0,0,0,0,0,0,0,0,0,0,0,0,0,0,0,0,0,0
SharedMemory-COL-002000,8,NONE,NONE,4e-06,0.0,0.0,0.0,4258916,FALSE,0,6,5,6,5,0,0,0,0,0,0,0,0,0,0,0,0,0,0,0,0,0,0,0,0,0,0,0,0,0,0,0,0,0,0
SharedMemory-COL-002000,9,NONE,NONE,4e-06,0.0,0.0,0.0,4337236,FALSE,0,6,5,6,5,0,0,0,0,0,0,0,0,0,0,0,0,0,0,0,0,0,0,0,0,0,0,0,0,0,0,0,0,0,0
SharedMemory-COL-002000,10,NONE,NONE,4e-06,0.0,0.0,0.0,4610440,FALSE,0,6,5,6,5,0,0,0,0,0,0,0,0,0,0,0,0,0,0,0,0,0,0,0,0,0,0,0,0,0,0,0,0,0,0
SharedMemory-COL-002000,11,NONE,NONE,3e-06,0.0,0.0,0.0,4470656,FALSE,0,6,5,6,5,0,0,0,0,0,0,0,0,0,0,0,0,0,0,0,0,0,0,0,0,0,0,0,0,0,0,0,0,0,0
SharedMemory-COL-002000,12,NONE,NONE,3e-06,0.0,0.0,0.0,4520980,FALSE,0,6,5,6,5,0,0,0,0,0,0,0,0,0,0,0,0,0,0,0,0,0,0,0,0,0,0,0,0,0,0,0,0,0,0
SharedMemory-COL-002000,13,NONE,NONE,3e-06,0.0,0.0,0.0,4320472,FALSE,0,6,5,6,5,0,0,0,0,0,0,0,0,0,0,0,0,0,0,0,0,0,0,0,0,0,0,0,0,0,0,0,0,0,0
SharedMemory-COL-002000,14,NONE,NONE,3e-06,0.0,0.0,0.0,4237968,FALSE,0,6,5,6,5,0,0,0,0,0,0,0,0,0,0,0,0,0,0,0,0,0,0,0,0,0,0,0,0,0,0,0,0,0,0
SharedMemory-COL-002000,15,NONE,NONE,2e-06,0.0,0.0,0.0,4408120,FALSE,0,6,5,6,5,0,0,0,0,0,0,0,0,0,0,0,0,0,0,0,0,0,0,0,0,0,0,0,0,0,0,0,0,0,0
SharedMemory-COL-002000,16,NONE,NONE,3e-06,0.0,0.0,0.0,4229928,FALSE,0,6,5,6,5,0,0,0,0,0,0,0,0,0,0,0,0,0,0,0,0,0,0,0,0,0,0,0,0,0,0,0,0,0,0
SharedMemory-COL-005000,1,NONE,NONE,2e-06,0.0,0.0,0.0,4769492,FALSE,0,6,5,6,5,0,0,0,0,0,0,0,0,0,0,0,0,0,0,0,0,0,0,0,0,0,0,0,0,0,0,0,0,0,0
SharedMemory-COL-005000,2,NONE,NONE,4e-06,0.0,0.0,0.0,5053600,FALSE,0,6,5,6,5,0,0,0,0,0,0,0,0,0,0,0,0,0,0,0,0,0,0,0,0,0,0,0,0,0,0,0,0,0,0
SharedMemory-COL-005000,3,NONE,NONE,3e-06,0.0,0.0,0.0,4977344,FALSE,0,6,5,6,5,0,0,0,0,0,0,0,0,0,0,0,0,0,0,0,0,0,0,0,0,0,0,0,0,0,0,0,0,0,0
SharedMemory-COL-005000,4,NONE,NONE,3e-06,0.0,0.0,0.0,4593736,FALSE,0,6,5,6,5,0,0,0,0,0,0,0,0,0,0,0,0,0,0,0,0,0,0,0,0,0,0,0,0,0,0,0,0,0,0
SharedMemory-COL-005000,5,NONE,NONE,3e-06,0.0,0.0,0.0,3888808,FALSE,0,6,5,6,5,0,0,0,0,0,0,0,0,0,0,0,0,0,0,0,0,0,0,0,0,0,0,0,0,0,0,0,0,0,0
SharedMemory-COL-005000,6,NONE,NONE,4e-06,0.0,0.0,0.0,4893580,FALSE,0,6,5,6,5,0,0,0,0,0,0,0,0,0,0,0,0,0,0,0,0,0,0,0,0,0,0,0,0,0,0,0,0,0,0
SharedMemory-COL-005000,7,NONE,NONE,3e-06,0.0,0.0,0.0,4748676,FALSE,0,6,5,6,5,0,0,0,0,0,0,0,0,0,0,0,0,0,0,0,0,0,0,0,0,0,0,0,0,0,0,0,0,0,0
SharedMemory-COL-005000,8,NONE,NONE,3e-06,0.0,0.0,0.0,4393904,FALSE,0,6,5,6,5,0,0,0,0,0,0,0,0,0,0,0,0,0,0,0,0,0,0,0,0,0,0,0,0,0,0,0,0,0,0
SharedMemory-COL-005000,9,NONE,NONE,3e-06,0.0,0.0,0.0,4671968,FALSE,0,6,5,6,5,0,0,0,0,0,0,0,0,0,0,0,0,0,0,0,0,0,0,0,0,0,0,0,0,0,0,0,0,0,0
SharedMemory-COL-005000,10,NONE,NONE,3e-06,0.0,0.0,0.0,4692460,FALSE,0,6,5,6,5,0,0,0,0,0,0,0,0,0,0,0,0,0,0,0,0,0,0,0,0,0,0,0,0,0,0,0,0,0,0
SharedMemory-COL-005000,11,NONE,NONE,3e-06,0.0,0.0,0.0,4720808,FALSE,0,6,5,6,5,0,0,0,0,0,0,0,0,0,0,0,0,0,0,0,0,0,0,0,0,0,0,0,0,0,0,0,0,0,0
SharedMemory-COL-005000,12,NONE,NONE,4e-06,0.0,0.0,0.0,4771524,FALSE,0,6,5,6,5,0,0,0,0,0,0,0,0,0,0,0,0,0,0,0,0,0,0,0,0,0,0,0,0,0,0,0,0,0,0
SharedMemory-COL-005000,13,NONE,NONE,4e-06,0.0,0.0,0.0,4832176,FALSE,0,6,5,6,5,0,0,0,0,0,0,0,0,0,0,0,0,0,0,0,0,0,0,0,0,0,0,0,0,0,0,0,0,0,0
SharedMemory-COL-005000,14,NONE,NONE,3e-06,0.0,0.0,0.0,4627300,FALSE,0,6,5,6,5,0,0,0,0,0,0,0,0,0,0,0,0,0,0,0,0,0,0,0,0,0,0,0,0,0,0,0,0,0,0
SharedMemory-COL-005000,15,NONE,NONE,3e-06,0.0,0.0,0.0,4851780,FALSE,0,6,5,6,5,0,0,0,0,0,0,0,0,0,0,0,0,0,0,0,0,0,0,0,0,0,0,0,0,0,0,0,0,0,0
SharedMemory-COL-005000,16,NONE,NONE,3e-06,0.0,0.0,0.0,4922164,FALSE,0,6,5,6,5,0,0,0,0,0,0,0,0,0,0,0,0,0,0,0,0,0,0,0,0,0,0,0,0,0,0,0,0,0,0
SharedMemory-COL-010000,1,NONE,NONE,3e-06,0.0,0.0,0.0,5000340,FALSE,0,6,5,6,5,0,0,0,0,0,0,0,0,0,0,0,0,0,0,0,0,0,0,0,0,0,0,0,0,0,0,0,0,0,0
SharedMemory-COL-010000,2,NONE,NONE,3e-06,0.0,0.0,0.0,4862368,FALSE,0,6,5,6,5,0,0,0,0,0,0,0,0,0,0,0,0,0,0,0,0,0,0,0,0,0,0,0,0,0,0,0,0,0,0
SharedMemory-COL-010000,3,NONE,NONE,4e-06,0.0,0.0,0.0,4993064,FALSE,0,6,5,6,5,0,0,0,0,0,0,0,0,0,0,0,0,0,0,0,0,0,0,0,0,0,0,0,0,0,0,0,0,0,0
SharedMemory-COL-010000,4,NONE,NONE,2e-06,0.0,0.0,0.0,5032816,FALSE,0,6,5,6,5,0,0,0,0,0,0,0,0,0,0,0,0,0,0,0,0,0,0,0,0,0,0,0,0,0,0,0,0,0,0
SharedMemory-COL-010000,5,NONE,NONE,3e-06,0.0,0.0,0.0,4949712,FALSE,0,6,5,6,5,0,0,0,0,0,0,0,0,0,0,0,0,0,0,0,0,0,0,0,0,0,0,0,0,0,0,0,0,0,0
SharedMemory-COL-010000,6,NONE,NONE,3e-06,0.0,0.0,0.0,4661612,FALSE,0,6,5,6,5,0,0,0,0,0,0,0,0,0,0,0,0,0,0,0,0,0,0,0,0,0,0,0,0,0,0,0,0,0,0
SharedMemory-COL-010000,7,NONE,NONE,2e-06,0.0,0.0,0.0,4808632,FALSE,0,6,5,6,5,0,0,0,0,0,0,0,0,0,0,0,0,0,0,0,0,0,0,0,0,0,0,0,0,0,0,0,0,0,0
SharedMemory-COL-010000,8,NONE,NONE,3e-06,0.0,0.0,0.0,4636292,FALSE,0,6,5,6,5,0,0,0,0,0,0,0,0,0,0,0,0,0,0,0,0,0,0,0,0,0,0,0,0,0,0,0,0,0,0
SharedMemory-COL-010000,9,NONE,NONE,4e-06,0.0,0.0,0.0,4562032,FALSE,0,6,5,6,5,0,0,0,0,0,0,0,0,0,0,0,0,0,0,0,0,0,0,0,0,0,0,0,0,0,0,0,0,0,0
SharedMemory-COL-010000,10,NONE,NONE,4e-06,0.0,0.0,0.0,4632848,FALSE,0,6,5,6,5,0,0,0,0,0,0,0,0,0,0,0,0,0,0,0,0,0,0,0,0,0,0,0,0,0,0,0,0,0,0
SharedMemory-COL-010000,11,NONE,NONE,3e-06,0.0,0.0,0.0,4818428,FALSE,0,6,5,6,5,0,0,0,0,0,0,0,0,0,0,0,0,0,0,0,0,0,0,0,0,0,0,0,0,0,0,0,0,0,0
SharedMemory-COL-010000,12,NONE,NONE,3e-06,0.0,0.0,0.0,4805012,FALSE,0,6,5,6,5,0,0,0,0,0,0,0,0,0,0,0,0,0,0,0,0,0,0,0,0,0,0,0,0,0,0,0,0,0,0
SharedMemory-COL-010000,13,NONE,NONE,3e-06,0.0,0.0,0.0,4910572,FALSE,0,6,5,6,5,0,0,0,0,0,0,0,0,0,0,0,0,0,0,0,0,0,0,0,0,0,0,0,0,0,0,0,0,0,0
SharedMemory-COL-010000,14,NONE,NONE,3e-06,0.0,0.0,0.0,4861060,FALSE,0,6,5,6,5,0,0,0,0,0,0,0,0,0,0,0,0,0,0,0,0,0,0,0,0,0,0,0,0,0,0,0,0,0,0
SharedMemory-COL-010000,15,NONE,NONE,3e-06,0.0,0.0,0.0,4770128,FALSE,0,6,5,6,5,0,0,0,0,0,0,0,0,0,0,0,0,0,0,0,0,0,0,0,0,0,0,0,0,0,0,0,0,0,0
SharedMemory-COL-010000,16,NONE,NONE,4e-06,0.0,0.0,0.0,4828220,FALSE,0,6,5,6,5,0,0,0,0,0,0,0,0,0,0,0,0,0,0,0,0,0,0,0,0,0,0,0,0,0,0,0,0,0,0
SharedMemory-COL-020000,1,NONE,NONE,3e-06,0.0,0.0,0.0,4862908,FALSE,0,6,5,6,5,0,0,0,0,0,0,0,0,0,0,0,0,0,0,0,0,0,0,0,0,0,0,0,0,0,0,0,0,0,0
SharedMemory-COL-020000,2,NONE,NONE,3e-06,0.0,0.0,0.0,5004920,FALSE,0,6,5,6,5,0,0,0,0,0,0,0,0,0,0,0,0,0,0,0,0,0,0,0,0,0,0,0,0,0,0,0,0,0,0
SharedMemory-COL-020000,3,NONE,NONE,3e-06,0.0,0.0,0.0,4884204,FALSE,0,6,5,6,5,0,0,0,0,0,0,0,0,0,0,0,0,0,0,0,0,0,0,0,0,0,0,0,0,0,0,0,0,0,0
SharedMemory-COL-020000,4,NONE,NONE,3e-06,0.0,0.0,0.0,4701000,FALSE,0,6,5,6,5,0,0,0,0,0,0,0,0,0,0,0,0,0,0,0,0,0,0,0,0,0,0,0,0,0,0,0,0,0,0
SharedMemory-COL-020000,5,NONE,NONE,3e-06,0.0,0.0,0.0,4433184,FALSE,0,6,5,6,5,0,0,0,0,0,0,0,0,0,0,0,0,0,0,0,0,0,0,0,0,0,0,0,0,0,0,0,0,0,0
SharedMemory-COL-020000,6,NONE,NONE,3e-06,0.0,0.0,0.0,4867556,FALSE,0,6,5,6,5,0,0,0,0,0,0,0,0,0,0,0,0,0,0,0,0,0,0,0,0,0,0,0,0,0,0,0,0,0,0
SharedMemory-COL-020000,7,NONE,NONE,3e-06,0.0,0.0,0.0,4670308,FALSE,0,6,5,6,5,0,0,0,0,0,0,0,0,0,0,0,0,0,0,0,0,0,0,0,0,0,0,0,0,0,0,0,0,0,0
SharedMemory-COL-020000,8,NONE,NONE,3e-06,0.0,0.0,0.0,4330092,FALSE,0,6,5,6,5,0,0,0,0,0,0,0,0,0,0,0,0,0,0,0,0,0,0,0,0,0,0,0,0,0,0,0,0,0,0
SharedMemory-COL-020000,9,NONE,NONE,3e-06,0.0,0.0,0.0,4838836,FALSE,0,6,5,6,5,0,0,0,0,0,0,0,0,0,0,0,0,0,0,0,0,0,0,0,0,0,0,0,0,0,0,0,0,0,0
SharedMemory-COL-020000,10,NONE,NONE,3e-06,0.0,0.0,0.0,4724704,FALSE,0,6,5,6,5,0,0,0,0,0,0,0,0,0,0,0,0,0,0,0,0,0,0,0,0,0,0,0,0,0,0,0,0,0,0
SharedMemory-COL-020000,11,NONE,NONE,3e-06,0.0,0.0,0.0,4868768,FALSE,0,6,5,6,5,0,0,0,0,0,0,0,0,0,0,0,0,0,0,0,0,0,0,0,0,0,0,0,0,0,0,0,0,0,0
SharedMemory-COL-020000,12,NONE,NONE,4e-06,0.0,0.0,0.0,4908004,FALSE,0,6,5,6,5,0,0,0,0,0,0,0,0,0,0,0,0,0,0,0,0,0,0,0,0,0,0,0,0,0,0,0,0,0,0
SharedMemory-COL-020000,13,NONE,NONE,4e-06,0.0,0.0,0.0,4624508,FALSE,0,6,5,6,5,0,0,0,0,0,0,0,0,0,0,0,0,0,0,0,0,0,0,0,0,0,0,0,0,0,0,0,0,0,0
SharedMemory-COL-020000,14,NONE,NONE,4e-06,0.0,0.0,0.0,4420460,FALSE,0,6,5,6,5,0,0,0,0,0,0,0,0,0,0,0,0,0,0,0,0,0,0,0,0,0,0,0,0,0,0,0,0,0,0
SharedMemory-COL-020000,15,NONE,NONE,2e-06,0.0,0.0,0.0,4933156,FALSE,0,6,5,6,5,0,0,0,0,0,0,0,0,0,0,0,0,0,0,0,0,0,0,0,0,0,0,0,0,0,0,0,0,0,0
SharedMemory-COL-020000,16,NONE,NONE,4e-06,0.0,0.0,0.0,4904384,FALSE,0,6,5,6,5,0,0,0,0,0,0,0,0,0,0,0,0,0,0,0,0,0,0,0,0,0,0,0,0,0,0,0,0,0,0
SharedMemory-COL-050000,1,NONE,NONE,3e-06,0.0,0.0,0.0,4346440,FALSE,0,6,5,6,5,0,0,0,0,0,0,0,0,0,0,0,0,0,0,0,0,0,0,0,0,0,0,0,0,0,0,0,0,0,0
SharedMemory-COL-050000,2,NONE,NONE,2e-06,0.0,0.0,0.0,4016932,FALSE,0,6,5,6,5,0,0,0,0,0,0,0,0,0,0,0,0,0,0,0,0,0,0,0,0,0,0,0,0,0,0,0,0,0,0
SharedMemory-COL-050000,3,NONE,NONE,3e-06,0.0,0.0,0.0,4345756,FALSE,0,6,5,6,5,0,0,0,0,0,0,0,0,0,0,0,0,0,0,0,0,0,0,0,0,0,0,0,0,0,0,0,0,0,0
SharedMemory-COL-050000,4,NONE,NONE,3e-06,0.0,0.0,0.0,4016004,FALSE,0,6,5,6,5,0,0,0,0,0,0,0,0,0,0,0,0,0,0,0,0,0,0,0,0,0,0,0,0,0,0,0,0,0,0
SharedMemory-COL-050000,5,NONE,NONE,3e-06,0.0,0.0,0.0,4255332,FALSE,0,6,5,6,5,0,0,0,0,0,0,0,0,0,0,0,0,0,0,0,0,0,0,0,0,0,0,0,0,0,0,0,0,0,0
SharedMemory-COL-050000,6,NONE,NONE,4e-06,0.0,0.0,0.0,4252976,FALSE,0,6,5,6,5,0,0,0,0,0,0,0,0,0,0,0,0,0,0,0,0,0,0,0,0,0,0,0,0,0,0,0,0,0,0
SharedMemory-COL-050000,7,NONE,NONE,3e-06,0.0,0.0,0.0,4256308,FALSE,0,6,5,6,5,0,0,0,0,0,0,0,0,0,0,0,0,0,0,0,0,0,0,0,0,0,0,0,0,0,0,0,0,0,0
SharedMemory-COL-050000,8,NONE,NONE,3e-06,0.0,0.0,0.0,4253268,FALSE,0,6,5,6,5,0,0,0,0,0,0,0,0,0,0,0,0,0,0,0,0,0,0,0,0,0,0,0,0,0,0,0,0,0,0
SharedMemory-COL-050000,9,NONE,NONE,3e-06,0.0,0.0,0.0,3931360,FALSE,0,6,5,6,5,0,0,0,0,0,0,0,0,0,0,0,0,0,0,0,0,0,0,0,0,0,0,0,0,0,0,0,0,0,0
SharedMemory-COL-050000,10,NONE,NONE,3e-06,0.0,0.0,0.0,4014124,FALSE,0,6,5,6,5,0,0,0,0,0,0,0,0,0,0,0,0,0,0,0,0,0,0,0,0,0,0,0,0,0,0,0,0,0,0
SharedMemory-COL-050000,11,NONE,NONE,4e-06,0.0,0.0,0.0,4255668,FALSE,0,6,5,6,5,0,0,0,0,0,0,0,0,0,0,0,0,0,0,0,0,0,0,0,0,0,0,0,0,0,0,0,0,0,0
SharedMemory-COL-050000,12,NONE,NONE,3e-06,0.0,0.0,0.0,3935196,FALSE,0,6,5,6,5,0,0,0,0,0,0,0,0,0,0,0,0,0,0,0,0,0,0,0,0,0,0,0,0,0,0,0,0,0,0
SharedMemory-COL-050000,13,NONE,NONE,3e-06,0.0,0.0,0.0,4307680,FALSE,0,6,5,6,5,0,0,0,0,0,0,0,0,0,0,0,0,0,0,0,0,0,0,0,0,0,0,0,0,0,0,0,0,0,0
SharedMemory-COL-050000,14,NONE,NONE,3e-06,0.0,0.0,0.0,4254248,FALSE,0,6,5,6,5,0,0,0,0,0,0,0,0,0,0,0,0,0,0,0,0,0,0,0,0,0,0,0,0,0,0,0,0,0,0
SharedMemory-COL-050000,15,NONE,NONE,3e-06,0.0,0.0,0.0,4255884,FALSE,0,6,5,6,5,0,0,0,0,0,0,0,0,0,0,0,0,0,0,0,0,0,0,0,0,0,0,0,0,0,0,0,0,0,0
SharedMemory-COL-050000,16,NONE,NONE,4e-06,0.0,0.0,0.0,4344828,FALSE,0,6,5,6,5,0,0,0,0,0,0,0,0,0,0,0,0,0,0,0,0,0,0,0,0,0,0,0,0,0,0,0,0,0,0
SharedMemory-COL-100000,1,NONE,NONE,3e-06,0.0,0.0,0.0,2396844,FALSE,0,6,5,6,5,0,0,0,0,0,0,0,0,0,0,0,0,0,0,0,0,0,0,0,0,0,0,0,0,0,0,0,0,0,0
SharedMemory-COL-100000,2,NONE,NONE,3e-06,0.0,0.0,0.0,2398648,FALSE,0,6,5,6,5,0,0,0,0,0,0,0,0,0,0,0,0,0,0,0,0,0,0,0,0,0,0,0,0,0,0,0,0,0,0
SharedMemory-COL-100000,3,NONE,NONE,3e-06,0.0,0.0,0.0,2170704,FALSE,0,6,5,6,5,0,0,0,0,0,0,0,0,0,0,0,0,0,0,0,0,0,0,0,0,0,0,0,0,0,0,0,0,0,0
SharedMemory-COL-100000,4,NONE,NONE,3e-06,0.0,0.0,0.0,2398532,FALSE,0,6,5,6,5,0,0,0,0,0,0,0,0,0,0,0,0,0,0,0,0,0,0,0,0,0,0,0,0,0,0,0,0,0,0
SharedMemory-COL-100000,5,NONE,NONE,4e-06,0.0,0.0,0.0,2057136,FALSE,0,6,5,6,5,0,0,0,0,0,0,0,0,0,0,0,0,0,0,0,0,0,0,0,0,0,0,0,0,0,0,0,0,0,0
SharedMemory-COL-100000,6,NONE,NONE,3e-06,0.0,0.0,0.0,2395792,FALSE,0,6,5,6,5,0,0,0,0,0,0,0,0,0,0,0,0,0,0,0,0,0,0,0,0,0,0,0,0,0,0,0,0,0,0
SharedMemory-COL-100000,7,NONE,NONE,3e-06,0.0,0.0,0.0,2179140,FALSE,0,6,5,6,5,0,0,0,0,0,0,0,0,0,0,0,0,0,0,0,0,0,0,0,0,0,0,0,0,0,0,0,0,0,0
SharedMemory-COL-100000,8,NONE,NONE,3e-06,0.0,0.0,0.0,2200440,FALSE,0,6,5,6,5,0,0,0,0,0,0,0,0,0,0,0,0,0,0,0,0,0,0,0,0,0,0,0,0,0,0,0,0,0,0
SharedMemory-COL-100000,9,NONE,NONE,3e-06,0.0,0.0,0.0,2168256,FALSE,0,6,5,6,5,0,0,0,0,0,0,0,0,0,0,0,0,0,0,0,0,0,0,0,0,0,0,0,0,0,0,0,0,0,0
SharedMemory-COL-100000,10,NONE,NONE,3e-06,0.0,0.0,0.0,2278860,FALSE,0,6,5,6,5,0,0,0,0,0,0,0,0,0,0,0,0,0,0,0,0,0,0,0,0,0,0,0,0,0,0,0,0,0,0
SharedMemory-COL-100000,11,NONE,NONE,2e-06,0.0,0.0,0.0,2218036,FALSE,0,6,5,6,5,0,0,0,0,0,0,0,0,0,0,0,0,0,0,0,0,0,0,0,0,0,0,0,0,0,0,0,0,0,0
SharedMemory-COL-100000,12,NONE,NONE,2e-06,0.0,0.0,0.0,2169176,FALSE,0,6,5,6,5,0,0,0,0,0,0,0,0,0,0,0,0,0,0,0,0,0,0,0,0,0,0,0,0,0,0,0,0,0,0
SharedMemory-COL-100000,13,NONE,NONE,3e-06,0.0,0.0,0.0,1646992,FALSE,0,6,5,6,5,0,0,0,0,0,0,0,0,0,0,0,0,0,0,0,0,0,0,0,0,0,0,0,0,0,0,0,0,0,0
SharedMemory-COL-100000,14,NONE,NONE,3e-06,0.0,0.0,0.0,2278952,FALSE,0,6,5,6,5,0,0,0,0,0,0,0,0,0,0,0,0,0,0,0,0,0,0,0,0,0,0,0,0,0,0,0,0,0,0
SharedMemory-COL-100000,15,NONE,NONE,3e-06,0.0,0.0,0.0,2396492,FALSE,0,6,5,6,5,0,0,0,0,0,0,0,0,0,0,0,0,0,0,0,0,0,0,0,0,0,0,0,0,0,0,0,0,0,0
SharedMemory-COL-100000,16,NONE,NONE,4e-06,0.0,0.0,0.0,2220536,FALSE,0,6,5,6,5,0,0,0,0,0,0,0,0,0,0,0,0,0,0,0,0,0,0,0,0,0,0,0,0,0,0,0,0,0,0
Sudoku-COL-AN01,1,FALSE,NONE,2e-06,6.1e-05,6.1e-05,0.002345,6476,FALSE,0,4,1,4,1,4,1,3,1,0,0,0,0,0,0,0,0,1,0,0,0,0,0,0,0,0,0,0,0,0,0,0,0,0,0
Sudoku-COL-AN01,2,FALSE,NONE,2e-06,7.5e-05,5.1e-05,0.002799,6476,FALSE,0,4,1,4,1,4,1,3,1,0,0,0,0,0,0,0,0,1,0,0,0,0,0,0,0,0,0,0,0,0,0,0,0,0,0
Sudoku-COL-AN01,3,FALSE,NONE,2e-06,6.7e-05,5.2e-05,0.0,4336,TRUE,0,4,1,4,1,4,1,0,0,0,0,0,0,0,0,0,0,1,0,0,0,0,0,0,0,0,0,0,0,0,0,0,0,0,0
Sudoku-COL-AN01,4,TRUE,NONE,2e-06,7.2e-05,5.3e-05,0.0,4332,TRUE,0,4,1,4,1,4,1,0,0,0,0,0,0,0,0,0,0,1,0,0,0,0,0,0,0,0,0,0,0,0,0,0,0,0,0
Sudoku-COL-AN01,5,TRUE,NONE,2e-06,6.4e-05,6.3e-05,0.00242,6476,FALSE,0,4,1,4,1,4,1,3,1,0,0,0,0,0,0,0,0,1,0,0,0,0,0,0,0,0,0,0,0,0,0,0,0,0,0
Sudoku-COL-AN01,6,FALSE,NONE,2e-06,7e-05,4.6e-05,0.0,4336,TRUE,0,4,1,4,1,4,1,0,0,0,0,0,0,0,0,0,0,1,0,0,0,0,0,0,0,0,0,0,0,0,0,0,0,0,0
Sudoku-COL-AN01,7,TRUE,NONE,2e-06,7.1e-05,5e-05,0.0,4336,TRUE,0,4,1,4,1,4,1,0,0,0,0,0,0,0,0,0,0,1,0,0,0,0,0,0,0,0,0,0,0,0,0,0,0,0,0
Sudoku-COL-AN01,8,TRUE,NONE,2e-06,7.5e-05,6.5e-05,0.002662,6476,FALSE,0,4,1,4,1,4,1,3,1,0,0,0,0,0,0,0,0,1,0,0,0,0,0,0,0,0,0,0,0,0,0,0,0,0,0
Sudoku-COL-AN01,9,FALSE,NONE,2e-06,5.6e-05,7.6e-05,0.002405,6476,FALSE,0,4,1,4,1,4,1,3,1,0,0,0,0,0,0,0,0,1,0,0,0,0,0,0,0,0,0,0,0,0,0,0,0,0,0
Sudoku-COL-AN01,10,FALSE,NONE,2e-06,5.9e-05,4.9e-05,0.0,4676,TRUE,0,4,1,4,1,4,1,0,0,0,0,0,0,0,0,0,0,1,0,0,0,0,0,0,0,0,0,0,0,0,0,0,0,0,0
Sudoku-COL-AN01,11,FALSE,NONE,2e-06,5.3e-05,5.2e-05,0.0,4672,TRUE,0,4,1,4,1,4,1,0,0,0,0,0,0,0,0,0,0,1,0,0,0,0,0,0,0,0,0,0,0,0,0,0,0,0,0
Sudoku-COL-AN01,12,TRUE,NONE,2e-06,5.7e-05,5.8e-05,0.0,4332,TRUE,0,4,1,4,1,4,1,0,0,0,0,0,0,0,0,0,0,1,0,0,0,0,0,0,0,0,0,0,0,0,0,0,0,0,0
Sudoku-COL-AN01,13,FALSE,NONE,2e-06,7.1e-05,7.9e-05,0.00264,6476,FALSE,0,4,1,4,1,4,1,3,1,0,0,0,0,0,0,0,0,1,0,0,0,0,0,0,0,0,0,0,0,0,0,0,0,0,0
Sudoku-COL-AN01,14,FALSE,NONE,2e-06,7.3e-05,2.8e-05,0.0,4336,TRUE,0,4,1,4,1,4,1,0,0,0,0,0,0,0,0,0,0,1,0,0,0,0,0,0,0,0,0,0,0,0,0,0,0,0,0
Sudoku-COL-AN01,15,FALSE,NONE,1e-06,6.1e-05,4.6e-05,0.0,4336,TRUE,0,4,1,4,1,4,1,0,0,0,0,0,0,0,0,0,0,1,0,0,0,0,0,0,0,0,0,0,0,0,0,0,0,0,0
Sudoku-COL-AN01,16,FALSE,NONE,2e-06,5.4e-05,7e-05,0.002264,6476,FALSE,0,4,1,4,1,4,1,3,1,0,0,0,0,0,0,0,0,1,0,0,0,0,0,0,0,0,0,0,0,0,0,0,0,0,0
Sudoku-COL-AN02,1,TRUE,NONE,5e-06,0.000147,0.000119,0.002383,6580,FALSE,0,4,1,4,1,13,8,12,8,0,0,0,0,0,0,0,0,1,0,0,0,0,0,0,0,0,0,0,0,0,0,0,0,0,0
Sudoku-COL-AN02,2,FALSE,NONE,2e-06,0.000128,7.3e-05,0.002488,6476,FALSE,0,4,1,4,1,13,8,12,8,0,0,0,0,0,0,0,0,1,0,0,0,0,0,0,0,0,0,0,0,0,0,0,0,0,0
Sudoku-COL-AN02,3,TRUE,NONE,3e-06,0.000128,0.000108,0.002477,6740,FALSE,0,4,1,4,1,13,8,12,8,0,0,0,0,0,0,0,0,1,0,0,0,0,0,0,0,0,0,0,0,0,0,0,0,0,0
Sudoku-COL-AN02,4,TRUE,NONE,9e-06,0.000141,9.2e-05,0.002142,6624,FALSE,0,4,1,4,1,13,8,12,8,0,0,0,0,0,0,0,0,1,0,0,0,0,0,0,0,0,0,0,0,0,0,0,0,0,0
Sudoku-COL-AN02,5,FALSE,NONE,2e-06,0.000135,6.1e-05,0.002024,6476,FALSE,0,4,1,4,1,13,8,12,8,0,0,0,0,0,0,0,0,1,0,0,0,0,0,0,0,0,0,0,0,0,0,0,0,0,0
Sudoku-COL-AN02,6,FALSE,NONE,3e-06,0.000166,8.3e-05,0.003342,6476,FALSE,0,4,1,4,1,13,8,12,8,0,0,0,0,0,0,0,0,1,0,0,0,0,0,0,0,0,0,0,0,0,0,0,0,0,0
Sudoku-COL-AN02,7,TRUE,NONE,2e-06,0.000133,0.000119,0.002632,6576,FALSE,0,4,1,4,1,13,8,12,8,0,0,0,0,0,0,0,0,1,0,0,0,0,0,0,0,0,0,0,0,0,0,0,0,0,0
Sudoku-COL-AN02,8,FALSE,NONE,2e-06,0.000153,9.7e-05,0.002324,6472,FALSE,0,4,1,4,1,13,8,12,8,0,0,0,0,0,0,0,0,1,0,0,0,0,0,0,0,0,0,0,0,0,0,0,0,0,0
Sudoku-COL-AN02,9,FALSE,NONE,2e-06,0.000153,7.1e-05,0.0,4344,TRUE,0,4,1,4,1,13,8,0,0,0,0,0,0,0,0,0,0,1,0,0,0,0,0,0,0,0,0,0,0,0,0,0,0,0,0
Sudoku-COL-AN02,10,FALSE,NONE,2e-06,0.000135,0.000101,0.002209,6576,FALSE,0,4,1,4,1,13,8,12,8,0,0,0,0,0,0,0,0,1,0,0,0,0,0,0,0,0,0,0,0,0,0,0,0,0,0
Sudoku-COL-AN02,11,TRUE,NONE,1e-06,0.00015,5.7e-05,0.0,4348,TRUE,0,4,1,4,1,13,8,0,0,0,0,0,0,0,0,0,0,1,0,0,0,0,0,0,0,0,0,0,0,0,0,0,0,0,0
Sudoku-COL-AN02,12,TRUE,NONE,2e-06,0.000155,0.000117,0.002502,6660,FALSE,0,4,1,4,1,13,8,12,8,0,0,0,0,0,0,0,0,1,0,0,0,0,0,0,0,0,0,0,0,0,0,0,0,0,0
Sudoku-COL-AN02,13,TRUE,NONE,2e-06,0.000153,5.8e-05,0.0,4340,TRUE,0,4,1,4,1,13,8,0,0,0,0,0,0,0,0,0,0,1,0,0,0,0,0,0,0,0,0,0,0,0,0,0,0,0,0
Sudoku-COL-AN02,14,TRUE,NONE,2e-06,0.000146,3.9e-05,0.0,4340,TRUE,0,4,1,4,1,13,8,0,0,0,0,0,0,0,0,0,0,1,0,0,0,0,0,0,0,0,0,0,0,0,0,0,0,0,0
Sudoku-COL-AN02,15,FALSE,NONE,1e-06,0.000147,3.6e-05,0.0,4340,TRUE,0,4,1,4,1,13,8,0,0,0,0,0,0,0,0,0,0,1,0,0,0,0,0,0,0,0,0,0,0,0,0,0,0,0,0
Sudoku-COL-AN02,16,TRUE,NONE,1e-06,0.000144,3.6e-05,0.0,4344,TRUE,0,4,1,4,1,13,8,0,0,0,0,0,0,0,0,0,0,1,0,0,0,0,0,0,0,0,0,0,0,0,0,0,0,0,0
Sudoku-COL-AN03,1,FALSE,NONE,2e-06,0.000428,0.000276,0.186836,7108,FALSE,0,4,1,4,1,28,27,27,27,0,0,0,0,0,0,0,0,1,0,0,0,0,0,0,0,0,0,0,0,0,0,0,0,0,0
Sudoku-COL-AN03,2,FALSE,NONE,2e-06,0.000366,0.00016,0.002633,6732,FALSE,0,4,1,4,1,28,27,27,27,0,0,0,0,0,0,0,0,1,0,0,0,0,0,0,0,0,0,0,0,0,0,0,0,0,0
Sudoku-COL-AN03,3,TRUE,NONE,3e-06,0.000357,0.000228,0.122783,6596,FALSE,0,4,1,4,1,28,27,27,27,0,0,0,0,0,0,0,0,1,0,0,0,0,0,0,0,0,0,0,0,0,0,0,0,0,0
Sudoku-COL-AN03,4,FALSE,NONE,2e-06,0.000325,0.000268,0.004184,7104,FALSE,0,4,1,4,1,28,27,27,27,0,0,0,0,0,0,0,0,1,0,0,0,0,0,0,0,0,0,0,0,0,0,0,0,0,0
Sudoku-COL-AN03,5,FALSE,NONE,2e-06,0.00032,0.000206,0.002452,6736,FALSE,0,4,1,4,1,28,27,27,27,0,0,0,0,0,0,0,0,1,0,0,0,0,0,0,0,0,0,0,0,0,0,0,0,0,0
Sudoku-COL-AN03,6,FALSE,NONE,2e-06,0.000375,0.000252,0.00401,6904,FALSE,0,4,1,4,1,28,27,27,27,0,0,0,0,0,0,0,0,1,0,0,0,0,0,0,0,0,0,0,0,0,0,0,0,0,0
Sudoku-COL-AN03,7,FALSE,NONE,2e-06,0.000319,0.000268,0.186043,6880,FALSE,0,4,1,4,1,28,27,27,27,0,0,0,0,0,0,0,0,1,0,0,0,0,0,0,0,0,0,0,0,0,0,0,0,0,0
Sudoku-COL-AN03,8,FALSE,NONE,2e-06,0.000364,0.000211,0.002727,6824,FALSE,0,4,1,4,1,28,27,27,27,0,0,0,0,0,0,0,0,1,0,0,0,0,0,0,0,0,0,0,0,0,0,0,0,0,0
Sudoku-COL-AN03,9,FALSE,NONE,2e-06,0.000326,0.000155,0.002336,6548,FALSE,0,4,1,4,1,28,27,27,27,0,0,0,0,0,0,0,0,1,0,0,0,0,0,0,0,0,0,0,0,0,0,0,0,0,0
Sudoku-COL-AN03,10,TRUE,NONE,2e-06,0.000337,0.000204,0.003267,6788,FALSE,0,4,1,4,1,28,27,27,27,0,0,0,0,0,0,0,0,1,0,0,0,0,0,0,0,0,0,0,0,0,0,0,0,0,0
Sudoku-COL-AN03,11,FALSE,NONE,2e-06,0.000362,0.000197,0.003387,6736,FALSE,0,4,1,4,1,28,27,27,27,0,0,0,0,0,0,0,0,1,0,0,0,0,0,0,0,0,0,0,0,0,0,0,0,0,0
Sudoku-COL-AN03,12,FALSE,NONE,2e-06,0.000364,0.00016,0.00277,6740,FALSE,0,4,1,4,1,28,27,27,27,0,0,0,0,0,0,0,0,1,0,0,0,0,0,0,0,0,0,0,0,0,0,0,0,0,0
Sudoku-COL-AN03,13,TRUE,NONE,2e-06,0.000322,0.000198,0.002792,6656,FALSE,0,4,1,4,1,28,27,27,27,0,0,0,0,0,0,0,0,1,0,0,0,0,0,0,0,0,0,0,0,0,0,0,0,0,0
Sudoku-COL-AN03,14,FALSE,NONE,2e-06,0.000428,0.000274,0.003642,6976,FALSE,0,4,1,4,1,28,27,27,27,0,0,0,0,0,0,0,0,1,0,0,0,0,0,0,0,0,0,0,0,0,0,0,0,0,0
Sudoku-COL-AN03,15,TRUE,NONE,2e-06,0.000333,0.000234,0.002591,6740,FALSE,0,4,1,4,1,28,27,27,27,0,0,0,0,0,0,0,0,1,0,0,0,0,0,0,0,0,0,0,0,0,0,0,0,0,0
Sudoku-COL-AN03,16,FALSE,NONE,2e-06,0.000365,0.00014,0.002316,6736,FALSE,0,4,1,4,1,28,27,27,27,0,0,0,0,0,0,0,0,1,0,0,0,0,0,0,0,0,0,0,0,0,0,0,0,0,0
Sudoku-COL-AN04,1,TRUE,NONE,2e-06,0.000751,0.000653,0.009361,7684,FALSE,0,4,1,4,1,49,64,48,64,0,0,0,0,0,0,0,0,1,0,0,0,0,0,0,0,0,0,0,0,0,0,0,0,0,0
Sudoku-COL-AN04,2,FALSE,NONE,2e-06,0.000757,0.000365,0.003647,6740,FALSE,0,4,1,4,1,49,64,48,64,0,0,0,0,0,0,0,0,1,0,0,0,0,0,0,0,0,0,0,0,0,0,0,0,0,0
Sudoku-COL-AN04,3,FALSE,NONE,2e-06,0.00074,0.000594,0.008017,7376,FALSE,0,4,1,4,1,49,64,48,64,0,0,0,0,0,0,0,0,1,0,0,0,0,0,0,0,0,0,0,0,0,0,0,0,0,0
Sudoku-COL-AN04,4,FALSE,NONE,2e-06,0.000805,0.000481,0.006151,7252,FALSE,0,4,1,4,1,49,64,48,64,0,0,0,0,0,0,0,0,1,0,0,0,0,0,0,0,0,0,0,0,0,0,0,0,0,0
Sudoku-COL-AN04,5,NONE,NONE,2e-06,0.000708,0.000531,0.0,32800,FALSE,0,4,1,4,1,49,64,48,64,0,0,0,0,0,0,0,0,1,0,0,0,0,0,0,0,0,0,0,0,0,0,0,0,0,0
Sudoku-COL-AN04,6,NONE,NONE,2e-06,0.000681,0.00051,0.0,29432,FALSE,0,4,1,4,1,49,64,48,64,0,0,0,0,0,0,0,0,1,0,0,0,0,0,0,0,0,0,0,0,0,0,0,0,0,0
Sudoku-COL-AN04,7,TRUE,NONE,2e-06,0.000733,0.000337,0.004816,6868,FALSE,0,4,1,4,1,49,64,48,64,0,0,0,0,0,0,0,0,1,0,0,0,0,0,0,0,0,0,0,0,0,0,0,0,0,0
Sudoku-COL-AN04,8,FALSE,NONE,2e-06,0.000817,0.000387,0.004405,6740,FALSE,0,4,1,4,1,49,64,48,64,0,0,0,0,0,0,0,0,1,0,0,0,0,0,0,0,0,0,0,0,0,0,0,0,0,0
Sudoku-COL-AN04,9,FALSE,NONE,3e-06,0.000599,0.000323,0.004715,6740,FALSE,0,4,1,4,1,49,64,48,64,0,0,0,0,0,0,0,0,1,0,0,0,0,0,0,0,0,0,0,0,0,0,0,0,0,0
Sudoku-COL-AN04,10,NONE,NONE,2e-06,0.000754,0.000402,0.0,44028,FALSE,0,4,1,4,1,49,64,48,64,0,0,0,0,0,0,0,0,1,0,0,0,0,0,0,0,0,0,0,0,0,0,0,0,0,0
Sudoku-COL-AN04,11,FALSE,NONE,1e-06,0.00069,0.000658,0.00885,7536,FALSE,0,4,1,4,1,49,64,48,64,0,0,0,0,0,0,0,0,1,0,0,0,0,0,0,0,0,0,0,0,0,0,0,0,0,0
Sudoku-COL-AN04,12,FALSE,NONE,2e-06,0.000812,0.000467,0.005682,6960,FALSE,0,4,1,4,1,49,64,48,64,0,0,0,0,0,0,0,0,1,0,0,0,0,0,0,0,0,0,0,0,0,0,0,0,0,0
Sudoku-COL-AN04,13,FALSE,NONE,2e-06,0.000715,0.000614,0.00839,7212,FALSE,0,4,1,4,1,49,64,48,64,0,0,0,0,0,0,0,0,1,0,0,0,0,0,0,0,0,0,0,0,0,0,0,0,0,0
Sudoku-COL-AN04,14,FALSE,NONE,2e-06,0.001002,0.000336,0.003119,6744,FALSE,0,4,1,4,1,49,64,48,64,0,0,0,0,0,0,0,0,1,0,0,0,0,0,0,0,0,0,0,0,0,0,0,0,0,0
Sudoku-COL-AN04,15,NONE,NONE,2e-06,0.000682,0.000381,0.0,44180,FALSE,0,4,1,4,1,49,64,48,64,0,0,0,0,0,0,0,0,1,0,0,0,0,0,0,0,0,0,0,0,0,0,0,0,0,0
Sudoku-COL-AN04,16,NONE,NONE,2e-06,0.000765,0.000492,0.0,26740,FALSE,0,4,1,4,1,49,64,48,64,0,0,0,0,0,0,0,0,1,0,0,0,0,0,0,0,0,0,0,0,0,0,0,0,0,0
Sudoku-COL-AN05,1,FALSE,NONE,2e-06,0.001509,0.000184,0.0,4656,TRUE,0,4,1,4,1,76,125,0,0,0,0,0,0,0,0,0,0,1,0,0,0,0,0,0,0,0,0,0,0,0,0,0,0,0,0
Sudoku-COL-AN05,2,FALSE,NONE,2e-06,0.001516,0.000864,0.010019,7192,FALSE,0,4,1,4,1,76,125,75,125,0,0,0,0,0,0,0,0,1,0,0,0,0,0,0,0,0,0,0,0,0,0,0,0,0,0
Sudoku-COL-AN05,3,FALSE,NONE,2e-06,0.0015,0.001238,0.030697,8352,FALSE,0,4,1,4,1,76,125,75,125,0,0,0,0,0,0,0,0,1,0,0,0,0,0,0,0,0,0,0,0,0,0,0,0,0,0
Sudoku-COL-AN05,4,FALSE,NONE,2e-06,0.001456,0.000161,0.0,4628,TRUE,0,4,1,4,1,76,125,0,0,0,0,0,0,0,0,0,0,1,0,0,0,0,0,0,0,0,0,0,0,0,0,0,0,0,0
Sudoku-COL-AN05,5,FALSE,NONE,2e-06,0.001416,0.00067,0.008568,7244,FALSE,0,4,1,4,1,76,125,75,125,0,0,0,0,0,0,0,0,1,0,0,0,0,0,0,0,0,0,0,0,0,0,0,0,0,0
Sudoku-COL-AN05,6,FALSE,NONE,2e-06,0.001377,0.000711,0.009158,7240,FALSE,0,4,1,4,1,76,125,75,125,0,0,0,0,0,0,0,0,1,0,0,0,0,0,0,0,0,0,0,0,0,0,0,0,0,0
Sudoku-COL-AN05,7,FALSE,NONE,2e-06,0.001502,0.000748,0.010105,7240,FALSE,0,4,1,4,1,76,125,75,125,0,0,0,0,0,0,0,0,1,0,0,0,0,0,0,0,0,0,0,0,0,0,0,0,0,0
Sudoku-COL-AN05,8,TRUE,NONE,2e-06,0.001438,0.000901,0.025237,8296,FALSE,0,4,1,4,1,76,125,75,125,0,0,0,0,0,0,0,0,1,0,0,0,0,0,0,0,0,0,0,0,0,0,0,0,0,0
Sudoku-COL-AN05,9,NONE,NONE,2e-06,0.001357,0.000962,0.0,28496,FALSE,0,4,1,4,1,76,125,75,125,0,0,0,0,0,0,0,0,1,0,0,0,0,0,0,0,0,0,0,0,0,0,0,0,0,0
Sudoku-COL-AN05,10,NONE,NONE,2e-06,0.001413,0.00136,0.0,18860,FALSE,0,4,1,4,1,76,125,75,125,0,0,0,0,0,0,0,0,1,0,0,0,0,0,0,0,0,0,0,0,0,0,0,0,0,0
Sudoku-COL-AN05,11,FALSE,NONE,2e-06,0.001341,0.000724,0.008308,7244,FALSE,0,4,1,4,1,76,125,75,125,0,0,0,0,0,0,0,0,1,0,0,0,0,0,0,0,0,0,0,0,0,0,0,0,0,0
Sudoku-COL-AN05,12,FALSE,NONE,1e-06,0.00139,0.001105,0.026769,8520,FALSE,0,4,1,4,1,76,125,75,125,0,0,0,0,0,0,0,0,1,0,0,0,0,0,0,0,0,0,0,0,0,0,0,0,0,0
Sudoku-COL-AN05,13,FALSE,NONE,2e-06,0.001416,0.000713,0.00818,7240,FALSE,0,4,1,4,1,76,125,75,125,0,0,0,0,0,0,0,0,1,0,0,0,0,0,0,0,0,0,0,0,0,0,0,0,0,0
Sudoku-COL-AN05,14,NONE,NONE,2e-06,0.001473,0.000942,0.0,24992,FALSE,0,4,1,4,1,76,125,75,125,0,0,0,0,0,0,0,0,1,0,0,0,0,0,0,0,0,0,0,0,0,0,0,0,0,0
Sudoku-COL-AN05,15,NONE,NONE,2e-06,0.001411,0.00076,0.0,35476,FALSE,0,4,1,4,1,76,125,75,125,0,0,0,0,0,0,0,0,1,0,0,0,0,0,0,0,0,0,0,0,0,0,0,0,0,0
Sudoku-COL-AN05,16,NONE,NONE,2e-06,0.001459,0.00101,0.0,23636,FALSE,0,4,1,4,1,76,125,75,125,0,0,0,0,0,0,0,0,1,0,0,0,0,0,0,0,0,0,0,0,0,0,0,0,0,0
Sudoku-COL-AN06,1,NONE,NONE,2e-06,0.002933,0.002015,0.0,19080,FALSE,0,4,1,4,1,109,216,108,216,0,0,0,0,0,0,0,0,1,0,0,0,0,0,0,0,0,0,0,0,0,0,0,0,0,0
Sudoku-COL-AN06,2,FALSE,NONE,2e-06,0.001993,0.001468,0.023145,7636,FALSE,0,4,1,4,1,109,216,108,216,0,0,0,0,0,0,0,0,1,0,0,0,0,0,0,0,0,0,0,0,0,0,0,0,0,0
Sudoku-COL-AN06,3,FALSE,NONE,2e-06,0.002482,0.00143,0.023164,7632,FALSE,0,4,1,4,1,109,216,108,216,0,0,0,0,0,0,0,0,1,0,0,0,0,0,0,0,0,0,0,0,0,0,0,0,0,0
Sudoku-COL-AN06,4,TRUE,NONE,1e-06,0.002389,0.001298,0.024663,7636,FALSE,0,4,1,4,1,109,216,108,216,0,0,0,0,0,0,0,0,1,0,0,0,0,0,0,0,0,0,0,0,0,0,0,0,0,0
Sudoku-COL-AN06,5,FALSE,NONE,1e-06,0.002286,0.001389,0.052233,8420,FALSE,0,4,1,4,1,109,216,108,216,0,0,0,0,0,0,0,0,1,0,0,0,0,0,0,0,0,0,0,0,0,0,0,0,0,0
Sudoku-COL-AN06,6,FALSE,NONE,2e-06,0.002064,0.001194,0.024004,7640,FALSE,0,4,1,4,1,109,216,108,216,0,0,0,0,0,0,0,0,1,0,0,0,0,0,0,0,0,0,0,0,0,0,0,0,0,0
Sudoku-COL-AN06,7,NONE,NONE,2e-06,0.002353,0.001886,0.0,19400,FALSE,0,4,1,4,1,109,216,108,216,0,0,0,0,0,0,0,0,1,0,0,0,0,0,0,0,0,0,0,0,0,0,0,0,0,0
Sudoku-COL-AN06,8,FALSE,NONE,2e-06,0.002258,0.001792,0.095399,9712,FALSE,0,4,1,4,1,109,216,108,216,0,0,0,0,0,0,0,0,1,0,0,0,0,0,0,0,0,0,0,0,0,0,0,0,0,0
Sudoku-COL-AN06,9,FALSE,NONE,2e-06,0.002178,0.001339,0.038612,8080,FALSE,0,4,1,4,1,109,216,108,216,0,0,0,0,0,0,0,0,1,0,0,0,0,0,0,0,0,0,0,0,0,0,0,0,0,0
Sudoku-COL-AN06,10,NONE,NONE,2e-06,0.002278,0.001738,0.0,17368,FALSE,0,4,1,4,1,109,216,108,216,0,0,0,0,0,0,0,0,1,0,0,0,0,0,0,0,0,0,0,0,0,0,0,0,0,0
Sudoku-COL-AN06,11,NONE,NONE,2e-06,0.002222,0.00279,0.0,15248,FALSE,0,4,1,4,1,109,216,108,216,0,0,0,0,0,0,0,0,1,0,0,0,0,0,0,0,0,0,0,0,0,0,0,0,0,0
Sudoku-COL-AN06,12,FALSE,NONE,2e-06,0.002261,0.001444,0.024879,7636,FALSE,0,4,1,4,1,109,216,108,216,0,0,0,0,0,0,0,0,1,0,0,0,0,0,0,0,0,0,0,0,0,0,0,0,0,0
Sudoku-COL-AN06,13,NONE,NONE,2e-06,0.002249,0.001746,0.0,24472,FALSE,0,4,1,4,1,109,216,108,216,0,0,0,0,0,0,0,0,1,0,0,0,0,0,0,0,0,0,0,0,0,0,0,0,0,0
Sudoku-COL-AN06,14,FALSE,NONE,1e-06,0.002317,0.001369,0.039516,8080,FALSE,0,4,1,4,1,109,216,108,216,0,0,0,0,0,0,0,0,1,0,0,0,0,0,0,0,0,0,0,0,0,0,0,0,0,0
Sudoku-COL-AN06,15,FALSE,NONE,2e-06,0.00294,0.001955,0.094203,9836,FALSE,0,4,1,4,1,109,216,108,216,0,0,0,0,0,0,0,0,1,0,0,0,0,0,0,0,0,0,0,0,0,0,0,0,0,0
Sudoku-COL-AN06,16,NONE,NONE,2e-06,0.002297,0.001743,0.0,19472,FALSE,0,4,1,4,1,109,216,108,216,0,0,0,0,0,0,0,0,1,0,0,0,0,0,0,0,0,0,0,0,0,0,0,0,0,0
Sudoku-COL-AN07,1,TRUE,NONE,2e-06,0.003578,0.002253,0.063731,8232,FALSE,0,4,1,4,1,148,343,147,343,0,0,0,0,0,0,0,0,1,0,0,0,0,0,0,0,0,0,0,0,0,0,0,0,0,0
Sudoku-COL-AN07,2,NONE,NONE,2e-06,0.003416,0.003581,0.0,14000,FALSE,0,4,1,4,1,148,343,147,343,0,0,0,0,0,0,0,0,1,0,0,0,0,0,0,0,0,0,0,0,0,0,0,0,0,0
Sudoku-COL-AN07,3,FALSE,NONE,2e-06,0.00342,0.002191,0.062269,8236,FALSE,0,4,1,4,1,148,343,147,343,0,0,0,0,0,0,0,0,1,0,0,0,0,0,0,0,0,0,0,0,0,0,0,0,0,0
Sudoku-COL-AN07,4,NONE,NONE,2e-06,0.003799,0.002672,0.0,24512,FALSE,0,4,1,4,1,148,343,147,343,0,0,0,0,0,0,0,0,1,0,0,0,0,0,0,0,0,0,0,0,0,0,0,0,0,0
Sudoku-COL-AN07,5,FALSE,NONE,2e-06,0.003376,0.002168,0.063975,8236,FALSE,0,4,1,4,1,148,343,147,343,0,0,0,0,0,0,0,0,1,0,0,0,0,0,0,0,0,0,0,0,0,0,0,0,0,0
Sudoku-COL-AN07,6,NONE,NONE,2e-06,0.003445,0.004118,0.0,16284,FALSE,0,4,1,4,1,148,343,147,343,0,0,0,0,0,0,0,0,1,0,0,0,0,0,0,0,0,0,0,0,0,0,0,0,0,0
Sudoku-COL-AN07,7,FALSE,NONE,2e-06,0.003381,0.002428,0.0634,8236,FALSE,0,4,1,4,1,148,343,147,343,0,0,0,0,0,0,0,0,1,0,0,0,0,0,0,0,0,0,0,0,0,0,0,0,0,0
Sudoku-COL-AN07,8,FALSE,NONE,2e-06,0.004417,0.003593,0.240002,9464,FALSE,0,4,1,4,1,148,343,147,343,0,0,0,0,0,0,0,0,1,0,0,0,0,0,0,0,0,0,0,0,0,0,0,0,0,0
Sudoku-COL-AN07,9,FALSE,NONE,2e-06,0.00379,0.003689,0.24338,10036,FALSE,0,4,1,4,1,148,343,147,343,0,0,0,0,0,0,0,0,1,0,0,0,0,0,0,0,0,0,0,0,0,0,0,0,0,0
Sudoku-COL-AN07,10,FALSE,NONE,2e-06,0.003577,0.003878,0.346671,10340,FALSE,0,4,1,4,1,148,343,147,343,0,0,0,0,0,0,0,0,1,0,0,0,0,0,0,0,0,0,0,0,0,0,0,0,0,0
Sudoku-COL-AN07,11,FALSE,NONE,2e-06,0.003032,0.002337,0.064313,8236,FALSE,0,4,1,4,1,148,343,147,343,0,0,0,0,0,0,0,0,1,0,0,0,0,0,0,0,0,0,0,0,0,0,0,0,0,0
Sudoku-COL-AN07,12,TRUE,NONE,2e-06,0.003387,0.002332,0.07249,8236,FALSE,0,4,1,4,1,148,343,147,343,0,0,0,0,0,0,0,0,1,0,0,0,0,0,0,0,0,0,0,0,0,0,0,0,0,0
Sudoku-COL-AN07,13,FALSE,NONE,2e-06,0.003572,0.002078,0.062558,8232,FALSE,0,4,1,4,1,148,343,147,343,0,0,0,0,0,0,0,0,1,0,0,0,0,0,0,0,0,0,0,0,0,0,0,0,0,0
Sudoku-COL-AN07,14,TRUE,NONE,2e-06,0.00397,0.002232,0.073788,8232,FALSE,0,4,1,4,1,148,343,147,343,0,0,0,0,0,0,0,0,1,0,0,0,0,0,0,0,0,0,0,0,0,0,0,0,0,0
Sudoku-COL-AN07,15,FALSE,NONE,3e-06,0.003511,0.002221,0.061504,8236,FALSE,0,4,1,4,1,148,343,147,343,0,0,0,0,0,0,0,0,1,0,0,0,0,0,0,0,0,0,0,0,0,0,0,0,0,0
Sudoku-COL-AN07,16,FALSE,NONE,2e-06,0.003414,0.003478,0.250823,9648,FALSE,0,4,1,4,1,148,343,147,343,0,0,0,0,0,0,0,0,1,0,0,0,0,0,0,0,0,0,0,0,0,0,0,0,0,0
Sudoku-COL-AN08,1,FALSE,NONE,1e-06,0.005056,0.004775,0.582507,11652,FALSE,0,4,1,4,1,193,512,192,512,0,0,0,0,0,0,0,0,1,0,0,0,0,0,0,0,0,0,0,0,0,0,0,0,0,0
Sudoku-COL-AN08,2,FALSE,NONE,2e-06,0.005021,0.003884,0.18206,8692,FALSE,0,4,1,4,1,193,512,192,512,0,0,0,0,0,0,0,0,1,0,0,0,0,0,0,0,0,0,0,0,0,0,0,0,0,0
Sudoku-COL-AN08,3,FALSE,NONE,2e-06,0.005184,0.004802,0.679462,11408,FALSE,0,4,1,4,1,193,512,192,512,0,0,0,0,0,0,0,0,1,0,0,0,0,0,0,0,0,0,0,0,0,0,0,0,0,0
Sudoku-COL-AN08,4,FALSE,NONE,2e-06,0.005086,0.005295,0.747107,12604,FALSE,0,4,1,4,1,193,512,192,512,0,0,0,0,0,0,0,0,1,0,0,0,0,0,0,0,0,0,0,0,0,0,0,0,0,0
Sudoku-COL-AN08,5,FALSE,NONE,1e-06,0.005293,0.0052,0.906274,12304,FALSE,0,4,1,4,1,193,512,192,512,0,0,0,0,0,0,0,0,1,0,0,0,0,0,0,0,0,0,0,0,0,0,0,0,0,0
Sudoku-COL-AN08,6,FALSE,NONE,2e-06,0.004762,0.003807,0.170237,8692,FALSE,0,4,1,4,1,193,512,192,512,0,0,0,0,0,0,0,0,1,0,0,0,0,0,0,0,0,0,0,0,0,0,0,0,0,0
Sudoku-COL-AN08,7,FALSE,NONE,2e-06,0.005062,0.004695,0.58787,11428,FALSE,0,4,1,4,1,193,512,192,512,0,0,0,0,0,0,0,0,1,0,0,0,0,0,0,0,0,0,0,0,0,0,0,0,0,0
Sudoku-COL-AN08,8,TRUE,NONE,2e-06,0.006955,0.003155,0.15834,8692,FALSE,0,4,1,4,1,193,512,192,512,0,0,0,0,0,0,0,0,1,0,0,0,0,0,0,0,0,0,0,0,0,0,0,0,0,0
Sudoku-COL-AN08,9,TRUE,NONE,2e-06,0.005289,0.003742,0.178076,8688,FALSE,0,4,1,4,1,193,512,192,512,0,0,0,0,0,0,0,0,1,0,0,0,0,0,0,0,0,0,0,0,0,0,0,0,0,0
Sudoku-COL-AN08,10,FALSE,NONE,2e-06,0.005247,0.004644,0.568413,10704,FALSE,0,4,1,4,1,193,512,192,512,0,0,0,0,0,0,0,0,1,0,0,0,0,0,0,0,0,0,0,0,0,0,0,0,0,0
Sudoku-COL-AN08,11,FALSE,NONE,2e-06,0.004988,0.003643,0.17337,8688,FALSE,0,4,1,4,1,193,512,192,512,0,0,0,0,0,0,0,0,1,0,0,0,0,0,0,0,0,0,0,0,0,0,0,0,0,0
Sudoku-COL-AN08,12,FALSE,NONE,2e-06,0.00546,0.003168,0.174391,8692,FALSE,0,4,1,4,1,193,512,192,512,0,0,0,0,0,0,0,0,1,0,0,0,0,0,0,0,0,0,0,0,0,0,0,0,0,0
Sudoku-COL-AN08,13,FALSE,NONE,2e-06,0.005117,0.005036,0.186603,8692,FALSE,0,4,1,4,1,193,512,192,512,0,0,0,0,0,0,0,0,1,0,0,0,0,0,0,0,0,0,0,0,0,0,0,0,0,0
Sudoku-COL-AN08,14,FALSE,NONE,1e-06,0.005174,0.00405,0.192906,8840,FALSE,0,4,1,4,1,193,512,192,512,0,0,0,0,0,0,0,0,1,0,0,0,0,0,0,0,0,0,0,0,0,0,0,0,0,0
Sudoku-COL-AN08,15,FALSE,NONE,2e-06,0.005001,0.00378,0.178024,8692,FALSE,0,4,1,4,1,193,512,192,512,0,0,0,0,0,0,0,0,1,0,0,0,0,0,0,0,0,0,0,0,0,0,0,0,0,0
Sudoku-COL-AN08,16,NONE,NONE,2e-06,0.004969,0.006813,0.0,16616,FALSE,0,4,1,4,1,193,512,192,512,0,0,0,0,0,0,0,0,1,0,0,0,0,0,0,0,0,0,0,0,0,0,0,0,0,0
Sudoku-COL-AN09,1,FALSE,NONE,1e-06,0.007928,0.006003,0.398108,9912,FALSE,0,4,1,4,1,244,729,243,729,0,0,0,0,0,0,0,0,1,0,0,0,0,0,0,0,0,0,0,0,0,0,0,0,0,0
Sudoku-COL-AN09,2,FALSE,NONE,1e-06,0.007555,0.000971,0.0,6116,TRUE,0,4,1,4,1,244,729,0,0,0,0,0,0,0,0,0,0,1,0,0,0,0,0,0,0,0,0,0,0,0,0,0,0,0,0
Sudoku-COL-AN09,3,FALSE,NONE,2e-06,0.00715,0.010853,6.37507,17420,FALSE,0,4,1,4,1,244,729,243,729,0,0,0,0,0,0,0,0,1,0,0,0,0,0,0,0,0,0,0,0,0,0,0,0,0,0
Sudoku-COL-AN09,4,FALSE,NONE,2e-06,0.007394,0.009005,1.87807,15472,FALSE,0,4,1,4,1,244,729,243,729,0,0,0,0,0,0,0,0,1,0,0,0,0,0,0,0,0,0,0,0,0,0,0,0,0,0
Sudoku-COL-AN09,5,FALSE,NONE,2e-06,0.007148,0.00964,4.61824,15364,FALSE,0,4,1,4,1,244,729,243,729,0,0,0,0,0,0,0,0,1,0,0,0,0,0,0,0,0,0,0,0,0,0,0,0,0,0
Sudoku-COL-AN09,6,NONE,NONE,2e-06,0.008008,0.006727,0.0,20292,FALSE,0,4,1,4,1,244,729,243,729,0,0,0,0,0,0,0,0,1,0,0,0,0,0,0,0,0,0,0,0,0,0,0,0,0,0
Sudoku-COL-AN09,7,FALSE,NONE,2e-06,0.008366,0.006201,0.444587,9924,FALSE,0,4,1,4,1,244,729,243,729,0,0,0,0,0,0,0,0,1,0,0,0,0,0,0,0,0,0,0,0,0,0,0,0,0,0
Sudoku-COL-AN09,8,TRUE,NONE,2e-06,0.007619,0.008,2.089,14584,FALSE,0,4,1,4,1,244,729,243,729,0,0,0,0,0,0,0,0,1,0,0,0,0,0,0,0,0,0,0,0,0,0,0,0,0,0
Sudoku-COL-AN09,9,NONE,NONE,2e-06,0.007949,0.009842,0.0,16560,FALSE,0,4,1,4,1,244,729,243,729,0,0,0,0,0,0,0,0,1,0,0,0,0,0,0,0,0,0,0,0,0,0,0,0,0,0
Sudoku-COL-AN09,10,FALSE,NONE,2e-06,0.008381,0.009321,3.8304,16748,FALSE,0,4,1,4,1,244,729,243,729,0,0,0,0,0,0,0,0,1,0,0,0,0,0,0,0,0,0,0,0,0,0,0,0,0,0
Sudoku-COL-AN09,11,FALSE,NONE,1e-06,0.007956,0.014087,5.60807,16332,FALSE,0,4,1,4,1,244,729,243,729,0,0,0,0,0,0,0,0,1,0,0,0,0,0,0,0,0,0,0,0,0,0,0,0,0,0
Sudoku-COL-AN09,12,NONE,NONE,1e-06,0.006932,0.006765,0.0,15656,FALSE,0,4,1,4,1,244,729,243,729,0,0,0,0,0,0,0,0,1,0,0,0,0,0,0,0,0,0,0,0,0,0,0,0,0,0
Sudoku-COL-AN09,13,FALSE,NONE,2e-06,0.007537,0.009464,4.15478,13720,FALSE,0,4,1,4,1,244,729,243,729,0,0,0,0,0,0,0,0,1,0,0,0,0,0,0,0,0,0,0,0,0,0,0,0,0,0
Sudoku-COL-AN09,14,TRUE,NONE,1e-06,0.007197,0.005685,0.401706,9628,FALSE,0,4,1,4,1,244,729,243,729,0,0,0,0,0,0,0,0,1,0,0,0,0,0,0,0,0,0,0,0,0,0,0,0,0,0
Sudoku-COL-AN09,15,FALSE,NONE,2e-06,0.007932,0.005787,0.418542,9928,FALSE,0,4,1,4,1,244,729,243,729,0,0,0,0,0,0,0,0,1,0,0,0,0,0,0,0,0,0,0,0,0,0,0,0,0,0
Sudoku-COL-AN09,16,FALSE,NONE,2e-06,0.00725,0.000911,0.0,5952,TRUE,0,4,1,4,1,244,729,0,0,0,0,0,0,0,0,0,0,1,0,0,0,0,0,0,0,0,0,0,0,0,0,0,0,0,0
Sudoku-COL-AN10,1,NONE,NONE,2e-06,0.012994,0.014938,0.0,15144,FALSE,0,4,1,4,1,301,1000,300,1000,0,0,0,0,0,0,0,0,1,0,0,0,0,0,0,0,0,0,0,0,0,0,0,0,0,0
Sudoku-COL-AN10,2,FALSE,NONE,2e-06,0.01064,0.008491,0.959568,10140,FALSE,0,4,1,4,1,301,1000,300,1000,0,0,0,0,0,0,0,0,1,0,0,0,0,0,0,0,0,0,0,0,0,0,0,0,0,0
Sudoku-COL-AN10,3,TRUE,NONE,2e-06,0.009796,0.012164,9.06162,14624,FALSE,0,4,1,4,1,301,1000,300,1000,0,0,0,0,0,0,0,0,1,0,0,0,0,0,0,0,0,0,0,0,0,0,0,0,0,0
Sudoku-COL-AN10,4,TRUE,NONE,2e-06,0.010171,0.012169,6.83329,13572,FALSE,0,4,1,4,1,301,1000,300,1000,0,0,0,0,0,0,0,0,1,0,0,0,0,0,0,0,0,0,0,0,0,0,0,0,0,0
Sudoku-COL-AN10,5,NONE,NONE,2e-06,0.010113,0.011283,0.0,16652,FALSE,0,4,1,4,1,301,1000,300,1000,0,0,0,0,0,0,0,0,1,0,0,0,0,0,0,0,0,0,0,0,0,0,0,0,0,0
Sudoku-COL-AN10,6,FALSE,NONE,2e-06,0.00984,0.009219,1.12793,10184,FALSE,0,4,1,4,1,301,1000,300,1000,0,0,0,0,0,0,0,0,1,0,0,0,0,0,0,0,0,0,0,0,0,0,0,0,0,0
Sudoku-COL-AN10,7,FALSE,NONE,1e-06,0.010064,0.008364,0.968844,10176,FALSE,0,4,1,4,1,301,1000,300,1000,0,0,0,0,0,0,0,0,1,0,0,0,0,0,0,0,0,0,0,0,0,0,0,0,0,0
Sudoku-COL-AN10,8,NONE,NONE,2e-06,0.00965,0.011777,0.0,14500,FALSE,0,4,1,4,1,301,1000,300,1000,0,0,0,0,0,0,0,0,1,0,0,0,0,0,0,0,0,0,0,0,0,0,0,0,0,0
Sudoku-COL-AN10,9,FALSE,NONE,2e-06,0.009884,0.009803,1.01575,10184,FALSE,0,4,1,4,1,301,1000,300,1000,0,0,0,0,0,0,0,0,1,0,0,0,0,0,0,0,0,0,0,0,0,0,0,0,0,0
Sudoku-COL-AN10,10,NONE,NONE,2e-06,0.009772,0.010747,0.0,16704,FALSE,0,4,1,4,1,301,1000,300,1000,0,0,0,0,0,0,0,0,1,0,0,0,0,0,0,0,0,0,0,0,0,0,0,0,0,0
Sudoku-COL-AN10,11,NONE,NONE,2e-06,0.009714,0.01198,0.0,15036,FALSE,0,4,1,4,1,301,1000,300,1000,0,0,0,0,0,0,0,0,1,0,0,0,0,0,0,0,0,0,0,0,0,0,0,0,0,0
Sudoku-COL-AN10,12,FALSE,NONE,2e-06,0.010892,0.00901,1.05943,10176,FALSE,0,4,1,4,1,301,1000,300,1000,0,0,0,0,0,0,0,0,1,0,0,0,0,0,0,0,0,0,0,0,0,0,0,0,0,0
Sudoku-COL-AN10,13,FALSE,NONE,4e-06,0.010416,0.008546,1.0311,10184,FALSE,0,4,1,4,1,301,1000,300,1000,0,0,0,0,0,0,0,0,1,0,0,0,0,0,0,0,0,0,0,0,0,0,0,0,0,0
Sudoku-COL-AN10,14,FALSE,NONE,2e-06,0.010929,0.010226,2.95468,14528,FALSE,0,4,1,4,1,301,1000,300,1000,0,0,0,0,0,0,0,0,1,0,0,0,0,0,0,0,0,0,0,0,0,0,0,0,0,0
Sudoku-COL-AN10,15,FALSE,NONE,2e-06,0.010066,0.013411,9.4063,14400,FALSE,0,4,1,4,1,301,1000,300,1000,0,0,0,0,0,0,0,0,1,0,0,0,0,0,0,0,0,0,0,0,0,0,0,0,0,0
Sudoku-COL-AN10,16,NONE,NONE,2e-06,0.009754,0.009925,0.0,16768,FALSE,0,4,1,4,1,301,1000,300,1000,0,0,0,0,0,0,0,0,1,0,0,0,0,0,0,0,0,0,0,0,0,0,0,0,0,0
Sudoku-COL-AN11,1,FALSE,NONE,1e-06,0.013971,0.012172,2.06182,12352,FALSE,0,4,1,4,1,364,1331,363,1331,0,0,0,0,0,0,0,0,1,0,0,0,0,0,0,0,0,0,0,0,0,0,0,0,0,0
Sudoku-COL-AN11,2,FALSE,NONE,2e-06,0.017447,0.012024,2.04037,12380,FALSE,0,4,1,4,1,364,1331,363,1331,0,0,0,0,0,0,0,0,1,0,0,0,0,0,0,0,0,0,0,0,0,0,0,0,0,0
Sudoku-COL-AN11,3,FALSE,NONE,1e-06,0.021345,0.012323,2.10174,12384,FALSE,0,4,1,4,1,364,1331,363,1331,0,0,0,0,0,0,0,0,1,0,0,0,0,0,0,0,0,0,0,0,0,0,0,0,0,0
Sudoku-COL-AN11,4,FALSE,NONE,2e-06,0.012569,0.012158,2.06666,12344,FALSE,0,4,1,4,1,364,1331,363,1331,0,0,0,0,0,0,0,0,1,0,0,0,0,0,0,0,0,0,0,0,0,0,0,0,0,0
Sudoku-COL-AN11,5,FALSE,NONE,2e-06,0.013538,0.012867,2.11044,12492,FALSE,0,4,1,4,1,364,1331,363,1331,0,0,0,0,0,0,0,0,1,0,0,0,0,0,0,0,0,0,0,0,0,0,0,0,0,0
Sudoku-COL-AN11,6,NONE,NONE,2e-06,0.012787,0.014936,0.0,16436,FALSE,0,4,1,4,1,364,1331,363,1331,0,0,0,0,0,0,0,0,1,0,0,0,0,0,0,0,0,0,0,0,0,0,0,0,0,0
Sudoku-COL-AN11,7,TRUE,NONE,2e-06,0.013233,0.012291,2.0752,12384,FALSE,0,4,1,4,1,364,1331,363,1331,0,0,0,0,0,0,0,0,1,0,0,0,0,0,0,0,0,0,0,0,0,0,0,0,0,0
Sudoku-COL-AN11,8,NONE,NONE,1e-06,0.013165,0.013211,0.0,20912,FALSE,0,4,1,4,1,364,1331,363,1331,0,0,0,0,0,0,0,0,1,0,0,0,0,0,0,0,0,0,0,0,0,0,0,0,0,0
Sudoku-COL-AN11,9,FALSE,NONE,2e-06,0.01458,0.012925,2.38727,12384,FALSE,0,4,1,4,1,364,1331,363,1331,0,0,0,0,0,0,0,0,1,0,0,0,0,0,0,0,0,0,0,0,0,0,0,0,0,0
Sudoku-COL-AN11,10,TRUE,NONE,2e-06,0.013381,0.014511,8.48981,12820,FALSE,0,4,1,4,1,364,1331,363,1331,0,0,0,0,0,0,0,0,1,0,0,0,0,0,0,0,0,0,0,0,0,0,0,0,0,0
Sudoku-COL-AN11,11,FALSE,NONE,2e-06,0.015635,0.013475,2.53474,12404,FALSE,0,4,1,4,1,364,1331,363,1331,0,0,0,0,0,0,0,0,1,0,0,0,0,0,0,0,0,0,0,0,0,0,0,0,0,0
Sudoku-COL-AN11,12,TRUE,NONE,1e-06,0.013605,0.016886,18.064,13288,FALSE,0,4,1,4,1,364,1331,363,1331,0,0,0,0,0,0,0,0,1,0,0,0,0,0,0,0,0,0,0,0,0,0,0,0,0,0
Sudoku-COL-AN11,13,FALSE,NONE,3e-06,0.013836,0.012587,2.11213,12536,FALSE,0,4,1,4,1,364,1331,363,1331,0,0,0,0,0,0,0,0,1,0,0,0,0,0,0,0,0,0,0,0,0,0,0,0,0,0
Sudoku-COL-AN11,14,TRUE,NONE,2e-06,0.013048,0.012462,2.05473,12392,FALSE,0,4,1,4,1,364,1331,363,1331,0,0,0,0,0,0,0,0,1,0,0,0,0,0,0,0,0,0,0,0,0,0,0,0,0,0
Sudoku-COL-AN11,15,NONE,NONE,2e-06,0.013113,0.012945,0.0,20812,FALSE,0,4,1,4,1,364,1331,363,1331,0,0,0,0,0,0,0,0,1,0,0,0,0,0,0,0,0,0,0,0,0,0,0,0,0,0
Sudoku-COL-AN11,16,TRUE,NONE,2e-06,0.015055,0.012891,2.14376,12604,FALSE,0,4,1,4,1,364,1331,363,1331,0,0,0,0,0,0,0,0,1,0,0,0,0,0,0,0,0,0,0,0,0,0,0,0,0,0
Sudoku-COL-AN12,1,NONE,NONE,2e-06,0.017629,0.019679,0.0,16636,FALSE,0,4,1,4,1,433,1728,432,1728,0,0,0,0,0,0,0,0,1,0,0,0,0,0,0,0,0,0,0,0,0,0,0,0,0,0
Sudoku-COL-AN12,2,FALSE,NONE,2e-06,0.016677,0.015406,4.10188,13204,FALSE,0,4,1,4,1,433,1728,432,1728,0,0,0,0,0,0,0,0,1,0,0,0,0,0,0,0,0,0,0,0,0,0,0,0,0,0
Sudoku-COL-AN12,3,FALSE,NONE,2e-06,0.016818,0.016879,4.35395,13236,FALSE,0,4,1,4,1,433,1728,432,1728,0,0,0,0,0,0,0,0,1,0,0,0,0,0,0,0,0,0,0,0,0,0,0,0,0,0
Sudoku-COL-AN12,4,FALSE,NONE,2e-06,0.016857,0.01888,4.76735,13224,FALSE,0,4,1,4,1,433,1728,432,1728,0,0,0,0,0,0,0,0,1,0,0,0,0,0,0,0,0,0,0,0,0,0,0,0,0,0
Sudoku-COL-AN12,5,FALSE,NONE,2e-06,0.01765,0.019298,13.4349,14088,FALSE,0,4,1,4,1,433,1728,432,1728,0,0,0,0,0,0,0,0,1,0,0,0,0,0,0,0,0,0,0,0,0,0,0,0,0,0
Sudoku-COL-AN12,6,FALSE,NONE,2e-06,0.016544,0.016586,4.1909,13040,FALSE,0,4,1,4,1,433,1728,432,1728,0,0,0,0,0,0,0,0,1,0,0,0,0,0,0,0,0,0,0,0,0,0,0,0,0,0
Sudoku-COL-AN12,7,FALSE,NONE,2e-06,0.016696,0.020309,5.19726,13268,FALSE,0,4,1,4,1,433,1728,432,1728,0,0,0,0,0,0,0,0,1,0,0,0,0,0,0,0,0,0,0,0,0,0,0,0,0,0
Sudoku-COL-AN12,8,NONE,NONE,2e-06,0.022063,0.025561,0.0,15396,FALSE,0,4,1,4,1,433,1728,432,1728,0,0,0,0,0,0,0,0,1,0,0,0,0,0,0,0,0,0,0,0,0,0,0,0,0,0
Sudoku-COL-AN12,9,NONE,NONE,2e-06,0.018472,0.023688,0.0,15352,FALSE,0,4,1,4,1,433,1728,432,1728,0,0,0,0,0,0,0,0,1,0,0,0,0,0,0,0,0,0,0,0,0,0,0,0,0,0
Sudoku-COL-AN12,10,FALSE,NONE,2e-06,0.01905,0.018645,4.38145,13280,FALSE,0,4,1,4,1,433,1728,432,1728,0,0,0,0,0,0,0,0,1,0,0,0,0,0,0,0,0,0,0,0,0,0,0,0,0,0
Sudoku-COL-AN12,11,NONE,NONE,1e-06,0.017783,0.025501,0.0,14180,FALSE,0,4,1,4,1,433,1728,432,1728,0,0,0,0,0,0,0,0,1,0,0,0,0,0,0,0,0,0,0,0,0,0,0,0,0,0
Sudoku-COL-AN12,12,FALSE,NONE,2e-06,0.017037,0.017877,4.28653,13196,FALSE,0,4,1,4,1,433,1728,432,1728,0,0,0,0,0,0,0,0,1,0,0,0,0,0,0,0,0,0,0,0,0,0,0,0,0,0
Sudoku-COL-AN12,13,NONE,NONE,2e-06,0.016629,0.025864,0.0,16196,FALSE,0,4,1,4,1,433,1728,432,1728,0,0,0,0,0,0,0,0,1,0,0,0,0,0,0,0,0,0,0,0,0,0,0,0,0,0
Sudoku-COL-AN12,14,NONE,NONE,2e-06,0.01777,0.025003,0.0,15428,FALSE,0,4,1,4,1,433,1728,432,1728,0,0,0,0,0,0,0,0,1,0,0,0,0,0,0,0,0,0,0,0,0,0,0,0,0,0
Sudoku-COL-AN12,15,NONE,NONE,1e-06,0.017116,0.027175,0.0,14272,FALSE,0,4,1,4,1,433,1728,432,1728,0,0,0,0,0,0,0,0,1,0,0,0,0,0,0,0,0,0,0,0,0,0,0,0,0,0
Sudoku-COL-AN12,16,FALSE,NONE,2e-06,0.018729,0.01748,4.28907,13108,FALSE,0,4,1,4,1,433,1728,432,1728,0,0,0,0,0,0,0,0,1,0,0,0,0,0,0,0,0,0,0,0,0,0,0,0,0,0
Sudoku-COL-AN13,1,NONE,NONE,2e-06,0.020659,0.030388,0.0,15804,FALSE,0,4,1,4,1,508,2197,507,2197,0,0,0,0,0,0,0,0,1,0,0,0,0,0,0,0,0,0,0,0,0,0,0,0,0,0
Sudoku-COL-AN13,2,NONE,NONE,1e-06,0.021887,0.039446,0.0,22688,FALSE,0,4,1,4,1,508,2197,507,2197,0,0,0,0,0,0,0,0,1,0,0,0,0,0,0,0,0,0,0,0,0,0,0,0,0,0
Sudoku-COL-AN13,3,FALSE,NONE,2e-06,0.021508,0.023533,27.9193,18224,FALSE,0,4,1,4,1,508,2197,507,2197,0,0,0,0,0,0,0,0,1,0,0,0,0,0,0,0,0,0,0,0,0,0,0,0,0,0
Sudoku-COL-AN13,4,NONE,NONE,2e-06,0.023729,0.026631,0.0,19232,FALSE,0,4,1,4,1,508,2197,507,2197,0,0,0,0,0,0,0,0,1,0,0,0,0,0,0,0,0,0,0,0,0,0,0,0,0,0
Sudoku-COL-AN13,5,TRUE,NONE,1e-06,0.022739,0.025517,15.0663,17748,FALSE,0,4,1,4,1,508,2197,507,2197,0,0,0,0,0,0,0,0,1,0,0,0,0,0,0,0,0,0,0,0,0,0,0,0,0,0
Sudoku-COL-AN13,6,NONE,NONE,2e-06,0.022167,0.028756,0.0,17572,FALSE,0,4,1,4,1,508,2197,507,2197,0,0,0,0,0,0,0,0,1,0,0,0,0,0,0,0,0,0,0,0,0,0,0,0,0,0
Sudoku-COL-AN13,7,FALSE,NONE,3e-06,0.02405,0.02593,8.39508,17440,FALSE,0,4,1,4,1,508,2197,507,2197,0,0,0,0,0,0,0,0,1,0,0,0,0,0,0,0,0,0,0,0,0,0,0,0,0,0
Sudoku-COL-AN13,8,NONE,NONE,2e-06,0.021472,0.023111,0.0,20960,FALSE,0,4,1,4,1,508,2197,507,2197,0,0,0,0,0,0,0,0,1,0,0,0,0,0,0,0,0,0,0,0,0,0,0,0,0,0
Sudoku-COL-AN13,9,FALSE,NONE,2e-06,0.02381,0.02654,8.10362,17468,FALSE,0,4,1,4,1,508,2197,507,2197,0,0,0,0,0,0,0,0,1,0,0,0,0,0,0,0,0,0,0,0,0,0,0,0,0,0
Sudoku-COL-AN13,10,TRUE,NONE,2e-06,0.024398,0.024548,14.0711,17772,FALSE,0,4,1,4,1,508,2197,507,2197,0,0,0,0,0,0,0,0,1,0,0,0,0,0,0,0,0,0,0,0,0,0,0,0,0,0
Sudoku-COL-AN13,11,FALSE,NONE,1e-06,0.02164,0.023617,8.70101,17288,FALSE,0,4,1,4,1,508,2197,507,2197,0,0,0,0,0,0,0,0,1,0,0,0,0,0,0,0,0,0,0,0,0,0,0,0,0,0
Sudoku-COL-AN13,12,FALSE,NONE,2e-06,0.024032,0.026904,9.57952,17320,FALSE,0,4,1,4,1,508,2197,507,2197,0,0,0,0,0,0,0,0,1,0,0,0,0,0,0,0,0,0,0,0,0,0,0,0,0,0
Sudoku-COL-AN13,13,FALSE,NONE,2e-06,0.032743,0.02652,8.62795,17484,FALSE,0,4,1,4,1,508,2197,507,2197,0,0,0,0,0,0,0,0,1,0,0,0,0,0,0,0,0,0,0,0,0,0,0,0,0,0
Sudoku-COL-AN13,14,NONE,NONE,2e-06,0.023734,0.029347,0.0,16604,FALSE,0,4,1,4,1,508,2197,507,2197,0,0,0,0,0,0,0,0,1,0,0,0,0,0,0,0,0,0,0,0,0,0,0,0,0,0
Sudoku-COL-AN13,15,FALSE,NONE,2e-06,0.022412,0.024012,8.17637,17468,FALSE,0,4,1,4,1,508,2197,507,2197,0,0,0,0,0,0,0,0,1,0,0,0,0,0,0,0,0,0,0,0,0,0,0,0,0,0
Sudoku-COL-AN13,16,FALSE,NONE,2e-06,0.023031,0.023799,7.6528,17300,FALSE,0,4,1,4,1,508,2197,507,2197,0,0,0,0,0,0,0,0,1,0,0,0,0,0,0,0,0,0,0,0,0,0,0,0,0,0
Sudoku-COL-AN14,1,NONE,NONE,2e-06,0.026352,0.042118,0.0,18992,FALSE,0,4,1,4,1,589,2744,588,2744,0,0,0,0,0,0,0,0,1,0,0,0,0,0,0,0,0,0,0,0,0,0,0,0,0,0
Sudoku-COL-AN14,2,NONE,NONE,2e-06,0.026817,0.048217,0.0,20144,FALSE,0,4,1,4,1,589,2744,588,2744,0,0,0,0,0,0,0,0,1,0,0,0,0,0,0,0,0,0,0,0,0,0,0,0,0,0
Sudoku-COL-AN14,3,FALSE,NONE,3e-06,0.026132,0.033952,15.3104,22616,FALSE,0,4,1,4,1,589,2744,588,2744,0,0,0,0,0,0,0,0,1,0,0,0,0,0,0,0,0,0,0,0,0,0,0,0,0,0
Sudoku-COL-AN14,4,NONE,NONE,2e-06,0.034502,0.043978,0.0,21836,FALSE,0,4,1,4,1,589,2744,588,2744,0,0,0,0,0,0,0,0,1,0,0,0,0,0,0,0,0,0,0,0,0,0,0,0,0,0
Sudoku-COL-AN14,5,NONE,NONE,2e-06,0.026408,0.037237,0.0,16732,FALSE,0,4,1,4,1,589,2744,588,2744,0,0,0,0,0,0,0,0,1,0,0,0,0,0,0,0,0,0,0,0,0,0,0,0,0,0
Sudoku-COL-AN14,6,FALSE,NONE,2e-06,0.027441,0.039784,17.6608,22404,FALSE,0,4,1,4,1,589,2744,588,2744,0,0,0,0,0,0,0,0,1,0,0,0,0,0,0,0,0,0,0,0,0,0,0,0,0,0
Sudoku-COL-AN14,7,NONE,NONE,2e-06,0.026321,0.056231,0.0,22520,FALSE,0,4,1,4,1,589,2744,588,2744,0,0,0,0,0,0,0,0,1,0,0,0,0,0,0,0,0,0,0,0,0,0,0,0,0,0
Sudoku-COL-AN14,8,NONE,NONE,2e-06,0.026401,0.038748,0.0,16576,FALSE,0,4,1,4,1,589,2744,588,2744,0,0,0,0,0,0,0,0,1,0,0,0,0,0,0,0,0,0,0,0,0,0,0,0,0,0
Sudoku-COL-AN14,9,FALSE,NONE,2e-06,0.031248,0.030228,14.0927,22448,FALSE,0,4,1,4,1,589,2744,588,2744,0,0,0,0,0,0,0,0,1,0,0,0,0,0,0,0,0,0,0,0,0,0,0,0,0,0
Sudoku-COL-AN14,10,NONE,NONE,3e-06,0.027551,0.048484,0.0,16632,FALSE,0,4,1,4,1,589,2744,588,2744,0,0,0,0,0,0,0,0,1,0,0,0,0,0,0,0,0,0,0,0,0,0,0,0,0,0
Sudoku-COL-AN14,11,FALSE,NONE,2e-06,0.030311,0.030274,15.3141,22640,FALSE,0,4,1,4,1,589,2744,588,2744,0,0,0,0,0,0,0,0,1,0,0,0,0,0,0,0,0,0,0,0,0,0,0,0,0,0
Sudoku-COL-AN14,12,TRUE,NONE,2e-06,0.02704,0.048895,15.1446,22504,FALSE,0,4,1,4,1,589,2744,588,2744,0,0,0,0,0,0,0,0,1,0,0,0,0,0,0,0,0,0,0,0,0,0,0,0,0,0
Sudoku-COL-AN14,13,NONE,NONE,2e-06,0.031061,0.039924,0.0,16424,FALSE,0,4,1,4,1,589,2744,588,2744,0,0,0,0,0,0,0,0,1,0,0,0,0,0,0,0,0,0,0,0,0,0,0,0,0,0
Sudoku-COL-AN14,14,NONE,NONE,3e-06,0.030557,0.036191,0.0,16264,FALSE,0,4,1,4,1,589,2744,588,2744,0,0,0,0,0,0,0,0,1,0,0,0,0,0,0,0,0,0,0,0,0,0,0,0,0,0
Sudoku-COL-AN14,15,NONE,NONE,3e-06,0.023695,0.039619,0.0,15968,FALSE,0,4,1,4,1,589,2744,588,2744,0,0,0,0,0,0,0,0,1,0,0,0,0,0,0,0,0,0,0,0,0,0,0,0,0,0
Sudoku-COL-AN14,16,NONE,NONE,3e-06,0.037786,0.045532,0.0,21416,FALSE,0,4,1,4,1,589,2744,588,2744,0,0,0,0,0,0,0,0,1,0,0,0,0,0,0,0,0,0,0,0,0,0,0,0,0,0
Sudoku-COL-AN15,1,FALSE,NONE,2e-06,0.036598,0.05083,27.226,31456,FALSE,0,4,1,4,1,676,3375,675,3375,0,0,0,0,0,0,0,0,1,0,0,0,0,0,0,0,0,0,0,0,0,0,0,0,0,0
Sudoku-COL-AN15,2,NONE,NONE,2e-06,0.033887,0.042985,0.0,18852,FALSE,0,4,1,4,1,676,3375,675,3375,0,0,0,0,0,0,0,0,1,0,0,0,0,0,0,0,0,0,0,0,0,0,0,0,0,0
Sudoku-COL-AN15,3,NONE,NONE,2e-06,0.035012,0.05951,0.0,28432,FALSE,0,4,1,4,1,676,3375,675,3375,0,0,0,0,0,0,0,0,1,0,0,0,0,0,0,0,0,0,0,0,0,0,0,0,0,0
Sudoku-COL-AN15,4,NONE,NONE,3e-06,0.042212,0.049423,0.0,17880,FALSE,0,4,1,4,1,676,3375,675,3375,0,0,0,0,0,0,0,0,1,0,0,0,0,0,0,0,0,0,0,0,0,0,0,0,0,0
Sudoku-COL-AN15,5,FALSE,NONE,2e-06,0.036431,0.041613,25.1291,31264,FALSE,0,4,1,4,1,676,3375,675,3375,0,0,0,0,0,0,0,0,1,0,0,0,0,0,0,0,0,0,0,0,0,0,0,0,0,0
Sudoku-COL-AN15,6,NONE,NONE,2e-06,0.03267,0.048707,0.0,18292,FALSE,0,4,1,4,1,676,3375,675,3375,0,0,0,0,0,0,0,0,1,0,0,0,0,0,0,0,0,0,0,0,0,0,0,0,0,0
Sudoku-COL-AN15,7,FALSE,NONE,2e-06,0.03532,0.06161,28.6361,31260,FALSE,0,4,1,4,1,676,3375,675,3375,0,0,0,0,0,0,0,0,1,0,0,0,0,0,0,0,0,0,0,0,0,0,0,0,0,0
Sudoku-COL-AN15,8,NONE,NONE,2e-06,0.037657,0.05354,0.0,17680,FALSE,0,4,1,4,1,676,3375,675,3375,0,0,0,0,0,0,0,0,1,0,0,0,0,0,0,0,0,0,0,0,0,0,0,0,0,0
Sudoku-COL-AN15,9,NONE,NONE,2e-06,0.036471,0.053647,0.0,23892,FALSE,0,4,1,4,1,676,3375,675,3375,0,0,0,0,0,0,0,0,1,0,0,0,0,0,0,0,0,0,0,0,0,0,0,0,0,0
Sudoku-COL-AN15,10,NONE,NONE,2e-06,0.039441,0.041934,0.0,20212,FALSE,0,4,1,4,1,676,3375,675,3375,0,0,0,0,0,0,0,0,1,0,0,0,0,0,0,0,0,0,0,0,0,0,0,0,0,0
Sudoku-COL-AN15,11,NONE,NONE,2e-06,0.03567,0.052366,0.0,19328,FALSE,0,4,1,4,1,676,3375,675,3375,0,0,0,0,0,0,0,0,1,0,0,0,0,0,0,0,0,0,0,0,0,0,0,0,0,0
Sudoku-COL-AN15,12,FALSE,NONE,2e-06,0.046368,0.067378,26.8113,31260,FALSE,0,4,1,4,1,676,3375,675,3375,0,0,0,0,0,0,0,0,1,0,0,0,0,0,0,0,0,0,0,0,0,0,0,0,0,0
Sudoku-COL-AN15,13,NONE,NONE,2e-06,0.038726,0.04081,0.0,28016,FALSE,0,4,1,4,1,676,3375,675,3375,0,0,0,0,0,0,0,0,1,0,0,0,0,0,0,0,0,0,0,0,0,0,0,0,0,0
Sudoku-COL-AN15,14,NONE,NONE,2e-06,0.033494,0.052207,0.0,19612,FALSE,0,4,1,4,1,676,3375,675,3375,0,0,0,0,0,0,0,0,1,0,0,0,0,0,0,0,0,0,0,0,0,0,0,0,0,0
Sudoku-COL-AN15,15,NONE,NONE,2e-06,0.052374,0.046351,0.0,17492,FALSE,0,4,1,4,1,676,3375,675,3375,0,0,0,0,0,0,0,0,1,0,0,0,0,0,0,0,0,0,0,0,0,0,0,0,0,0
Sudoku-COL-AN15,16,FALSE,NONE,2e-06,0.034214,0.043339,28.7839,31264,FALSE,0,4,1,4,1,676,3375,675,3375,0,0,0,0,0,0,0,0,1,0,0,0,0,0,0,0,0,0,0,0,0,0,0,0,0,0
Sudoku-COL-AN16,1,NONE,NONE,1e-06,0.03994,0.070806,0.0,25160,FALSE,0,4,1,4,1,769,4096,768,4096,0,0,0,0,0,0,0,0,1,0,0,0,0,0,0,0,0,0,0,0,0,0,0,0,0,0
Sudoku-COL-AN16,2,NONE,NONE,3e-06,0.042924,0.082928,0.0,24720,FALSE,0,4,1,4,1,769,4096,768,4096,0,0,0,0,0,0,0,0,1,0,0,0,0,0,0,0,0,0,0,0,0,0,0,0,0,0
Sudoku-COL-AN16,3,NONE,NONE,2e-06,0.041893,0.055643,0.0,31348,FALSE,0,4,1,4,1,769,4096,768,4096,0,0,0,0,0,0,0,0,1,0,0,0,0,0,0,0,0,0,0,0,0,0,0,0,0,0
Sudoku-COL-AN16,4,NONE,NONE,3e-06,0.049303,0.07665,0.0,17812,FALSE,0,4,1,4,1,769,4096,768,4096,0,0,0,0,0,0,0,0,1,0,0,0,0,0,0,0,0,0,0,0,0,0,0,0,0,0
Sudoku-COL-AN16,5,NONE,NONE,2e-06,0.033789,0.080721,0.0,25876,FALSE,0,4,1,4,1,769,4096,768,4096,0,0,0,0,0,0,0,0,1,0,0,0,0,0,0,0,0,0,0,0,0,0,0,0,0,0
Sudoku-COL-AN16,6,NONE,NONE,2e-06,0.042371,0.067227,0.0,22360,FALSE,0,4,1,4,1,769,4096,768,4096,0,0,0,0,0,0,0,0,1,0,0,0,0,0,0,0,0,0,0,0,0,0,0,0,0,0
Sudoku-COL-AN16,7,NONE,NONE,3e-06,0.043702,0.069088,0.0,25128,FALSE,0,4,1,4,1,769,4096,768,4096,0,0,0,0,0,0,0,0,1,0,0,0,0,0,0,0,0,0,0,0,0,0,0,0,0,0
Sudoku-COL-AN16,8,NONE,NONE,2e-06,0.05306,0.05521,0.0,29984,FALSE,0,4,1,4,1,769,4096,768,4096,0,0,0,0,0,0,0,0,1,0,0,0,0,0,0,0,0,0,0,0,0,0,0,0,0,0
Sudoku-COL-AN16,9,NONE,NONE,2e-06,0.045609,0.078725,0.0,33144,FALSE,0,4,1,4,1,769,4096,768,4096,0,0,0,0,0,0,0,0,1,0,0,0,0,0,0,0,0,0,0,0,0,0,0,0,0,0
Sudoku-COL-AN16,10,NONE,NONE,2e-06,0.040142,0.059673,0.0,17796,FALSE,0,4,1,4,1,769,4096,768,4096,0,0,0,0,0,0,0,0,1,0,0,0,0,0,0,0,0,0,0,0,0,0,0,0,0,0
Sudoku-COL-AN16,11,NONE,NONE,2e-06,0.040541,0.074536,0.0,28864,FALSE,0,4,1,4,1,769,4096,768,4096,0,0,0,0,0,0,0,0,1,0,0,0,0,0,0,0,0,0,0,0,0,0,0,0,0,0
Sudoku-COL-AN16,12,NONE,NONE,2e-06,0.040738,0.052581,0.0,31804,FALSE,0,4,1,4,1,769,4096,768,4096,0,0,0,0,0,0,0,0,1,0,0,0,0,0,0,0,0,0,0,0,0,0,0,0,0,0
Sudoku-COL-AN16,13,NONE,NONE,3e-06,0.069231,0.054533,0.0,29232,FALSE,0,4,1,4,1,769,4096,768,4096,0,0,0,0,0,0,0,0,1,0,0,0,0,0,0,0,0,0,0,0,0,0,0,0,0,0
Sudoku-COL-AN16,14,NONE,NONE,2e-06,0.040363,0.064129,0.0,20660,FALSE,0,4,1,4,1,769,4096,768,4096,0,0,0,0,0,0,0,0,1,0,0,0,0,0,0,0,0,0,0,0,0,0,0,0,0,0
Sudoku-COL-AN16,15,NONE,NONE,2e-06,0.039769,0.078471,0.0,28076,FALSE,0,4,1,4,1,769,4096,768,4096,0,0,0,0,0,0,0,0,1,0,0,0,0,0,0,0,0,0,0,0,0,0,0,0,0,0
Sudoku-COL-AN16,16,NONE,NONE,2e-06,0.040731,0.056645,0.0,29436,FALSE,0,4,1,4,1,769,4096,768,4096,0,0,0,0,0,0,0,0,1,0,0,0,0,0,0,0,0,0,0,0,0,0,0,0,0,0
Sudoku-COL-BN01,1,TRUE,NONE,2e-06,7.8e-05,5e-05,0.0,4364,TRUE,0,5,1,5,1,5,1,0,0,0,0,0,0,0,0,0,0,1,0,0,0,0,0,0,0,0,0,0,0,0,0,0,0,0,0
Sudoku-COL-BN01,2,TRUE,NONE,2e-06,8e-05,5.5e-05,0.0,4368,TRUE,0,5,1,5,1,5,1,0,0,0,0,0,0,0,0,0,0,1,0,0,0,0,0,0,0,0,0,0,0,0,0,0,0,0,0
Sudoku-COL-BN01,3,FALSE,NONE,2e-06,7.8e-05,2.7e-05,0.0,4704,TRUE,0,5,1,5,1,5,1,0,0,0,0,0,0,0,0,0,0,1,0,0,0,0,0,0,0,0,0,0,0,0,0,0,0,0,0
Sudoku-COL-BN01,4,FALSE,NONE,2e-06,7.8e-05,4.3e-05,0.002491,6664,FALSE,0,5,1,5,1,5,1,4,1,0,0,0,0,0,0,0,0,1,0,0,0,0,0,0,0,0,0,0,0,0,0,0,0,0,0
Sudoku-COL-BN01,5,FALSE,NONE,2e-06,9e-05,8.8e-05,0.00288,6660,FALSE,0,5,1,5,1,5,1,4,1,0,0,0,0,0,0,0,0,1,0,0,0,0,0,0,0,0,0,0,0,0,0,0,0,0,0
Sudoku-COL-BN01,6,FALSE,NONE,2e-06,8.3e-05,4.9e-05,0.0,4696,TRUE,0,5,1,5,1,5,1,0,0,0,0,0,0,0,0,0,0,1,0,0,0,0,0,0,0,0,0,0,0,0,0,0,0,0,0
Sudoku-COL-BN01,7,FALSE,NONE,2e-06,8e-05,3.1e-05,0.0,4692,TRUE,0,5,1,5,1,5,1,0,0,0,0,0,0,0,0,0,0,1,0,0,0,0,0,0,0,0,0,0,0,0,0,0,0,0,0
Sudoku-COL-BN01,8,TRUE,NONE,2e-06,7.5e-05,7.2e-05,0.002398,6664,FALSE,0,5,1,5,1,5,1,4,1,0,0,0,0,0,0,0,0,1,0,0,0,0,0,0,0,0,0,0,0,0,0,0,0,0,0
Sudoku-COL-BN01,9,FALSE,NONE,3e-06,0.000103,6.7e-05,0.0,4692,TRUE,0,5,1,5,1,5,1,0,0,0,0,0,0,0,0,0,0,1,0,0,0,0,0,0,0,0,0,0,0,0,0,0,0,0,0
Sudoku-COL-BN01,10,FALSE,NONE,2e-06,0.000104,6.6e-05,0.0,4364,TRUE,0,5,1,5,1,5,1,0,0,0,0,0,0,0,0,0,0,1,0,0,0,0,0,0,0,0,0,0,0,0,0,0,0,0,0
Sudoku-COL-BN01,11,TRUE,NONE,2e-06,7.7e-05,4.8e-05,0.0,4364,TRUE,0,5,1,5,1,5,1,0,0,0,0,0,0,0,0,0,0,1,0,0,0,0,0,0,0,0,0,0,0,0,0,0,0,0,0
Sudoku-COL-BN01,12,FALSE,NONE,2e-06,7.9e-05,3.2e-05,0.0,4372,TRUE,0,5,1,5,1,5,1,0,0,0,0,0,0,0,0,0,0,1,0,0,0,0,0,0,0,0,0,0,0,0,0,0,0,0,0
Sudoku-COL-BN01,13,TRUE,NONE,2e-06,8.1e-05,5.3e-05,0.0,4696,TRUE,0,5,1,5,1,5,1,0,0,0,0,0,0,0,0,0,0,1,0,0,0,0,0,0,0,0,0,0,0,0,0,0,0,0,0
Sudoku-COL-BN01,14,TRUE,NONE,2e-06,9.1e-05,4.8e-05,0.0,4364,TRUE,0,5,1,5,1,5,1,0,0,0,0,0,0,0,0,0,0,1,0,0,0,0,0,0,0,0,0,0,0,0,0,0,0,0,0
Sudoku-COL-BN01,15,TRUE,NONE,2e-06,7.7e-05,5.3e-05,0.0,4368,TRUE,0,5,1,5,1,5,1,0,0,0,0,0,0,0,0,0,0,1,0,0,0,0,0,0,0,0,0,0,0,0,0,0,0,0,0
Sudoku-COL-BN01,16,TRUE,NONE,2e-06,7e-05,4.8e-05,0.0,4368,TRUE,0,5,1,5,1,5,1,0,0,0,0,0,0,0,0,0,0,1,0,0,0,0,0,0,0,0,0,0,0,0,0,0,0,0,0
Sudoku-COL-BN04,1,TRUE,NONE,2e-06,0.00105,0.000428,0.003838,7088,FALSE,0,5,1,5,1,65,64,64,64,0,0,0,0,0,0,0,0,1,0,0,0,0,0,0,0,0,0,0,0,0,0,0,0,0,0
Sudoku-COL-BN04,2,TRUE,NONE,3e-06,0.001096,0.000458,0.003826,7092,FALSE,0,5,1,5,1,65,64,64,64,0,0,0,0,0,0,0,0,1,0,0,0,0,0,0,0,0,0,0,0,0,0,0,0,0,0
Sudoku-COL-BN04,3,NONE,NONE,2e-06,0.001101,0.000721,0.0,26976,FALSE,0,5,1,5,1,65,64,64,64,0,0,0,0,0,0,0,0,1,0,0,0,0,0,0,0,0,0,0,0,0,0,0,0,0,0
Sudoku-COL-BN04,4,TRUE,NONE,2e-06,0.001117,0.000441,0.004786,7068,FALSE,0,5,1,5,1,65,64,64,64,0,0,0,0,0,0,0,0,1,0,0,0,0,0,0,0,0,0,0,0,0,0,0,0,0,0
Sudoku-COL-BN04,5,TRUE,NONE,2e-06,0.000986,0.000395,0.003984,7088,FALSE,0,5,1,5,1,65,64,64,64,0,0,0,0,0,0,0,0,1,0,0,0,0,0,0,0,0,0,0,0,0,0,0,0,0,0
Sudoku-COL-BN04,6,NONE,NONE,2e-06,0.001108,0.00058,0.0,30332,FALSE,0,5,1,5,1,65,64,64,64,0,0,0,0,0,0,0,0,1,0,0,0,0,0,0,0,0,0,0,0,0,0,0,0,0,0
Sudoku-COL-BN04,7,FALSE,NONE,2e-06,0.001142,0.000391,0.003854,7096,FALSE,0,5,1,5,1,65,64,64,64,0,0,0,0,0,0,0,0,1,0,0,0,0,0,0,0,0,0,0,0,0,0,0,0,0,0
Sudoku-COL-BN04,8,FALSE,NONE,2e-06,0.001204,0.000454,0.004592,7096,FALSE,0,5,1,5,1,65,64,64,64,0,0,0,0,0,0,0,0,1,0,0,0,0,0,0,0,0,0,0,0,0,0,0,0,0,0
Sudoku-COL-BN04,9,FALSE,NONE,2e-06,0.001135,0.000436,0.004688,7204,FALSE,0,5,1,5,1,65,64,64,64,0,0,0,0,0,0,0,0,1,0,0,0,0,0,0,0,0,0,0,0,0,0,0,0,0,0
Sudoku-COL-BN04,10,TRUE,NONE,2e-06,0.001111,0.000546,0.00596,7396,FALSE,0,5,1,5,1,65,64,64,64,0,0,0,0,0,0,0,0,1,0,0,0,0,0,0,0,0,0,0,0,0,0,0,0,0,0
Sudoku-COL-BN04,11,FALSE,NONE,2e-06,0.001003,0.000486,0.005558,7216,FALSE,0,5,1,5,1,65,64,64,64,0,0,0,0,0,0,0,0,1,0,0,0,0,0,0,0,0,0,0,0,0,0,0,0,0,0
Sudoku-COL-BN04,12,FALSE,NONE,2e-06,0.001018,0.00045,0.004384,7096,FALSE,0,5,1,5,1,65,64,64,64,0,0,0,0,0,0,0,0,1,0,0,0,0,0,0,0,0,0,0,0,0,0,0,0,0,0
Sudoku-COL-BN04,13,FALSE,NONE,2e-06,0.001229,0.000534,0.004399,7096,FALSE,0,5,1,5,1,65,64,64,64,0,0,0,0,0,0,0,0,1,0,0,0,0,0,0,0,0,0,0,0,0,0,0,0,0,0
Sudoku-COL-BN04,14,FALSE,NONE,2e-06,0.001264,0.000399,0.004394,7096,FALSE,0,5,1,5,1,65,64,64,64,0,0,0,0,0,0,0,0,1,0,0,0,0,0,0,0,0,0,0,0,0,0,0,0,0,0
Sudoku-COL-BN04,15,FALSE,NONE,2e-06,0.00096,0.000382,0.003845,7096,FALSE,0,5,1,5,1,65,64,64,64,0,0,0,0,0,0,0,0,1,0,0,0,0,0,0,0,0,0,0,0,0,0,0,0,0,0
Sudoku-COL-BN04,16,FALSE,NONE,2e-06,0.001034,0.000401,0.003634,7096,FALSE,0,5,1,5,1,65,64,64,64,0,0,0,0,0,0,0,0,1,0,0,0,0,0,0,0,0,0,0,0,0,0,0,0,0,0
Sudoku-COL-BN09,1,FALSE,NONE,2e-06,0.021042,0.007554,0.436999,10580,FALSE,0,5,1,5,1,325,729,324,729,0,0,0,0,0,0,0,0,1,0,0,0,0,0,0,0,0,0,0,0,0,0,0,0,0,0
Sudoku-COL-BN09,2,FALSE,NONE,2e-06,0.019255,0.011641,4.57746,13716,FALSE,0,5,1,5,1,325,729,324,729,0,0,0,0,0,0,0,0,1,0,0,0,0,0,0,0,0,0,0,0,0,0,0,0,0,0
Sudoku-COL-BN09,3,NONE,NONE,2e-06,0.020047,0.011078,0.0,15292,FALSE,0,5,1,5,1,325,729,324,729,0,0,0,0,0,0,0,0,1,0,0,0,0,0,0,0,0,0,0,0,0,0,0,0,0,0
Sudoku-COL-BN09,4,TRUE,NONE,2e-06,0.018515,0.009464,3.69148,15236,FALSE,0,5,1,5,1,325,729,324,729,0,0,0,0,0,0,0,0,1,0,0,0,0,0,0,0,0,0,0,0,0,0,0,0,0,0
Sudoku-COL-BN09,5,FALSE,NONE,3e-06,0.019735,0.007845,0.543765,10672,FALSE,0,5,1,5,1,325,729,324,729,0,0,0,0,0,0,0,0,1,0,0,0,0,0,0,0,0,0,0,0,0,0,0,0,0,0
Sudoku-COL-BN09,6,FALSE,NONE,2e-06,0.01954,0.010421,0.575211,10576,FALSE,0,5,1,5,1,325,729,324,729,0,0,0,0,0,0,0,0,1,0,0,0,0,0,0,0,0,0,0,0,0,0,0,0,0,0
Sudoku-COL-BN09,7,FALSE,NONE,2e-06,0.025595,0.010898,3.13098,13652,FALSE,0,5,1,5,1,325,729,324,729,0,0,0,0,0,0,0,0,1,0,0,0,0,0,0,0,0,0,0,0,0,0,0,0,0,0
Sudoku-COL-BN09,8,FALSE,NONE,3e-06,0.032231,0.007607,0.442189,10672,FALSE,0,5,1,5,1,325,729,324,729,0,0,0,0,0,0,0,0,1,0,0,0,0,0,0,0,0,0,0,0,0,0,0,0,0,0
Sudoku-COL-BN09,9,FALSE,NONE,2e-06,0.019532,0.007176,0.455002,10608,FALSE,0,5,1,5,1,325,729,324,729,0,0,0,0,0,0,0,0,1,0,0,0,0,0,0,0,0,0,0,0,0,0,0,0,0,0
Sudoku-COL-BN09,10,FALSE,NONE,2e-06,0.019761,0.007686,0.447732,10580,FALSE,0,5,1,5,1,325,729,324,729,0,0,0,0,0,0,0,0,1,0,0,0,0,0,0,0,0,0,0,0,0,0,0,0,0,0
Sudoku-COL-BN09,11,NONE,NONE,2e-06,0.019504,0.010092,0.0,16532,FALSE,0,5,1,5,1,325,729,324,729,0,0,0,0,0,0,0,0,1,0,0,0,0,0,0,0,0,0,0,0,0,0,0,0,0,0
Sudoku-COL-BN09,12,NONE,NONE,2e-06,0.020024,0.011122,0.0,14328,FALSE,0,5,1,5,1,325,729,324,729,0,0,0,0,0,0,0,0,1,0,0,0,0,0,0,0,0,0,0,0,0,0,0,0,0,0
Sudoku-COL-BN09,13,NONE,NONE,2e-06,0.020636,0.009635,0.0,16772,FALSE,0,5,1,5,1,325,729,324,729,0,0,0,0,0,0,0,0,1,0,0,0,0,0,0,0,0,0,0,0,0,0,0,0,0,0
Sudoku-COL-BN09,14,FALSE,NONE,2e-06,0.019741,0.008875,1.57626,15420,FALSE,0,5,1,5,1,325,729,324,729,0,0,0,0,0,0,0,0,1,0,0,0,0,0,0,0,0,0,0,0,0,0,0,0,0,0
Sudoku-COL-BN09,15,FALSE,NONE,3e-06,0.023973,0.007525,0.445732,10780,FALSE,0,5,1,5,1,325,729,324,729,0,0,0,0,0,0,0,0,1,0,0,0,0,0,0,0,0,0,0,0,0,0,0,0,0,0
Sudoku-COL-BN09,16,FALSE,NONE,4e-06,0.028612,0.007326,0.446701,10732,FALSE,0,5,1,5,1,325,729,324,729,0,0,0,0,0,0,0,0,1,0,0,0,0,0,0,0,0,0,0,0,0,0,0,0,0,0
Sudoku-COL-BN16,1,NONE,NONE,2e-06,0.247308,0.068803,0.0,30712,FALSE,0,5,1,5,1,1025,4096,1024,4096,0,0,0,0,0,0,0,0,1,0,0,0,0,0,0,0,0,0,0,0,0,0,0,0,0,0
Sudoku-COL-BN16,2,NONE,NONE,3e-06,0.371435,0.085977,0.0,26072,FALSE,0,5,1,5,1,1025,4096,1024,4096,0,0,0,0,0,0,0,0,1,0,0,0,0,0,0,0,0,0,0,0,0,0,0,0,0,0
Sudoku-COL-BN16,3,NONE,NONE,3e-06,0.253176,0.074776,0.0,28188,FALSE,0,5,1,5,1,1025,4096,1024,4096,0,0,0,0,0,0,0,0,1,0,0,0,0,0,0,0,0,0,0,0,0,0,0,0,0,0
Sudoku-COL-BN16,4,NONE,NONE,2e-06,0.251726,0.069849,0.0,31004,FALSE,0,5,1,5,1,1025,4096,1024,4096,0,0,0,0,0,0,0,0,1,0,0,0,0,0,0,0,0,0,0,0,0,0,0,0,0,0
Sudoku-COL-BN16,5,NONE,NONE,4e-06,0.306777,0.06631,0.0,33992,FALSE,0,5,1,5,1,1025,4096,1024,4096,0,0,0,0,0,0,0,0,1,0,0,0,0,0,0,0,0,0,0,0,0,0,0,0,0,0
Sudoku-COL-BN16,6,NONE,NONE,3e-06,0.240051,0.068826,0.0,29940,FALSE,0,5,1,5,1,1025,4096,1024,4096,0,0,0,0,0,0,0,0,1,0,0,0,0,0,0,0,0,0,0,0,0,0,0,0,0,0
Sudoku-COL-BN16,7,NONE,NONE,2e-06,0.338735,0.11464,0.0,41304,FALSE,0,5,1,5,1,1025,4096,1024,4096,0,0,0,0,0,0,0,0,1,0,0,0,0,0,0,0,0,0,0,0,0,0,0,0,0,0
Sudoku-COL-BN16,8,NONE,NONE,3e-06,0.371681,0.086638,0.0,18820,FALSE,0,5,1,5,1,1025,4096,1024,4096,0,0,0,0,0,0,0,0,1,0,0,0,0,0,0,0,0,0,0,0,0,0,0,0,0,0
Sudoku-COL-BN16,9,NONE,NONE,2e-06,0.240199,0.155305,0.0,33660,FALSE,0,5,1,5,1,1025,4096,1024,4096,0,0,0,0,0,0,0,0,1,0,0,0,0,0,0,0,0,0,0,0,0,0,0,0,0,0
Sudoku-COL-BN16,10,NONE,NONE,2e-06,0.249141,0.070442,0.0,24584,FALSE,0,5,1,5,1,1025,4096,1024,4096,0,0,0,0,0,0,0,0,1,0,0,0,0,0,0,0,0,0,0,0,0,0,0,0,0,0
Sudoku-COL-BN16,11,NONE,NONE,4e-06,0.439983,0.076808,0.0,20760,FALSE,0,5,1,5,1,1025,4096,1024,4096,0,0,0,0,0,0,0,0,1,0,0,0,0,0,0,0,0,0,0,0,0,0,0,0,0,0
Sudoku-COL-BN16,12,NONE,NONE,2e-06,0.245936,0.09536,0.0,29852,FALSE,0,5,1,5,1,1025,4096,1024,4096,0,0,0,0,0,0,0,0,1,0,0,0,0,0,0,0,0,0,0,0,0,0,0,0,0,0
Sudoku-COL-BN16,13,NONE,NONE,2e-06,0.281321,0.071642,0.0,29084,FALSE,0,5,1,5,1,1025,4096,1024,4096,0,0,0,0,0,0,0,0,1,0,0,0,0,0,0,0,0,0,0,0,0,0,0,0,0,0
Sudoku-COL-BN16,14,NONE,NONE,3e-06,0.373166,0.064594,0.0,19716,FALSE,0,5,1,5,1,1025,4096,1024,4096,0,0,0,0,0,0,0,0,1,0,0,0,0,0,0,0,0,0,0,0,0,0,0,0,0,0
Sudoku-COL-BN16,15,NONE,NONE,2e-06,0.245643,0.099348,0.0,21056,FALSE,0,5,1,5,1,1025,4096,1024,4096,0,0,0,0,0,0,0,0,1,0,0,0,0,0,0,0,0,0,0,0,0,0,0,0,0,0
Sudoku-COL-BN16,16,NONE,NONE,2e-06,0.27863,0.070332,0.0,27204,FALSE,0,5,1,5,1,1025,4096,1024,4096,0,0,0,0,0,0,0,0,1,0,0,0,0,0,0,0,0,0,0,0,0,0,0,0,0,0
TokenRing-COL-005,1,FALSE,NONE,2e-06,0.001471,0.001134,0.003288,7060,FALSE,0,1,2,1,2,36,156,36,156,0,0,0,0,0,0,0,0,0,0,0,0,0,0,0,0,0,0,0,0,0,0,0,0,0,0
TokenRing-COL-005,2,TRUE,NONE,2e-06,0.001529,0.000127,0.0,4568,TRUE,0,1,2,1,2,36,156,0,0,0,0,0,0,0,0,0,0,1,0,0,0,0,0,0,0,0,0,0,0,0,0,0,0,0,0
TokenRing-COL-005,3,TRUE,NONE,2e-06,0.001688,0.000143,0.0,4568,TRUE,0,1,2,1,2,36,156,0,0,0,0,0,0,0,0,0,0,1,0,0,0,0,0,0,0,0,0,0,0,0,0,0,0,0,0
TokenRing-COL-005,4,TRUE,NONE,1e-06,0.001537,0.000944,0.002817,6792,FALSE,0,1,2,1,2,36,156,36,156,0,0,0,0,0,0,0,0,0,0,0,0,0,0,0,0,0,0,0,0,0,0,0,0,0,0
TokenRing-COL-005,5,FALSE,NONE,2e-06,0.001408,0.0011,0.005978,7248,FALSE,0,1,2,1,2,36,156,36,156,0,0,0,0,0,0,0,0,0,0,0,0,0,0,0,0,0,0,0,0,0,0,0,0,0,0
TokenRing-COL-005,6,TRUE,NONE,2e-06,0.001556,0.000973,0.003007,6780,FALSE,0,1,2,1,2,36,156,36,156,0,0,0,0,0,0,0,0,0,0,0,0,0,0,0,0,0,0,0,0,0,0,0,0,0,0
TokenRing-COL-005,7,FALSE,NONE,2e-06,0.001515,0.000127,0.0,4564,TRUE,0,1,2,1,2,36,156,0,0,0,0,0,0,0,0,0,0,1,0,0,0,0,0,0,0,0,0,0,0,0,0,0,0,0,0
TokenRing-COL-005,8,TRUE,NONE,2e-06,0.001467,0.00113,0.005122,7072,FALSE,0,1,2,1,2,36,156,36,156,0,0,0,0,0,0,0,0,0,0,0,0,0,0,0,0,0,0,0,0,0,0,0,0,0,0
TokenRing-COL-005,9,FALSE,NONE,3e-06,0.001568,0.000155,0.0,4568,TRUE,0,1,2,1,2,36,156,0,0,0,0,0,0,0,0,0,0,1,0,0,0,0,0,0,0,0,0,0,0,0,0,0,0,0,0
TokenRing-COL-005,10,FALSE,NONE,3e-06,0.001363,0.000147,0.0,4584,TRUE,0,1,2,1,2,36,156,0,0,0,0,0,0,0,0,0,0,1,0,0,0,0,0,0,0,0,0,0,0,0,0,0,0,0,0
TokenRing-COL-005,11,TRUE,NONE,2e-06,0.001498,0.001194,0.003838,7280,FALSE,0,1,2,1,2,36,156,36,156,0,0,0,0,0,0,0,0,0,0,0,0,0,0,0,0,0,0,0,0,0,0,0,0,0,0
TokenRing-COL-005,12,FALSE,NONE,2e-06,0.001408,0.000143,0.0,4560,TRUE,0,1,2,1,2,36,156,0,0,0,0,0,0,0,0,0,0,1,0,0,0,0,0,0,0,0,0,0,0,0,0,0,0,0,0
TokenRing-COL-005,13,FALSE,NONE,2e-06,0.0015,0.00015,0.0,4560,TRUE,0,1,2,1,2,36,156,0,0,0,0,0,0,0,0,0,0,1,0,0,0,0,0,0,0,0,0,0,0,0,0,0,0,0,0
TokenRing-COL-005,14,TRUE,NONE,2e-06,0.001507,0.00013,0.0,4564,TRUE,0,1,2,1,2,36,156,0,0,0,0,0,0,0,0,0,0,1,0,0,0,0,0,0,0,0,0,0,0,0,0,0,0,0,0
TokenRing-COL-005,15,TRUE,NONE,2e-06,0.001481,0.001001,0.002712,6792,FALSE,0,1,2,1,2,36,156,36,156,0,0,0,0,0,0,0,0,0,0,0,0,0,0,0,0,0,0,0,0,0,0,0,0,0,0
TokenRing-COL-005,16,FALSE,NONE,2e-06,0.001481,0.000144,0.0,4568,TRUE,0,1,2,1,2,36,156,0,0,0,0,0,0,0,0,0,0,1,0,0,0,0,0,0,0,0,0,0,0,0,0,0,0,0,0
TokenRing-COL-010,1,TRUE,NONE,4e-06,0.008975,0.013423,7.79834,10168,FALSE,0,1,2,1,2,121,1111,121,1111,0,0,0,0,0,0,0,0,0,0,0,0,0,0,0,0,0,0,0,0,0,0,0,0,0,0
TokenRing-COL-010,2,TRUE,NONE,2e-06,0.010315,0.013318,0.006144,7920,FALSE,0,1,2,1,2,121,1111,121,1111,0,0,0,0,0,0,0,0,0,0,0,0,0,0,0,0,0,0,0,0,0,0,0,0,0,0
TokenRing-COL-010,3,TRUE,NONE,2e-06,0.010183,0.014139,0.030045,12192,FALSE,0,1,2,1,2,121,1111,121,1111,0,0,0,0,0,0,0,0,0,0,0,0,0,0,0,0,0,0,0,0,0,0,0,0,0,0
TokenRing-COL-010,4,FALSE,NONE,2e-06,0.009823,0.016693,8.29,12288,FALSE,0,1,2,1,2,121,1111,121,1111,0,0,0,0,0,0,0,0,0,0,0,0,0,0,0,0,0,0,0,0,0,0,0,0,0,0
TokenRing-COL-010,5,FALSE,NONE,2e-06,0.007499,0.011305,0.004741,7924,FALSE,0,1,2,1,2,121,1111,121,1111,0,0,0,0,0,0,0,0,0,0,0,0,0,0,0,0,0,0,0,0,0,0,0,0,0,0
TokenRing-COL-010,6,FALSE,NONE,2e-06,0.00944,0.013452,6.48705,11108,FALSE,0,1,2,1,2,121,1111,121,1111,0,0,0,0,0,0,0,0,0,0,0,0,0,0,0,0,0,0,0,0,0,0,0,0,0,0
TokenRing-COL-010,7,FALSE,NONE,3e-06,0.009062,0.012797,0.008359,10308,FALSE,0,1,2,1,2,121,1111,121,1111,0,0,0,0,0,0,0,0,0,0,0,0,0,0,0,0,0,0,0,0,0,0,0,0,0,0
TokenRing-COL-010,8,TRUE,NONE,3e-06,0.01022,0.014636,16.941,11084,FALSE,0,1,2,1,2,121,1111,121,1111,0,0,0,0,0,0,0,0,0,0,0,0,0,0,0,0,0,0,0,0,0,0,0,0,0,0
TokenRing-COL-010,9,FALSE,NONE,2e-06,0.008873,0.013486,5.28714,10208,FALSE,0,1,2,1,2,121,1111,121,1111,0,0,0,0,0,0,0,0,0,0,0,0,0,0,0,0,0,0,0,0,0,0,0,0,0,0
TokenRing-COL-010,10,TRUE,NONE,2e-06,0.008948,0.011117,0.004354,7920,FALSE,0,1,2,1,2,121,1111,121,1111,0,0,0,0,0,0,0,0,0,0,0,0,0,0,0,0,0,0,0,0,0,0,0,0,0,0
TokenRing-COL-010,11,FALSE,NONE,3e-06,0.009895,0.0128,6.17781,10808,FALSE,0,1,2,1,2,121,1111,121,1111,0,0,0,0,0,0,0,0,0,0,0,0,0,0,0,0,0,0,0,0,0,0,0,0,0,0
TokenRing-COL-010,12,TRUE,NONE,2e-06,0.008702,0.012413,4.34823,10324,FALSE,0,1,2,1,2,121,1111,121,1111,0,0,0,0,0,0,0,0,0,0,0,0,0,0,0,0,0,0,0,0,0,0,0,0,0,0
TokenRing-COL-010,13,FALSE,NONE,3e-06,0.009414,0.012275,0.008269,10224,FALSE,0,1,2,1,2,121,1111,121,1111,0,0,0,0,0,0,0,0,0,0,0,0,0,0,0,0,0,0,0,0,0,0,0,0,0,0
TokenRing-COL-010,14,TRUE,NONE,3e-06,0.011193,0.012437,4.59114,10308,FALSE,0,1,2,1,2,121,1111,121,1111,0,0,0,0,0,0,0,0,0,0,0,0,0,0,0,0,0,0,0,0,0,0,0,0,0,0
TokenRing-COL-010,15,FALSE,NONE,3e-06,0.009132,0.013077,5.76963,11840,FALSE,0,1,2,1,2,121,1111,121,1111,0,0,0,0,0,0,0,0,0,0,0,0,0,0,0,0,0,0,0,0,0,0,0,0,0,0
TokenRing-COL-010,16,FALSE,NONE,2e-06,0.009593,0.014605,0.012978,10292,FALSE,0,1,2,1,2,121,1111,121,1111,0,0,0,0,0,0,0,0,0,0,0,0,0,0,0,0,0,0,0,0,0,0,0,0,0,0
TokenRing-COL-015,1,TRUE,NONE,2e-06,0.030057,0.061829,0.01931,11124,FALSE,0,1,2,1,2,256,3616,256,3616,0,0,0,0,0,0,0,0,0,0,0,0,0,0,0,0,0,0,0,0,0,0,0,0,0,0
TokenRing-COL-015,2,NONE,NONE,2e-06,0.030377,0.060414,0.0,14392,FALSE,0,1,2,1,2,256,3616,256,3616,0,0,0,0,0,0,0,0,0,0,0,0,0,0,0,0,0,0,0,0,0,0,0,0,0,0
TokenRing-COL-015,3,NONE,NONE,3e-06,0.029459,0.062052,0.0,14084,FALSE,0,1,2,1,2,256,3616,256,3616,0,0,0,0,0,0,0,0,0,0,0,0,0,0,0,0,0,0,0,0,0,0,0,0,0,0
TokenRing-COL-015,4,TRUE,NONE,2e-06,0.028769,0.061136,0.019046,11124,FALSE,0,1,2,1,2,256,3616,256,3616,0,0,0,0,0,0,0,0,0,0,0,0,0,0,0,0,0,0,0,0,0,0,0,0,0,0
TokenRing-COL-015,5,FALSE,NONE,3e-06,0.029248,0.066275,0.260529,16676,FALSE,0,1,2,1,2,256,3616,256,3616,0,0,0,0,0,0,0,0,0,0,0,0,0,0,0,0,0,0,0,0,0,0,0,0,0,0
TokenRing-COL-015,6,NONE,NONE,3e-06,0.029328,0.064789,0.0,14364,FALSE,0,1,2,1,2,256,3616,256,3616,0,0,0,0,0,0,0,0,0,0,0,0,0,0,0,0,0,0,0,0,0,0,0,0,0,0
TokenRing-COL-015,7,TRUE,NONE,2e-06,0.028758,0.06749,0.118343,13408,FALSE,0,1,2,1,2,256,3616,256,3616,0,0,0,0,0,0,0,0,0,0,0,0,0,0,0,0,0,0,0,0,0,0,0,0,0,0
TokenRing-COL-015,8,TRUE,NONE,3e-06,0.033544,0.059458,0.074824,13712,FALSE,0,1,2,1,2,256,3616,256,3616,0,0,0,0,0,0,0,0,0,0,0,0,0,0,0,0,0,0,0,0,0,0,0,0,0,0
TokenRing-COL-015,9,TRUE,NONE,3e-06,0.029854,0.060994,0.088571,13392,FALSE,0,1,2,1,2,256,3616,256,3616,0,0,0,0,0,0,0,0,0,0,0,0,0,0,0,0,0,0,0,0,0,0,0,0,0,0
TokenRing-COL-015,10,FALSE,NONE,2e-06,0.029771,0.062558,0.017726,11124,FALSE,0,1,2,1,2,256,3616,256,3616,0,0,0,0,0,0,0,0,0,0,0,0,0,0,0,0,0,0,0,0,0,0,0,0,0,0
TokenRing-COL-015,11,TRUE,NONE,2e-06,0.031748,0.069683,0.666555,15048,FALSE,0,1,2,1,2,256,3616,256,3616,0,0,0,0,0,0,0,0,0,0,0,0,0,0,0,0,0,0,0,0,0,0,0,0,0,0
TokenRing-COL-015,12,NONE,NONE,3e-06,0.029079,0.055307,0.0,14056,FALSE,0,1,2,1,2,256,3616,256,3616,0,0,0,0,0,0,0,0,0,0,0,0,0,0,0,0,0,0,0,0,0,0,0,0,0,0
TokenRing-COL-015,13,NONE,NONE,3e-06,0.036716,0.065816,0.0,13556,FALSE,0,1,2,1,2,256,3616,256,3616,0,0,0,0,0,0,0,0,0,0,0,0,0,0,0,0,0,0,0,0,0,0,0,0,0,0
TokenRing-COL-015,14,NONE,NONE,3e-06,0.02961,0.078024,0.0,15488,FALSE,0,1,2,1,2,256,3616,256,3616,0,0,0,0,0,0,0,0,0,0,0,0,0,0,0,0,0,0,0,0,0,0,0,0,0,0
TokenRing-COL-015,15,TRUE,NONE,3e-06,0.029762,0.068248,0.760737,17316,FALSE,0,1,2,1,2,256,3616,256,3616,0,0,0,0,0,0,0,0,0,0,0,0,0,0,0,0,0,0,0,0,0,0,0,0,0,0
TokenRing-COL-015,16,TRUE,NONE,2e-06,0.033525,0.057857,0.018973,11128,FALSE,0,1,2,1,2,256,3616,256,3616,0,0,0,0,0,0,0,0,0,0,0,0,0,0,0,0,0,0,0,0,0,0,0,0,0,0
TokenRing-COL-020,1,NONE,NONE,2e-06,0.064978,0.216568,0.0,28688,FALSE,0,1,2,1,2,441,8421,441,8421,0,0,0,0,0,0,0,0,0,0,0,0,0,0,0,0,0,0,0,0,0,0,0,0,0,0
TokenRing-COL-020,2,NONE,NONE,3e-06,0.057807,0.200447,0.0,28308,FALSE,0,1,2,1,2,441,8421,441,8421,0,0,0,0,0,0,0,0,0,0,0,0,0,0,0,0,0,0,0,0,0,0,0,0,0,0
TokenRing-COL-020,3,NONE,NONE,2e-06,0.058567,0.203314,0.0,28564,FALSE,0,1,2,1,2,441,8421,441,8421,0,0,0,0,0,0,0,0,0,0,0,0,0,0,0,0,0,0,0,0,0,0,0,0,0,0
TokenRing-COL-020,4,NONE,NONE,3e-06,0.061458,0.253759,0.0,32112,FALSE,0,1,2,1,2,441,8421,441,8421,0,0,0,0,0,0,0,0,0,0,0,0,0,0,0,0,0,0,0,0,0,0,0,0,0,0
TokenRing-COL-020,5,TRUE,NONE,2e-06,0.052791,0.193738,1.39873,22656,FALSE,0,1,2,1,2,441,8421,441,8421,0,0,0,0,0,0,0,0,0,0,0,0,0,0,0,0,0,0,0,0,0,0,0,0,0,0
TokenRing-COL-020,6,NONE,NONE,2e-06,0.058427,0.199644,0.0,29796,FALSE,0,1,2,1,2,441,8421,441,8421,0,0,0,0,0,0,0,0,0,0,0,0,0,0,0,0,0,0,0,0,0,0,0,0,0,0
TokenRing-COL-020,7,NONE,NONE,3e-06,0.080342,0.224045,0.0,25516,FALSE,0,1,2,1,2,441,8421,441,8421,0,0,0,0,0,0,0,0,0,0,0,0,0,0,0,0,0,0,0,0,0,0,0,0,0,0
TokenRing-COL-020,8,FALSE,NONE,2e-06,0.063436,0.190119,0.276358,19916,FALSE,0,1,2,1,2,441,8421,441,8421,0,0,0,0,0,0,0,0,0,0,0,0,0,0,0,0,0,0,0,0,0,0,0,0,0,0
TokenRing-COL-020,9,TRUE,NONE,4e-06,0.059497,0.011018,0.0,13664,TRUE,0,1,2,1,2,441,8421,0,0,0,0,0,0,0,0,0,0,1,0,0,0,0,0,0,0,0,0,0,0,0,0,0,0,0,0
TokenRing-COL-020,10,TRUE,NONE,3e-06,0.057844,0.190901,0.233858,20052,FALSE,0,1,2,1,2,441,8421,441,8421,0,0,0,0,0,0,0,0,0,0,0,0,0,0,0,0,0,0,0,0,0,0,0,0,0,0
TokenRing-COL-020,11,NONE,NONE,3e-06,0.080479,0.203701,0.0,19972,FALSE,0,1,2,1,2,441,8421,441,8421,0,0,0,0,0,0,0,0,0,0,0,0,0,0,0,0,0,0,0,0,0,0,0,0,0,0
TokenRing-COL-020,12,NONE,NONE,3e-06,0.066865,0.245675,0.0,25668,FALSE,0,1,2,1,2,441,8421,441,8421,0,0,0,0,0,0,0,0,0,0,0,0,0,0,0,0,0,0,0,0,0,0,0,0,0,0
TokenRing-COL-020,13,NONE,NONE,2e-06,0.059056,0.229801,0.0,25656,FALSE,0,1,2,1,2,441,8421,441,8421,0,0,0,0,0,0,0,0,0,0,0,0,0,0,0,0,0,0,0,0,0,0,0,0,0,0
TokenRing-COL-020,14,FALSE,NONE,3e-06,0.071176,0.167357,0.196925,19960,FALSE,0,1,2,1,2,441,8421,441,8421,0,0,0,0,0,0,0,0,0,0,0,0,0,0,0,0,0,0,0,0,0,0,0,0,0,0
TokenRing-COL-020,15,FALSE,NONE,2e-06,0.061573,0.204299,1.21542,25564,FALSE,0,1,2,1,2,441,8421,441,8421,0,0,0,0,0,0,0,0,0,0,0,0,0,0,0,0,0,0,0,0,0,0,0,0,0,0
TokenRing-COL-020,16,NONE,NONE,3e-06,0.058701,0.192154,0.0,20436,FALSE,0,1,2,1,2,441,8421,441,8421,0,0,0,0,0,0,0,0,0,0,0,0,0,0,0,0,0,0,0,0,0,0,0,0,0,0
TokenRing-COL-030,1,NONE,NONE,2e-06,0.162347,1.12659,0.0,72428,FALSE,0,1,2,1,2,961,27931,961,27931,0,0,0,0,0,0,0,0,0,0,0,0,0,0,0,0,0,0,0,0,0,0,0,0,0,0
TokenRing-COL-030,2,NONE,NONE,2e-06,0.196889,0.980845,0.0,60900,FALSE,0,1,2,1,2,961,27931,961,27931,0,0,0,0,0,0,0,0,0,0,0,0,0,0,0,0,0,0,0,0,0,0,0,0,0,0
TokenRing-COL-030,3,NONE,NONE,2e-06,0.197451,1.221,0.0,98836,FALSE,0,1,2,1,2,961,27931,961,27931,0,0,0,0,0,0,0,0,0,0,0,0,0,0,0,0,0,0,0,0,0,0,0,0,0,0
TokenRing-COL-030,4,NONE,NONE,3e-06,0.253426,1.03088,0.0,61152,FALSE,0,1,2,1,2,961,27931,961,27931,0,0,0,0,0,0,0,0,0,0,0,0,0,0,0,0,0,0,0,0,0,0,0,0,0,0
TokenRing-COL-030,5,FALSE,NONE,2e-06,0.197165,0.965922,4.89547,53004,FALSE,0,1,2,1,2,961,27931,961,27931,0,0,0,0,0,0,0,0,0,0,0,0,0,0,0,0,0,0,0,0,0,0,0,0,0,0
TokenRing-COL-030,6,TRUE,NONE,2e-06,0.201865,1.01882,0.355978,46644,FALSE,0,1,2,1,2,961,27931,961,27931,0,0,0,0,0,0,0,0,0,0,0,0,0,0,0,0,0,0,0,0,0,0,0,0,0,0
TokenRing-COL-030,7,NONE,NONE,2e-06,0.198822,1.05333,0.0,71988,FALSE,0,1,2,1,2,961,27931,961,27931,0,0,0,0,0,0,0,0,0,0,0,0,0,0,0,0,0,0,0,0,0,0,0,0,0,0
TokenRing-COL-030,8,TRUE,NONE,2e-06,0.191517,1.01761,0.350415,46640,FALSE,0,1,2,1,2,961,27931,961,27931,0,0,0,0,0,0,0,0,0,0,0,0,0,0,0,0,0,0,0,0,0,0,0,0,0,0
TokenRing-COL-030,9,FALSE,NONE,2e-06,0.190855,0.973272,5.0998,52756,FALSE,0,1,2,1,2,961,27931,961,27931,0,0,0,0,0,0,0,0,0,0,0,0,0,0,0,0,0,0,0,0,0,0,0,0,0,0
TokenRing-COL-030,10,NONE,NONE,3e-06,0.190835,0.972753,0.0,53388,FALSE,0,1,2,1,2,961,27931,961,27931,0,0,0,0,0,0,0,0,0,0,0,0,0,0,0,0,0,0,0,0,0,0,0,0,0,0
TokenRing-COL-030,11,TRUE,NONE,2e-06,0.197227,1.03935,0.353137,46652,FALSE,0,1,2,1,2,961,27931,961,27931,0,0,0,0,0,0,0,0,0,0,0,0,0,0,0,0,0,0,0,0,0,0,0,0,0,0
TokenRing-COL-030,12,FALSE,NONE,4e-06,0.210094,1.01152,6.07531,52984,FALSE,0,1,2,1,2,961,27931,961,27931,0,0,0,0,0,0,0,0,0,0,0,0,0,0,0,0,0,0,0,0,0,0,0,0,0,0
TokenRing-COL-030,13,NONE,NONE,3e-06,0.198771,1.03734,0.0,61108,FALSE,0,1,2,1,2,961,27931,961,27931,0,0,0,0,0,0,0,0,0,0,0,0,0,0,0,0,0,0,0,0,0,0,0,0,0,0
TokenRing-COL-030,14,NONE,NONE,3e-06,0.222363,1.01198,0.0,53072,FALSE,0,1,2,1,2,961,27931,961,27931,0,0,0,0,0,0,0,0,0,0,0,0,0,0,0,0,0,0,0,0,0,0,0,0,0,0
TokenRing-COL-030,15,TRUE,NONE,2e-06,0.220629,1.10993,0.38818,46664,FALSE,0,1,2,1,2,961,27931,961,27931,0,0,0,0,0,0,0,0,0,0,0,0,0,0,0,0,0,0,0,0,0,0,0,0,0,0
TokenRing-COL-030,16,FALSE,NONE,3e-06,0.187519,0.969152,0.279459,46648,FALSE,0,1,2,1,2,961,27931,961,27931,0,0,0,0,0,0,0,0,0,0,0,0,0,0,0,0,0,0,0,0,0,0,0,0,0,0
TokenRing-COL-040,1,NONE,NONE,3e-06,0.47231,3.20098,0.0,121248,FALSE,0,1,2,1,2,1681,65641,1681,65641,0,0,0,0,0,0,0,0,0,0,0,0,0,0,0,0,0,0,0,0,0,0,0,0,0,0
TokenRing-COL-040,2,NONE,NONE,3e-06,0.474105,3.40494,0.0,216060,FALSE,0,1,2,1,2,1681,65641,1681,65641,0,0,0,0,0,0,0,0,0,0,0,0,0,0,0,0,0,0,0,0,0,0,0,0,0,0
TokenRing-COL-040,3,NONE,NONE,3e-06,0.549246,3.53697,0.0,324988,FALSE,0,1,2,1,2,1681,65641,1681,65641,0,0,0,0,0,0,0,0,0,0,0,0,0,0,0,0,0,0,0,0,0,0,0,0,0,0
TokenRing-COL-040,4,NONE,NONE,3e-06,0.4844,3.45475,0.0,140164,FALSE,0,1,2,1,2,1681,65641,1681,65641,0,0,0,0,0,0,0,0,0,0,0,0,0,0,0,0,0,0,0,0,0,0,0,0,0,0
TokenRing-COL-040,5,NONE,NONE,2e-06,0.532697,3.40897,0.0,175900,FALSE,0,1,2,1,2,1681,65641,1681,65641,0,0,0,0,0,0,0,0,0,0,0,0,0,0,0,0,0,0,0,0,0,0,0,0,0,0
TokenRing-COL-040,6,NONE,NONE,3e-06,0.47801,3.37439,0.0,249256,FALSE,0,1,2,1,2,1681,65641,1681,65641,0,0,0,0,0,0,0,0,0,0,0,0,0,0,0,0,0,0,0,0,0,0,0,0,0,0
TokenRing-COL-040,7,TRUE,NONE,2e-06,0.515688,3.43471,2.24781,103648,FALSE,0,1,2,1,2,1681,65641,1681,65641,0,0,0,0,0,0,0,0,0,0,0,0,0,0,0,0,0,0,0,0,0,0,0,0,0,0
TokenRing-COL-040,8,NONE,NONE,3e-06,0.558314,3.2805,0.0,165988,FALSE,0,1,2,1,2,1681,65641,1681,65641,0,0,0,0,0,0,0,0,0,0,0,0,0,0,0,0,0,0,0,0,0,0,0,0,0,0
TokenRing-COL-040,9,NONE,NONE,2e-06,0.575622,4.1374,0.0,125004,FALSE,0,1,2,1,2,1681,65641,1681,65641,0,0,0,0,0,0,0,0,0,0,0,0,0,0,0,0,0,0,0,0,0,0,0,0,0,0
TokenRing-COL-040,10,NONE,NONE,3e-06,0.490856,3.19706,0.0,123240,FALSE,0,1,2,1,2,1681,65641,1681,65641,0,0,0,0,0,0,0,0,0,0,0,0,0,0,0,0,0,0,0,0,0,0,0,0,0,0
TokenRing-COL-040,11,NONE,NONE,4e-06,0.673171,3.41047,0.0,169908,FALSE,0,1,2,1,2,1681,65641,1681,65641,0,0,0,0,0,0,0,0,0,0,0,0,0,0,0,0,0,0,0,0,0,0,0,0,0,0
TokenRing-COL-040,12,NONE,NONE,2e-06,0.493326,3.32037,0.0,122672,FALSE,0,1,2,1,2,1681,65641,1681,65641,0,0,0,0,0,0,0,0,0,0,0,0,0,0,0,0,0,0,0,0,0,0,0,0,0,0
TokenRing-COL-040,13,NONE,NONE,3e-06,0.618959,3.37659,0.0,119408,FALSE,0,1,2,1,2,1681,65641,1681,65641,0,0,0,0,0,0,0,0,0,0,0,0,0,0,0,0,0,0,0,0,0,0,0,0,0,0
TokenRing-COL-040,14,NONE,NONE,3e-06,0.491162,3.30329,0.0,168092,FALSE,0,1,2,1,2,1681,65641,1681,65641,0,0,0,0,0,0,0,0,0,0,0,0,0,0,0,0,0,0,0,0,0,0,0,0,0,0
TokenRing-COL-040,15,NONE,NONE,3e-06,0.490199,3.33308,0.0,122548,FALSE,0,1,2,1,2,1681,65641,1681,65641,0,0,0,0,0,0,0,0,0,0,0,0,0,0,0,0,0,0,0,0,0,0,0,0,0,0
TokenRing-COL-040,16,NONE,NONE,3e-06,0.4851,3.618,0.0,326224,FALSE,0,1,2,1,2,1681,65641,1681,65641,0,0,0,0,0,0,0,0,0,0,0,0,0,0,0,0,0,0,0,0,0,0,0,0,0,0
TokenRing-COL-050,1,NONE,NONE,3e-06,0.910236,8.41852,0.0,221824,FALSE,0,1,2,1,2,2601,127551,2601,127551,0,0,0,0,0,0,0,0,0,0,0,0,0,0,0,0,0,0,0,0,0,0,0,0,0,0
TokenRing-COL-050,2,NONE,NONE,3e-06,0.947791,8.38042,0.0,259228,FALSE,0,1,2,1,2,2601,127551,2601,127551,0,0,0,0,0,0,0,0,0,0,0,0,0,0,0,0,0,0,0,0,0,0,0,0,0,0
TokenRing-COL-050,3,NONE,NONE,2e-06,0.852435,8.70573,0.0,222044,FALSE,0,1,2,1,2,2601,127551,2601,127551,0,0,0,0,0,0,0,0,0,0,0,0,0,0,0,0,0,0,0,0,0,0,0,0,0,0
TokenRing-COL-050,4,NONE,NONE,2e-06,1.05718,9.35467,0.0,218848,FALSE,0,1,2,1,2,2601,127551,2601,127551,0,0,0,0,0,0,0,0,0,0,0,0,0,0,0,0,0,0,0,0,0,0,0,0,0,0
TokenRing-COL-050,5,NONE,NONE,3e-06,0.927135,8.34208,0.0,308920,FALSE,0,1,2,1,2,2601,127551,2601,127551,0,0,0,0,0,0,0,0,0,0,0,0,0,0,0,0,0,0,0,0,0,0,0,0,0,0
TokenRing-COL-050,6,NONE,NONE,3e-06,0.926284,9.53364,0.0,356712,FALSE,0,1,2,1,2,2601,127551,2601,127551,0,0,0,0,0,0,0,0,0,0,0,0,0,0,0,0,0,0,0,0,0,0,0,0,0,0
TokenRing-COL-050,7,NONE,NONE,3e-06,0.947096,0.0,0.0,421476,FALSE,0,1,2,1,2,2601,127551,0,0,0,0,0,0,0,0,0,0,0,0,0,0,0,0,0,0,0,0,0,0,0,0,0,0,0,0
TokenRing-COL-050,8,NONE,NONE,2e-06,1.02729,9.22557,0.0,309004,FALSE,0,1,2,1,2,2601,127551,2601,127551,0,0,0,0,0,0,0,0,0,0,0,0,0,0,0,0,0,0,0,0,0,0,0,0,0,0
TokenRing-COL-050,9,NONE,NONE,4e-06,0.95299,8.32546,0.0,221824,FALSE,0,1,2,1,2,2601,127551,2601,127551,0,0,0,0,0,0,0,0,0,0,0,0,0,0,0,0,0,0,0,0,0,0,0,0,0,0
TokenRing-COL-050,10,TRUE,NONE,3e-06,0.950757,10.0074,5.35056,194252,FALSE,0,1,2,1,2,2601,127551,2601,127551,0,0,0,0,0,0,0,0,0,0,0,0,0,0,0,0,0,0,0,0,0,0,0,0,0,0
TokenRing-COL-050,11,NONE,NONE,3e-06,1.08789,0.0,0.0,452528,FALSE,0,1,2,1,2,2601,127551,0,0,0,0,0,0,0,0,0,0,0,0,0,0,0,0,0,0,0,0,0,0,0,0,0,0,0,0
TokenRing-COL-050,12,NONE,NONE,3e-06,0.940542,8.39322,0.0,308876,FALSE,0,1,2,1,2,2601,127551,2601,127551,0,0,0,0,0,0,0,0,0,0,0,0,0,0,0,0,0,0,0,0,0,0,0,0,0,0
TokenRing-COL-050,13,NONE,NONE,2e-06,1.03722,0.0,0.0,455704,FALSE,0,1,2,1,2,2601,127551,0,0,0,0,0,0,0,0,0,0,0,0,0,0,0,0,0,0,0,0,0,0,0,0,0,0,0,0
TokenRing-COL-050,14,TRUE,NONE,2e-06,0.943992,8.70074,5.05007,196316,FALSE,0,1,2,1,2,2601,127551,2601,127551,0,0,0,0,0,0,0,0,0,0,0,0,0,0,0,0,0,0,0,0,0,0,0,0,0,0
TokenRing-COL-050,15,NONE,NONE,2e-06,0.960699,8.24802,0.0,311916,FALSE,0,1,2,1,2,2601,127551,2601,127551,0,0,0,0,0,0,0,0,0,0,0,0,0,0,0,0,0,0,0,0,0,0,0,0,0,0
TokenRing-COL-050,16,NONE,NONE,2e-06,0.94809,8.28771,0.0,257212,FALSE,0,1,2,1,2,2601,127551,2601,127551,0,0,0,0,0,0,0,0,0,0,0,0,0,0,0,0,0,0,0,0,0,0,0,0,0,0
TokenRing-COL-100,1,NONE,NONE,2e-06,7.36778,0.0,0.0,1497924,FALSE,0,1,2,1,2,10201,1010101,0,0,0,0,0,0,0,0,0,0,0,0,0,0,0,0,0,0,0,0,0,0,0,0,0,0,0,0
TokenRing-COL-100,2,NONE,NONE,3e-06,8.50089,0.0,0.0,2408384,FALSE,0,1,2,1,2,10201,1010101,0,0,0,0,0,0,0,0,0,0,0,0,0,0,0,0,0,0,0,0,0,0,0,0,0,0,0,0
TokenRing-COL-100,3,TRUE,NONE,2e-06,7.63093,10.014,0.0,894620,TRUE,0,1,2,1,2,10201,1010101,0,0,0,0,0,0,0,0,0,0,1,0,0,0,0,0,0,0,0,0,0,0,0,0,0,0,0,0
TokenRing-COL-100,4,NONE,NONE,3e-06,7.58434,0.0,0.0,2673312,FALSE,0,1,2,1,2,10201,1010101,0,0,0,0,0,0,0,0,0,0,0,0,0,0,0,0,0,0,0,0,0,0,0,0,0,0,0,0
TokenRing-COL-100,5,NONE,NONE,3e-06,8.53782,0.0,0.0,1885704,FALSE,0,1,2,1,2,10201,1010101,0,0,0,0,0,0,0,0,0,0,0,0,0,0,0,0,0,0,0,0,0,0,0,0,0,0,0,0
TokenRing-COL-100,6,TRUE,NONE,2e-06,7.83128,10.0131,0.0,709260,TRUE,0,1,2,1,2,10201,1010101,0,0,0,0,0,0,0,0,0,0,1,0,0,0,0,0,0,0,0,0,0,0,0,0,0,0,0,0
TokenRing-COL-100,7,TRUE,NONE,2e-06,8.12413,10.0112,0.0,1084772,TRUE,0,1,2,1,2,10201,1010101,0,0,0,0,0,0,0,0,0,0,1,0,0,0,0,0,0,0,0,0,0,0,0,0,0,0,0,0
TokenRing-COL-100,8,NONE,NONE,2e-06,8.01288,0.0,0.0,2660420,FALSE,0,1,2,1,2,10201,1010101,0,0,0,0,0,0,0,0,0,0,0,0,0,0,0,0,0,0,0,0,0,0,0,0,0,0,0,0
TokenRing-COL-100,9,FALSE,NONE,2e-06,9.73482,10.014,0.0,709776,TRUE,0,1,2,1,2,10201,1010101,0,0,0,0,0,0,0,0,0,0,1,0,0,0,0,0,0,0,0,0,0,0,0,0,0,0,0,0
TokenRing-COL-100,10,NONE,NONE,2e-06,8.5892,0.0,0.0,2660500,FALSE,0,1,2,1,2,10201,1010101,0,0,0,0,0,0,0,0,0,0,0,0,0,0,0,0,0,0,0,0,0,0,0,0,0,0,0,0
TokenRing-COL-100,11,NONE,NONE,2e-06,7.54461,0.0,0.0,1720944,FALSE,0,1,2,1,2,10201,1010101,0,0,0,0,0,0,0,0,0,0,0,0,0,0,0,0,0,0,0,0,0,0,0,0,0,0,0,0
TokenRing-COL-100,12,NONE,NONE,2e-06,8.12176,0.0,0.0,1720708,FALSE,0,1,2,1,2,10201,1010101,0,0,0,0,0,0,0,0,0,0,0,0,0,0,0,0,0,0,0,0,0,0,0,0,0,0,0,0
TokenRing-COL-100,13,NONE,NONE,2e-06,7.70308,0.0,0.0,1719572,FALSE,0,1,2,1,2,10201,1010101,0,0,0,0,0,0,0,0,0,0,0,0,0,0,0,0,0,0,0,0,0,0,0,0,0,0,0,0
TokenRing-COL-100,14,NONE,NONE,2e-06,7.49731,0.0,0.0,1499788,FALSE,0,1,2,1,2,10201,1010101,0,0,0,0,0,0,0,0,0,0,0,0,0,0,0,0,0,0,0,0,0,0,0,0,0,0,0,0
TokenRing-COL-100,15,NONE,NONE,2e-06,6.93712,0.0,0.0,2080696,FALSE,0,1,2,1,2,10201,1010101,0,0,0,0,0,0,0,0,0,0,0,0,0,0,0,0,0,0,0,0,0,0,0,0,0,0,0,0
TokenRing-COL-100,16,TRUE,NONE,2e-06,7.20349,10.0126,0.0,1085716,TRUE,0,1,2,1,2,10201,1010101,0,0,0,0,0,0,0,0,0,0,1,0,0,0,0,0,0,0,0,0,0,0,0,0,0,0,0,0
TokenRing-COL-200,1,NONE,NONE,3e-06,0.0,0.0,0.0,2232348,FALSE,0,1,2,1,2,0,0,0,0,0,0,0,0,0,0,0,0,0,0,0,0,0,0,0,0,0,0,0,0,0,0,0,0,0,0
TokenRing-COL-200,2,NONE,NONE,2e-06,0.0,0.0,0.0,2476276,FALSE,0,1,2,1,2,0,0,0,0,0,0,0,0,0,0,0,0,0,0,0,0,0,0,0,0,0,0,0,0,0,0,0,0,0,0
TokenRing-COL-200,3,NONE,NONE,2e-06,0.0,0.0,0.0,2365444,FALSE,0,1,2,1,2,0,0,0,0,0,0,0,0,0,0,0,0,0,0,0,0,0,0,0,0,0,0,0,0,0,0,0,0,0,0
TokenRing-COL-200,4,NONE,NONE,2e-06,0.0,0.0,0.0,2475176,FALSE,0,1,2,1,2,0,0,0,0,0,0,0,0,0,0,0,0,0,0,0,0,0,0,0,0,0,0,0,0,0,0,0,0,0,0
TokenRing-COL-200,5,NONE,NONE,1e-06,0.0,0.0,0.0,2137388,FALSE,0,1,2,1,2,0,0,0,0,0,0,0,0,0,0,0,0,0,0,0,0,0,0,0,0,0,0,0,0,0,0,0,0,0,0
TokenRing-COL-200,6,NONE,NONE,2e-06,0.0,0.0,0.0,2323336,FALSE,0,1,2,1,2,0,0,0,0,0,0,0,0,0,0,0,0,0,0,0,0,0,0,0,0,0,0,0,0,0,0,0,0,0,0
TokenRing-COL-200,7,NONE,NONE,2e-06,0.0,0.0,0.0,2475692,FALSE,0,1,2,1,2,0,0,0,0,0,0,0,0,0,0,0,0,0,0,0,0,0,0,0,0,0,0,0,0,0,0,0,0,0,0
TokenRing-COL-200,8,NONE,NONE,4e-06,0.0,0.0,0.0,2146956,FALSE,0,1,2,1,2,0,0,0,0,0,0,0,0,0,0,0,0,0,0,0,0,0,0,0,0,0,0,0,0,0,0,0,0,0,0
TokenRing-COL-200,9,NONE,NONE,2e-06,0.0,0.0,0.0,2481484,FALSE,0,1,2,1,2,0,0,0,0,0,0,0,0,0,0,0,0,0,0,0,0,0,0,0,0,0,0,0,0,0,0,0,0,0,0
TokenRing-COL-200,10,NONE,NONE,3e-06,0.0,0.0,0.0,2417736,FALSE,0,1,2,1,2,0,0,0,0,0,0,0,0,0,0,0,0,0,0,0,0,0,0,0,0,0,0,0,0,0,0,0,0,0,0
TokenRing-COL-200,11,NONE,NONE,3e-06,0.0,0.0,0.0,2146576,FALSE,0,1,2,1,2,0,0,0,0,0,0,0,0,0,0,0,0,0,0,0,0,0,0,0,0,0,0,0,0,0,0,0,0,0,0
TokenRing-COL-200,12,NONE,NONE,2e-06,0.0,0.0,0.0,2476208,FALSE,0,1,2,1,2,0,0,0,0,0,0,0,0,0,0,0,0,0,0,0,0,0,0,0,0,0,0,0,0,0,0,0,0,0,0
TokenRing-COL-200,13,NONE,NONE,2e-06,0.0,0.0,0.0,2541292,FALSE,0,1,2,1,2,0,0,0,0,0,0,0,0,0,0,0,0,0,0,0,0,0,0,0,0,0,0,0,0,0,0,0,0,0,0
TokenRing-COL-200,14,NONE,NONE,2e-06,0.0,0.0,0.0,2536580,FALSE,0,1,2,1,2,0,0,0,0,0,0,0,0,0,0,0,0,0,0,0,0,0,0,0,0,0,0,0,0,0,0,0,0,0,0
TokenRing-COL-200,15,NONE,NONE,2e-06,0.0,0.0,0.0,2540868,FALSE,0,1,2,1,2,0,0,0,0,0,0,0,0,0,0,0,0,0,0,0,0,0,0,0,0,0,0,0,0,0,0,0,0,0,0
TokenRing-COL-200,16,NONE,NONE,3e-06,0.0,0.0,0.0,2572840,FALSE,0,1,2,1,2,0,0,0,0,0,0,0,0,0,0,0,0,0,0,0,0,0,0,0,0,0,0,0,0,0,0,0,0,0,0
TokenRing-COL-500,1,NONE,NONE,2e-06,0.0,0.0,0.0,2156492,FALSE,0,1,2,1,2,0,0,0,0,0,0,0,0,0,0,0,0,0,0,0,0,0,0,0,0,0,0,0,0,0,0,0,0,0,0
TokenRing-COL-500,2,NONE,NONE,2e-06,0.0,0.0,0.0,2391552,FALSE,0,1,2,1,2,0,0,0,0,0,0,0,0,0,0,0,0,0,0,0,0,0,0,0,0,0,0,0,0,0,0,0,0,0,0
TokenRing-COL-500,3,NONE,NONE,2e-06,0.0,0.0,0.0,1876416,FALSE,0,1,2,1,2,0,0,0,0,0,0,0,0,0,0,0,0,0,0,0,0,0,0,0,0,0,0,0,0,0,0,0,0,0,0
TokenRing-COL-500,4,NONE,NONE,2e-06,0.0,0.0,0.0,1920356,FALSE,0,1,2,1,2,0,0,0,0,0,0,0,0,0,0,0,0,0,0,0,0,0,0,0,0,0,0,0,0,0,0,0,0,0,0
TokenRing-COL-500,5,NONE,NONE,2e-06,0.0,0.0,0.0,1627860,FALSE,0,1,2,1,2,0,0,0,0,0,0,0,0,0,0,0,0,0,0,0,0,0,0,0,0,0,0,0,0,0,0,0,0,0,0
TokenRing-COL-500,6,NONE,NONE,3e-06,0.0,0.0,0.0,1876040,FALSE,0,1,2,1,2,0,0,0,0,0,0,0,0,0,0,0,0,0,0,0,0,0,0,0,0,0,0,0,0,0,0,0,0,0,0
TokenRing-COL-500,7,NONE,NONE,2e-06,0.0,0.0,0.0,2210916,FALSE,0,1,2,1,2,0,0,0,0,0,0,0,0,0,0,0,0,0,0,0,0,0,0,0,0,0,0,0,0,0,0,0,0,0,0
TokenRing-COL-500,8,NONE,NONE,2e-06,0.0,0.0,0.0,2220560,FALSE,0,1,2,1,2,0,0,0,0,0,0,0,0,0,0,0,0,0,0,0,0,0,0,0,0,0,0,0,0,0,0,0,0,0,0
TokenRing-COL-500,9,NONE,NONE,3e-06,0.0,0.0,0.0,2221888,FALSE,0,1,2,1,2,0,0,0,0,0,0,0,0,0,0,0,0,0,0,0,0,0,0,0,0,0,0,0,0,0,0,0,0,0,0
TokenRing-COL-500,10,NONE,NONE,2e-06,0.0,0.0,0.0,2192116,FALSE,0,1,2,1,2,0,0,0,0,0,0,0,0,0,0,0,0,0,0,0,0,0,0,0,0,0,0,0,0,0,0,0,0,0,0
TokenRing-COL-500,11,NONE,NONE,3e-06,0.0,0.0,0.0,2117288,FALSE,0,1,2,1,2,0,0,0,0,0,0,0,0,0,0,0,0,0,0,0,0,0,0,0,0,0,0,0,0,0,0,0,0,0,0
TokenRing-COL-500,12,NONE,NONE,2e-06,0.0,0.0,0.0,2272396,FALSE,0,1,2,1,2,0,0,0,0,0,0,0,0,0,0,0,0,0,0,0,0,0,0,0,0,0,0,0,0,0,0,0,0,0,0
TokenRing-COL-500,13,NONE,NONE,2e-06,0.0,0.0,0.0,1985664,FALSE,0,1,2,1,2,0,0,0,0,0,0,0,0,0,0,0,0,0,0,0,0,0,0,0,0,0,0,0,0,0,0,0,0,0,0
TokenRing-COL-500,14,NONE,NONE,1e-06,0.0,0.0,0.0,2178244,FALSE,0,1,2,1,2,0,0,0,0,0,0,0,0,0,0,0,0,0,0,0,0,0,0,0,0,0,0,0,0,0,0,0,0,0,0
TokenRing-COL-500,15,NONE,NONE,2e-06,0.0,0.0,0.0,2167476,FALSE,0,1,2,1,2,0,0,0,0,0,0,0,0,0,0,0,0,0,0,0,0,0,0,0,0,0,0,0,0,0,0,0,0,0,0
TokenRing-COL-500,16,NONE,NONE,3e-06,0.0,0.0,0.0,2105148,FALSE,0,1,2,1,2,0,0,0,0,0,0,0,0,0,0,0,0,0,0,0,0,0,0,0,0,0,0,0,0,0,0,0,0,0,0
UtilityControlRoom-COL-Z2T3N04,1,TRUE,NONE,3.2e-05,0.001098,0.000154,0.0,4948,TRUE,0,13,12,13,11,65,84,0,0,0,0,0,0,0,0,0,0,1,0,0,0,0,0,0,0,0,0,0,0,0,1,0,0,0,0
UtilityControlRoom-COL-Z2T3N04,2,TRUE,NONE,3.7e-05,0.000855,0.000145,0.0,4920,TRUE,0,13,12,13,11,65,84,0,0,0,0,0,0,0,0,0,0,1,0,0,0,0,0,0,0,0,0,0,0,0,1,0,0,0,0
UtilityControlRoom-COL-Z2T3N04,3,FALSE,NONE,1.6e-05,0.001006,0.001058,2.66295,11828,FALSE,0,13,12,13,12,65,100,65,84,0,0,0,16,0,0,0,0,0,0,0,0,0,0,0,0,0,0,0,0,0,0,0,0,0,0
UtilityControlRoom-COL-Z2T3N04,4,FALSE,NONE,3.4e-05,0.000925,0.002088,0.002683,6708,FALSE,0,13,12,13,11,65,84,49,60,8,16,0,8,0,0,0,0,0,0,0,0,0,0,0,0,0,0,8,0,0,1,0,0,0,0
UtilityControlRoom-COL-Z2T3N04,5,FALSE,NONE,3.5e-05,0.000844,0.001312,0.00288,6976,FALSE,0,13,12,13,11,65,84,53,64,8,8,0,8,0,0,0,0,0,0,0,0,0,0,0,0,0,0,8,0,0,1,0,0,0,0
UtilityControlRoom-COL-Z2T3N04,6,TRUE,NONE,3.8e-05,0.000921,0.000129,0.0,4960,TRUE,0,13,12,13,11,65,84,0,0,0,0,0,0,0,0,0,0,1,0,0,0,0,0,0,0,0,0,0,0,0,1,0,0,0,0
UtilityControlRoom-COL-Z2T3N04,7,FALSE,NONE,3.6e-05,0.00077,0.000976,0.002954,6972,FALSE,0,13,12,13,11,65,84,57,76,8,8,0,0,0,0,0,0,0,0,0,0,0,0,0,0,0,0,0,0,0,1,0,0,0,0
UtilityControlRoom-COL-Z2T3N04,8,FALSE,NONE,1.5e-05,0.00102,0.001037,0.003644,7024,FALSE,0,13,12,13,12,65,100,65,84,0,0,0,16,0,0,0,0,0,0,0,0,0,0,0,0,0,0,0,0,0,0,0,0,0,0
UtilityControlRoom-COL-Z2T3N04,9,TRUE,NONE,3.6e-05,0.000867,0.000132,0.0,5028,TRUE,0,13,12,13,11,65,84,0,0,0,0,0,0,0,0,0,0,1,0,0,0,0,0,0,0,0,0,0,0,0,1,0,0,0,0
UtilityControlRoom-COL-Z2T3N04,10,TRUE,NONE,2.6e-05,0.000861,0.000958,0.004102,6856,FALSE,0,13,12,13,11,65,84,65,84,0,0,0,0,0,0,0,0,0,0,0,0,0,0,0,0,0,0,0,0,0,1,0,0,0,0
UtilityControlRoom-COL-Z2T3N04,11,TRUE,NONE,3.6e-05,0.000849,0.001909,0.002489,6644,FALSE,0,13,12,13,11,65,84,45,56,8,24,0,8,0,0,0,0,0,0,0,0,0,0,0,0,0,0,8,0,0,1,0,0,0,0
UtilityControlRoom-COL-Z2T3N04,12,FALSE,NONE,3.7e-05,0.000806,0.001963,0.002526,6708,FALSE,0,13,12,13,11,65,84,53,64,8,8,0,8,0,0,0,0,0,0,0,0,0,0,0,0,0,0,8,0,0,1,0,0,0,0
UtilityControlRoom-COL-Z2T3N04,13,TRUE,NONE,3.8e-05,0.000744,0.00079,0.004399,7004,FALSE,0,13,12,13,11,65,84,65,84,0,0,0,0,0,0,0,0,0,0,0,0,0,0,0,0,0,0,0,0,0,1,0,0,0,0
UtilityControlRoom-COL-Z2T3N04,14,FALSE,NONE,3.3e-05,0.000775,0.000732,0.002603,6924,FALSE,0,13,12,13,11,65,84,65,84,0,0,0,0,0,0,0,0,0,0,0,0,0,0,0,0,0,0,0,0,0,1,0,0,0,0
UtilityControlRoom-COL-Z2T3N04,15,TRUE,NONE,3.3e-05,0.000784,0.001688,0.002569,6776,FALSE,0,13,12,13,11,65,84,53,64,0,0,0,8,0,0,0,0,0,0,0,0,0,0,0,0,0,0,16,0,0,1,0,0,0,0
UtilityControlRoom-COL-Z2T3N04,16,TRUE,NONE,3.7e-05,0.000859,0.001933,0.003187,6916,FALSE,0,13,12,13,11,65,84,45,56,8,8,0,8,0,0,0,0,0,0,0,0,0,0,0,0,0,0,16,0,0,1,0,0,0,0
UtilityControlRoom-COL-Z2T3N06,1,FALSE,NONE,4.4e-05,0.001633,0.001488,0.002977,6788,FALSE,0,13,12,13,11,95,126,65,84,0,36,0,12,0,0,0,0,0,0,0,0,0,0,0,0,0,0,12,0,0,1,0,0,0,0
UtilityControlRoom-COL-Z2T3N06,2,TRUE,NONE,3.9e-05,0.001034,0.001282,0.003425,6980,FALSE,0,13,12,13,11,95,126,95,126,0,0,0,0,0,0,0,0,0,0,0,0,0,0,0,0,0,0,0,0,0,1,0,0,0,0
UtilityControlRoom-COL-Z2T3N06,3,TRUE,NONE,3.9e-05,0.001044,0.001035,0.002914,7068,FALSE,0,13,12,13,11,95,126,83,102,0,24,0,12,0,0,0,0,0,0,0,0,0,0,0,0,0,0,0,0,0,1,0,0,0,0
UtilityControlRoom-COL-Z2T3N06,4,TRUE,NONE,3.3e-05,0.001199,0.001634,0.002839,6972,FALSE,0,13,12,13,11,95,126,59,78,0,24,0,12,0,0,0,0,0,0,0,0,0,0,0,0,0,0,36,0,0,1,0,0,0,0
UtilityControlRoom-COL-Z2T3N06,5,FALSE,NONE,3e-05,0.001102,0.001563,0.002533,6916,FALSE,0,13,12,13,11,95,126,47,66,0,48,0,12,0,0,0,0,0,0,0,0,0,0,0,0,0,0,36,0,0,1,0,0,0,0
UtilityControlRoom-COL-Z2T3N06,6,TRUE,NONE,3.6e-05,0.001048,0.001095,0.006053,6880,FALSE,0,13,12,13,11,95,126,83,102,0,24,0,12,0,0,0,0,0,0,0,0,0,0,0,0,0,0,0,0,0,1,0,0,0,0
UtilityControlRoom-COL-Z2T3N06,7,NONE,NONE,3.3e-05,0.001139,0.001301,0.0,102152,FALSE,0,13,12,13,11,95,126,95,126,0,0,0,0,0,0,0,0,0,0,0,0,0,0,0,0,0,0,0,0,0,1,0,0,0,0
UtilityControlRoom-COL-Z2T3N06,8,TRUE,NONE,3.9e-05,0.001042,0.001588,0.002984,6972,FALSE,0,13,12,13,11,95,126,59,78,0,24,0,12,0,0,0,0,0,0,0,0,0,0,0,0,0,0,36,0,0,1,0,0,0,0
UtilityControlRoom-COL-Z2T3N06,9,NONE,NONE,1.2e-05,0.001423,0.001827,0.0,88420,FALSE,0,13,12,13,12,95,150,95,126,0,0,0,24,0,0,0,0,0,0,0,0,0,0,0,0,0,0,0,0,0,0,0,0,0,0
UtilityControlRoom-COL-Z2T3N06,10,NONE,NONE,5e-06,0.00145,0.001359,0.0,75916,FALSE,0,13,12,13,12,95,150,83,102,0,24,0,36,0,0,0,0,0,0,0,0,0,0,0,0,0,0,0,0,0,0,0,0,0,0
UtilityControlRoom-COL-Z2T3N06,11,NONE,NONE,1.3e-05,0.001408,0.001716,0.0,147720,FALSE,0,13,12,13,12,95,150,83,102,0,24,0,36,0,0,0,0,0,0,0,0,0,0,0,0,0,0,0,0,0,0,0,0,0,0
UtilityControlRoom-COL-Z2T3N06,12,FALSE,NONE,3.3e-05,0.00105,0.001208,0.004225,6968,FALSE,0,13,12,13,11,95,126,83,102,0,24,0,12,0,0,0,0,0,0,0,0,0,0,0,0,0,0,0,0,0,1,0,0,0,0
UtilityControlRoom-COL-Z2T3N06,13,FALSE,NONE,3.6e-05,0.001024,0.000143,0.0,5012,TRUE,0,13,12,13,11,95,126,0,0,0,0,0,0,0,0,0,0,1,0,0,0,0,0,0,0,0,0,0,0,0,1,0,0,0,0
UtilityControlRoom-COL-Z2T3N06,14,TRUE,NONE,4.6e-05,0.00109,0.001646,0.003168,6972,FALSE,0,13,12,13,11,95,126,53,72,0,36,0,12,0,0,0,0,0,0,0,0,0,0,0,0,0,0,36,0,0,1,0,0,0,0
UtilityControlRoom-COL-Z2T3N06,15,FALSE,NONE,3.1e-05,0.001138,0.001635,0.00272,6916,FALSE,0,13,12,13,11,95,126,47,66,0,48,0,12,0,0,0,0,0,0,0,0,0,0,0,0,0,0,36,0,0,1,0,0,0,0
UtilityControlRoom-COL-Z2T3N06,16,NONE,NONE,1.5e-05,0.001419,0.00184,0.0,66384,FALSE,0,13,12,13,12,95,150,95,126,0,0,0,24,0,0,0,0,0,0,0,0,0,0,0,0,0,0,0,0,0,0,0,0,0,0
UtilityControlRoom-COL-Z2T3N08,1,TRUE,NONE,3.7e-05,0.001449,0.002461,0.002891,6972,FALSE,0,13,12,13,11,125,168,76,88,0,48,1,32,0,0,0,0,0,0,0,0,0,0,0,0,0,0,48,0,0,1,0,0,0,0
UtilityControlRoom-COL-Z2T3N08,2,FALSE,NONE,3.8e-05,0.001352,0.001737,0.003286,7188,FALSE,0,13,12,13,11,125,168,109,136,0,32,0,16,0,0,0,0,0,0,0,0,0,0,0,0,0,0,0,0,0,1,0,0,0,0
UtilityControlRoom-COL-Z2T3N08,3,FALSE,NONE,3.3e-05,0.001511,0.002882,0.003442,7040,FALSE,0,13,12,13,11,125,168,125,168,0,0,0,0,0,0,0,0,0,0,0,0,0,0,0,0,0,0,0,0,0,1,0,0,0,0
UtilityControlRoom-COL-Z2T3N08,4,TRUE,NONE,3.4e-05,0.001508,0.000927,0.951316,14960,FALSE,0,13,12,13,11,125,168,117,160,0,8,0,0,0,0,0,0,0,0,0,0,0,0,0,0,0,0,0,0,0,1,0,0,0,0
UtilityControlRoom-COL-Z2T3N08,5,TRUE,NONE,2.7e-05,0.001544,0.002744,0.003506,6920,FALSE,0,13,12,13,11,125,168,93,120,0,32,0,16,0,0,0,0,0,0,0,0,0,0,0,0,0,0,32,0,0,1,0,0,0,0
UtilityControlRoom-COL-Z2T3N08,6,FALSE,NONE,3.5e-05,0.001727,0.002397,0.003178,6916,FALSE,0,13,12,13,11,125,168,61,72,0,40,0,32,0,0,0,0,0,0,0,0,0,0,0,0,0,0,64,0,0,1,0,0,0,0
UtilityControlRoom-COL-Z2T3N08,7,TRUE,NONE,3.2e-05,0.001578,0.00422,0.00533,7180,FALSE,0,13,12,13,11,125,168,109,152,0,0,0,0,0,0,0,0,0,0,0,0,0,0,0,0,0,0,48,0,0,1,0,0,0,0
UtilityControlRoom-COL-Z2T3N08,8,TRUE,NONE,3.4e-05,0.00145,0.002239,0.003251,6916,FALSE,0,13,12,13,11,125,168,61,72,0,40,0,32,0,0,0,0,0,0,0,0,0,0,0,0,0,0,64,0,0,1,0,0,0,0
UtilityControlRoom-COL-Z2T3N08,9,FALSE,NONE,3.4e-05,0.001402,0.001922,0.003528,7420,FALSE,0,13,12,13,11,125,168,93,120,0,8,0,16,0,0,0,0,0,0,0,0,0,0,0,0,0,0,32,0,0,1,0,0,0,0
UtilityControlRoom-COL-Z2T3N08,10,FALSE,NONE,3.4e-05,0.001477,0.002876,0.003973,7232,FALSE,0,13,12,13,11,125,168,125,168,0,0,0,0,0,0,0,0,0,0,0,0,0,0,0,0,0,0,0,0,0,1,0,0,0,0
UtilityControlRoom-COL-Z2T3N08,11,TRUE,NONE,4.7e-05,0.002078,0.001567,0.00381,7332,FALSE,0,13,12,13,11,125,168,109,136,0,32,0,16,0,0,0,0,0,0,0,0,0,0,0,0,0,0,0,0,0,1,0,0,0,0
UtilityControlRoom-COL-Z2T3N08,12,FALSE,NONE,3.8e-05,0.001511,0.001812,0.00335,7180,FALSE,0,13,12,13,11,125,168,109,136,0,32,0,16,0,0,0,0,0,0,0,0,0,0,0,0,0,0,0,0,0,1,0,0,0,0
UtilityControlRoom-COL-Z2T3N08,13,TRUE,NONE,3.5e-05,0.001524,0.002759,0.003013,7172,FALSE,0,13,12,13,11,125,168,93,120,0,32,0,16,0,0,0,0,0,0,0,0,0,0,0,0,0,0,32,0,0,1,0,0,0,0
UtilityControlRoom-COL-Z2T3N08,14,FALSE,NONE,3.6e-05,0.001325,0.001741,0.003045,7192,FALSE,0,13,12,13,11,125,168,109,136,0,32,0,16,0,0,0,0,0,0,0,0,0,0,0,0,0,0,0,0,0,1,0,0,0,0
UtilityControlRoom-COL-Z2T3N08,15,FALSE,NONE,3.4e-05,0.001613,0.00382,2.98746,17320,FALSE,0,13,12,13,11,125,168,100,144,0,16,1,0,0,0,0,0,0,0,0,0,0,0,0,0,0,0,48,0,0,1,0,0,0,0
UtilityControlRoom-COL-Z2T3N08,16,FALSE,NONE,3e-05,0.00159,0.002407,0.00294,6976,FALSE,0,13,12,13,11,125,168,84,112,0,48,1,16,0,0,0,0,0,0,0,0,0,0,0,0,0,0,32,0,0,1,0,0,0,0
UtilityControlRoom-COL-Z2T3N10,1,FALSE,NONE,3.2e-05,0.001845,0.006236,0.00338,7224,FALSE,0,13,12,13,11,155,210,95,120,20,40,0,20,0,0,0,0,0,0,0,10,0,0,0,0,0,0,40,0,0,1,0,0,0,0
UtilityControlRoom-COL-Z2T3N10,2,TRUE,NONE,4.1e-05,0.002197,0.006473,0.005528,7304,FALSE,0,13,12,13,11,155,210,115,150,20,40,0,20,0,0,0,0,0,0,0,0,0,0,0,0,0,0,20,0,0,1,0,0,0,0
UtilityControlRoom-COL-Z2T3N10,3,TRUE,NONE,3.2e-05,0.001842,0.003411,0.006432,7184,FALSE,0,13,12,13,11,155,210,145,200,0,20,0,0,0,0,0,0,0,0,0,0,0,0,0,0,0,0,0,0,0,1,0,0,0,0
UtilityControlRoom-COL-Z2T3N10,4,NONE,NONE,5.7e-05,0.001829,0.002981,0.0,140544,FALSE,0,13,12,13,11,155,210,155,210,0,0,0,0,0,0,0,0,0,0,0,0,0,0,0,0,0,0,0,0,0,1,0,0,0,0
UtilityControlRoom-COL-Z2T3N10,5,TRUE,NONE,3.6e-05,0.001907,0.006841,0.003976,7232,FALSE,0,13,12,13,11,155,210,95,120,20,40,0,20,0,0,0,0,0,0,0,10,0,0,0,0,0,0,40,0,0,1,0,0,0,0
UtilityControlRoom-COL-Z2T3N10,6,TRUE,NONE,4.8e-05,0.002078,0.00605,0.005739,7412,FALSE,0,13,12,13,11,155,210,125,160,20,20,0,20,0,0,0,0,0,0,0,0,0,0,0,0,0,0,20,0,0,1,0,0,0,0
UtilityControlRoom-COL-Z2T3N10,7,FALSE,NONE,3.2e-05,0.001785,0.002788,0.003034,7360,FALSE,0,13,12,13,11,155,210,155,210,0,0,0,0,0,0,0,0,0,0,0,0,0,0,0,0,0,0,0,0,0,1,0,0,0,0
UtilityControlRoom-COL-Z2T3N10,8,FALSE,NONE,3.4e-05,0.001845,0.006526,0.003208,7180,FALSE,0,13,12,13,11,155,210,85,120,20,80,0,20,0,0,0,0,0,0,0,0,0,0,0,0,0,0,40,0,0,1,0,0,0,0
UtilityControlRoom-COL-Z2T3N10,9,FALSE,NONE,2.9e-05,0.002229,0.002625,0.004188,7416,FALSE,0,13,12,13,11,155,210,155,210,0,0,0,0,0,0,0,0,0,0,0,0,0,0,0,0,0,0,0,0,0,1,0,0,0,0
UtilityControlRoom-COL-Z2T3N10,10,NONE,NONE,4.4e-05,0.001657,0.005709,0.0,309892,FALSE,0,13,12,13,11,155,210,135,180,0,0,0,0,0,0,0,0,0,0,0,10,0,0,0,0,0,0,20,0,0,1,0,0,0,0
UtilityControlRoom-COL-Z2T3N10,11,NONE,NONE,3.4e-05,0.001877,0.006009,0.0,166180,FALSE,0,13,12,13,11,155,210,105,140,20,20,0,20,0,0,0,0,0,0,0,0,0,0,0,0,0,0,40,0,0,1,0,0,0,0
UtilityControlRoom-COL-Z2T3N10,12,TRUE,NONE,3.3e-05,0.001718,0.006744,0.003829,7236,FALSE,0,13,12,13,11,155,210,85,101,20,20,0,20,0,0,0,0,0,0,0,19,0,0,0,0,0,0,60,0,0,1,0,0,0,0
UtilityControlRoom-COL-Z2T3N10,13,NONE,NONE,3.7e-05,0.001646,0.00547,0.0,199016,FALSE,0,13,12,13,11,155,210,125,170,0,20,0,0,0,0,0,0,0,0,0,10,0,0,0,0,0,0,20,0,0,1,0,0,0,0
UtilityControlRoom-COL-Z2T3N10,14,TRUE,NONE,3.7e-05,0.001663,0.00619,0.004091,7140,FALSE,0,13,12,13,11,155,210,135,180,0,0,0,0,0,0,0,0,0,0,0,10,0,0,0,0,0,0,20,0,0,1,0,0,0,0
UtilityControlRoom-COL-Z2T3N10,15,FALSE,NONE,3.9e-05,0.001726,0.007114,0.003767,7236,FALSE,0,13,12,13,11,155,210,85,101,20,20,0,20,0,0,0,0,0,0,0,19,0,0,0,0,0,0,60,0,0,1,0,0,0,0
UtilityControlRoom-COL-Z2T3N10,16,FALSE,NONE,3.7e-05,0.001714,0.006175,0.003222,7180,FALSE,0,13,12,13,11,155,210,85,120,20,80,0,20,0,0,0,0,0,0,0,0,0,0,0,0,0,0,40,0,0,1,0,0,0,0
UtilityControlRoom-COL-Z2T4N02,1,FALSE,NONE,4.3e-05,0.000457,6.5e-05,0.0,4332,TRUE,0,13,12,13,11,35,42,0,0,0,0,0,0,0,0,0,0,1,0,0,0,0,0,0,0,0,0,0,0,0,1,0,0,0,0
UtilityControlRoom-COL-Z2T4N02,2,FALSE,NONE,3.6e-05,0.000453,8.2e-05,0.0,4336,TRUE,0,13,12,13,11,35,42,0,0,0,0,0,0,0,0,0,0,1,0,0,0,0,0,0,0,0,0,0,0,0,1,0,0,0,0
UtilityControlRoom-COL-Z2T4N02,3,FALSE,NONE,3.5e-05,0.000452,8.1e-05,0.0,4336,TRUE,0,13,12,13,11,35,42,0,0,0,0,0,0,0,0,0,0,1,0,0,0,0,0,0,0,0,0,0,0,0,1,0,0,0,0
UtilityControlRoom-COL-Z2T4N02,4,FALSE,NONE,3.6e-05,0.000427,7.7e-05,0.0,4332,TRUE,0,13,12,13,11,35,42,0,0,0,0,0,0,0,0,0,0,1,0,0,0,0,0,0,0,0,0,0,0,0,1,0,0,0,0
UtilityControlRoom-COL-Z2T4N02,5,TRUE,NONE,3.7e-05,0.000559,0.000513,0.003054,6696,FALSE,0,13,12,13,11,35,42,28,32,2,8,1,4,0,0,0,0,0,0,0,0,0,0,0,0,0,0,0,0,0,1,0,0,0,0
UtilityControlRoom-COL-Z2T4N02,6,TRUE,NONE,3.5e-05,0.000436,0.000432,0.00266,6696,FALSE,0,13,12,13,11,35,42,24,28,2,16,1,4,0,0,0,0,0,0,0,0,0,0,0,0,0,0,0,0,0,1,0,0,0,0
UtilityControlRoom-COL-Z2T4N02,7,TRUE,NONE,1.7e-05,0.000738,0.000413,0.0021,6704,FALSE,0,13,12,13,12,35,50,32,40,2,0,1,8,0,0,0,0,0,0,0,0,0,0,0,0,0,0,0,0,0,0,0,0,0,0
UtilityControlRoom-COL-Z2T4N02,8,FALSE,NONE,3.4e-05,0.000516,0.000406,0.002692,6696,FALSE,0,13,12,13,11,35,42,24,28,2,16,1,4,0,0,0,0,0,0,0,0,0,0,0,0,0,0,0,0,0,1,0,0,0,0
UtilityControlRoom-COL-Z2T4N02,9,FALSE,NONE,3e-05,0.000522,8.7e-05,0.0,4332,TRUE,0,13,12,13,11,35,42,0,0,0,0,0,0,0,0,0,0,1,0,0,0,0,0,0,0,0,0,0,0,0,1,0,0,0,0
UtilityControlRoom-COL-Z2T4N02,10,FALSE,NONE,3.6e-05,0.000475,7.8e-05,0.0,4332,TRUE,0,13,12,13,11,35,42,0,0,0,0,0,0,0,0,0,0,1,0,0,0,0,0,0,0,0,0,0,0,0,1,0,0,0,0
UtilityControlRoom-COL-Z2T4N02,11,FALSE,NONE,4.4e-05,0.000565,0.000455,0.003232,6696,FALSE,0,13,12,13,11,35,42,32,40,2,0,1,0,0,0,0,0,0,0,0,0,0,0,0,0,0,0,0,0,0,1,0,0,0,0
UtilityControlRoom-COL-Z2T4N02,12,FALSE,NONE,3.5e-05,0.000504,8e-05,0.0,4328,TRUE,0,13,12,13,11,35,42,0,0,0,0,0,0,0,0,0,0,1,0,0,0,0,0,0,0,0,0,0,0,0,1,0,0,0,0
UtilityControlRoom-COL-Z2T4N02,13,FALSE,NONE,3.2e-05,0.000395,0.000538,0.002556,6640,FALSE,0,13,12,13,11,35,42,20,28,2,16,1,4,0,0,0,0,0,0,0,0,0,0,0,0,0,0,8,0,0,1,0,0,0,0
UtilityControlRoom-COL-Z2T4N02,14,FALSE,NONE,3.6e-05,0.000439,0.000562,0.002482,6696,FALSE,0,13,12,13,11,35,42,20,24,2,8,1,4,0,0,0,0,0,0,0,0,0,0,0,0,0,0,12,0,0,1,0,0,0,0
UtilityControlRoom-COL-Z2T4N02,15,FALSE,NONE,3.2e-05,0.000467,8.7e-05,0.0,4332,TRUE,0,13,12,13,11,35,42,0,0,0,0,0,0,0,0,0,0,1,0,0,0,0,0,0,0,0,0,0,0,0,1,0,0,0,0
UtilityControlRoom-COL-Z2T4N02,16,TRUE,NONE,3.5e-05,0.000497,8.8e-05,0.0,4336,TRUE,0,13,12,13,11,35,42,0,0,0,0,0,0,0,0,0,0,1,0,0,0,0,0,0,0,0,0,0,0,0,1,0,0,0,0
UtilityControlRoom-COL-Z2T4N04,1,TRUE,NONE,4.6e-05,0.00083,0.001117,0.00307,6704,FALSE,0,13,12,13,11,65,84,49,60,0,16,0,8,0,0,0,0,0,0,0,0,0,0,0,0,0,0,16,0,0,1,0,0,0,0
UtilityControlRoom-COL-Z2T4N04,2,TRUE,NONE,4.7e-05,0.000769,0.001375,0.003301,6912,FALSE,0,13,12,13,11,65,84,57,76,0,0,0,0,0,0,0,0,0,0,0,0,0,0,0,0,0,0,24,0,0,1,0,0,0,0
UtilityControlRoom-COL-Z2T4N04,3,TRUE,NONE,3.6e-05,0.000757,0.000749,0.003098,6856,FALSE,0,13,12,13,11,65,84,49,60,0,32,0,8,0,0,0,0,0,0,0,0,0,0,0,0,0,0,0,0,0,1,0,0,0,0
UtilityControlRoom-COL-Z2T4N04,4,FALSE,NONE,2.5e-05,0.000966,0.000823,2.90932,12252,FALSE,0,13,12,13,11,65,84,65,84,0,0,0,0,0,0,0,0,0,0,0,0,0,0,0,0,0,0,0,0,0,1,0,0,0,0
UtilityControlRoom-COL-Z2T4N04,5,FALSE,NONE,3.7e-05,0.001002,0.000996,0.004484,6904,FALSE,0,13,12,13,11,65,84,65,84,0,0,0,0,0,0,0,0,0,0,0,0,0,0,0,0,0,0,0,0,0,1,0,0,0,0
UtilityControlRoom-COL-Z2T4N04,6,FALSE,NONE,2.5e-05,0.000795,0.000109,0.0,4912,TRUE,0,13,12,13,11,65,84,0,0,0,0,0,0,0,0,0,0,1,0,0,0,0,0,0,0,0,0,0,0,0,1,0,0,0,0
UtilityControlRoom-COL-Z2T4N04,7,TRUE,NONE,2.8e-05,0.000843,0.000758,0.002498,6976,FALSE,0,13,12,13,11,65,84,57,68,0,16,0,8,0,0,0,0,0,0,0,0,0,0,0,0,0,0,0,0,0,1,0,0,0,0
UtilityControlRoom-COL-Z2T4N04,8,TRUE,NONE,3.3e-05,0.000847,0.000152,0.0,4960,TRUE,0,13,12,13,11,65,84,0,0,0,0,0,0,0,0,0,0,1,0,0,0,0,0,0,0,0,0,0,0,0,1,0,0,0,0
UtilityControlRoom-COL-Z2T4N04,9,TRUE,NONE,3.5e-05,0.000808,0.000892,0.002896,6788,FALSE,0,13,12,13,11,65,84,65,84,0,0,0,0,0,0,0,0,0,0,0,0,0,0,0,0,0,0,0,0,0,1,0,0,0,0
UtilityControlRoom-COL-Z2T4N04,10,FALSE,NONE,1.5e-05,0.001067,0.001232,3.03768,12208,FALSE,0,13,12,13,12,65,100,65,84,0,0,0,16,0,0,0,0,0,0,0,0,0,0,0,0,0,0,0,0,0,0,0,0,0,0
UtilityControlRoom-COL-Z2T4N04,11,TRUE,NONE,3.7e-05,0.000764,0.000125,0.0,4880,TRUE,0,13,12,13,11,65,84,0,0,0,0,0,0,0,0,0,0,1,0,0,0,0,0,0,0,0,0,0,0,0,1,0,0,0,0
UtilityControlRoom-COL-Z2T4N04,12,TRUE,NONE,3.7e-05,0.000868,0.000903,0.003396,6920,FALSE,0,13,12,13,11,65,84,45,56,0,32,0,8,0,0,0,0,0,0,0,0,0,0,0,0,0,0,8,0,0,1,0,0,0,0
UtilityControlRoom-COL-Z2T4N04,13,TRUE,NONE,3.4e-05,0.000855,0.001035,0.002741,6968,FALSE,0,13,12,13,11,65,84,45,56,0,32,0,8,0,0,0,0,0,0,0,0,0,0,0,0,0,0,8,0,0,1,0,0,0,0
UtilityControlRoom-COL-Z2T4N04,14,FALSE,NONE,3.6e-05,0.000737,0.000991,1.43449,9976,FALSE,0,13,12,13,11,65,84,65,84,0,0,0,0,0,0,0,0,0,0,0,0,0,0,0,0,0,0,0,0,0,1,0,0,0,0
UtilityControlRoom-COL-Z2T4N04,15,TRUE,NONE,3e-05,0.00086,0.001046,0.572522,7000,FALSE,0,13,12,13,11,65,84,60,80,0,8,1,0,0,0,0,0,0,0,0,0,0,0,0,0,0,0,0,0,0,1,0,0,0,0
UtilityControlRoom-COL-Z2T4N04,16,FALSE,NONE,3.2e-05,0.00085,0.000845,0.010832,6904,FALSE,0,13,12,13,11,65,84,65,84,0,0,0,0,0,0,0,0,0,0,0,0,0,0,0,0,0,0,0,0,0,1,0,0,0,0
UtilityControlRoom-COL-Z2T4N06,1,FALSE,NONE,3.5e-05,0.001197,0.001078,0.003394,6884,FALSE,0,13,12,13,11,95,126,95,126,0,0,0,0,0,0,0,0,0,0,0,0,0,0,0,0,0,0,0,0,0,1,0,0,0,0
UtilityControlRoom-COL-Z2T4N06,2,TRUE,NONE,3.7e-05,0.001156,0.001036,7.2344,26360,FALSE,0,13,12,13,11,95,126,83,114,0,6,0,0,0,0,0,0,0,0,0,0,0,0,0,0,0,0,12,0,0,1,0,0,0,0
UtilityControlRoom-COL-Z2T4N06,3,FALSE,NONE,3.1e-05,0.00113,0.001754,0.002612,7140,FALSE,0,13,12,13,11,95,126,83,114,0,0,0,0,0,0,0,0,0,0,0,0,0,0,0,0,0,0,36,0,0,1,0,0,0,0
UtilityControlRoom-COL-Z2T4N06,4,FALSE,NONE,3.6e-05,0.001192,0.001049,0.002513,6904,FALSE,0,13,12,13,11,95,126,95,126,0,0,0,0,0,0,0,0,0,0,0,0,0,0,0,0,0,0,0,0,0,1,0,0,0,0
UtilityControlRoom-COL-Z2T4N06,5,FALSE,NONE,3.7e-05,0.001192,0.001915,0.002354,6904,FALSE,0,13,12,13,11,95,126,65,96,0,36,0,0,0,0,0,0,0,0,0,0,0,0,0,0,0,0,48,0,0,1,0,0,0,0
UtilityControlRoom-COL-Z2T4N06,6,FALSE,NONE,3.6e-05,0.001074,0.001957,0.002432,7048,FALSE,0,13,12,13,11,95,126,89,120,0,0,0,0,0,0,0,0,0,0,0,0,0,0,0,0,0,0,12,0,0,1,0,0,0,0
UtilityControlRoom-COL-Z2T4N06,7,FALSE,NONE,3.4e-05,0.000989,0.001045,0.003,7060,FALSE,0,13,12,13,11,95,126,95,126,0,0,0,0,0,0,0,0,0,0,0,0,0,0,0,0,0,0,0,0,0,1,0,0,0,0
UtilityControlRoom-COL-Z2T4N06,8,FALSE,NONE,3e-05,0.001038,0.000992,0.002839,7080,FALSE,0,13,12,13,11,95,126,95,126,0,0,0,0,0,0,0,0,0,0,0,0,0,0,0,0,0,0,0,0,0,1,0,0,0,0
UtilityControlRoom-COL-Z2T4N06,9,FALSE,NONE,3.6e-05,0.001066,0.001908,0.002647,6904,FALSE,0,13,12,13,11,95,126,65,96,0,36,0,0,0,0,0,0,0,0,0,0,0,0,0,0,0,0,48,0,0,1,0,0,0,0
UtilityControlRoom-COL-Z2T4N06,10,FALSE,NONE,3.3e-05,0.001103,0.00113,0.003508,7084,FALSE,0,13,12,13,11,95,126,95,126,0,0,0,0,0,0,0,0,0,0,0,0,0,0,0,0,0,0,0,0,0,1,0,0,0,0
UtilityControlRoom-COL-Z2T4N06,11,TRUE,NONE,2.9e-05,0.00098,0.0009,0.002371,6904,FALSE,0,13,12,13,11,95,126,59,90,0,30,0,0,0,0,0,0,0,0,0,0,0,0,0,0,0,0,48,0,0,1,0,0,0,0
UtilityControlRoom-COL-Z2T4N06,12,TRUE,NONE,3.2e-05,0.001275,0.001079,0.002912,6912,FALSE,0,13,12,13,11,95,126,95,126,0,0,0,0,0,0,0,0,0,0,0,0,0,0,0,0,0,0,0,0,0,1,0,0,0,0
UtilityControlRoom-COL-Z2T4N06,13,FALSE,NONE,4.1e-05,0.001165,0.002008,0.003094,6904,FALSE,0,13,12,13,11,95,126,65,96,0,36,0,0,0,0,0,0,0,0,0,0,0,0,0,0,0,0,48,0,0,1,0,0,0,0
UtilityControlRoom-COL-Z2T4N06,14,TRUE,NONE,5.2e-05,0.001216,0.001119,0.002553,7204,FALSE,0,13,12,13,11,95,126,95,126,0,0,0,0,0,0,0,0,0,0,0,0,0,0,0,0,0,0,0,0,0,1,0,0,0,0
UtilityControlRoom-COL-Z2T4N06,15,TRUE,NONE,3.6e-05,0.001239,0.002134,0.002775,6792,FALSE,0,13,12,13,11,95,126,71,102,0,36,0,0,0,0,0,0,0,0,0,0,0,0,0,0,0,0,12,0,0,1,0,0,0,0
UtilityControlRoom-COL-Z2T4N06,16,FALSE,NONE,4e-05,0.001237,0.000181,0.0,5036,TRUE,0,13,12,13,11,95,126,0,0,0,0,0,0,0,0,0,0,1,0,0,0,0,0,0,0,0,0,0,0,0,1,0,0,0,0
UtilityControlRoom-COL-Z2T4N08,1,TRUE,NONE,3.7e-05,0.001559,0.002288,0.003049,6904,FALSE,0,13,12,13,11,125,168,60,88,16,24,1,16,0,0,0,0,0,0,0,0,0,0,0,0,0,0,80,0,0,1,0,0,0,0
UtilityControlRoom-COL-Z2T4N08,2,TRUE,NONE,4.2e-05,0.001442,0.002353,0.003482,6904,FALSE,0,13,12,13,11,125,168,60,88,16,24,1,16,0,0,0,0,0,0,0,0,0,0,0,0,0,0,80,0,0,1,0,0,0,0
UtilityControlRoom-COL-Z2T4N08,3,FALSE,NONE,5.5e-05,0.001721,0.004594,0.003016,6904,FALSE,0,13,12,13,11,125,168,68,96,16,64,1,16,0,0,0,0,0,0,0,0,0,0,0,0,0,0,64,0,0,1,0,0,0,0
UtilityControlRoom-COL-Z2T4N08,4,NONE,NONE,3.5e-05,0.001481,0.003314,0.0,126720,FALSE,0,13,12,13,11,125,168,101,128,16,16,0,16,0,0,0,0,0,0,0,0,0,0,0,0,0,0,16,0,0,1,0,0,0,0
UtilityControlRoom-COL-Z2T4N08,5,NONE,NONE,4.1e-05,0.001342,0.002955,0.0,110224,FALSE,0,13,12,13,11,125,168,125,168,0,0,0,0,0,0,0,0,0,0,0,0,0,0,0,0,0,0,0,0,0,1,0,0,0,0
UtilityControlRoom-COL-Z2T4N08,6,NONE,NONE,1.4e-05,0.001713,0.00347,0.0,155332,FALSE,0,13,12,13,12,125,200,125,168,0,0,0,32,0,0,0,0,0,0,0,0,0,0,0,0,0,0,0,0,0,0,0,0,0,0
UtilityControlRoom-COL-Z2T4N08,7,TRUE,NONE,3.7e-05,0.00152,0.001918,0.003126,6912,FALSE,0,13,12,13,11,125,168,100,144,0,8,1,0,0,0,0,0,0,0,0,0,0,0,0,0,0,0,48,0,0,1,0,0,0,0
UtilityControlRoom-COL-Z2T4N08,8,NONE,NONE,3.7e-05,0.001602,0.002799,0.0,130396,FALSE,0,13,12,13,11,125,168,125,168,0,0,0,0,0,0,0,0,0,0,0,0,0,0,0,0,0,0,0,0,0,1,0,0,0,0
UtilityControlRoom-COL-Z2T4N08,9,TRUE,NONE,3.6e-05,0.001475,0.002698,0.678583,11492,FALSE,0,13,12,13,11,125,168,125,168,0,0,0,0,0,0,0,0,0,0,0,0,0,0,0,0,0,0,0,0,0,1,0,0,0,0
UtilityControlRoom-COL-Z2T4N08,10,NONE,NONE,4.2e-05,0.002001,0.002803,0.0,119176,FALSE,0,13,12,13,11,125,168,125,168,0,0,0,0,0,0,0,0,0,0,0,0,0,0,0,0,0,0,0,0,0,1,0,0,0,0
UtilityControlRoom-COL-Z2T4N08,11,FALSE,NONE,3.3e-05,0.001508,0.002643,0.621184,9248,FALSE,0,13,12,13,11,125,168,125,168,0,0,0,0,0,0,0,0,0,0,0,0,0,0,0,0,0,0,0,0,0,1,0,0,0,0
UtilityControlRoom-COL-Z2T4N08,12,FALSE,NONE,3.8e-05,0.001338,0.002856,0.002838,7156,FALSE,0,13,12,13,11,125,168,125,168,0,0,0,0,0,0,0,0,0,0,0,0,0,0,0,0,0,0,0,0,0,1,0,0,0,0
UtilityControlRoom-COL-Z2T4N08,13,TRUE,NONE,4.1e-05,0.001349,0.000225,0.0,5120,TRUE,0,13,12,13,11,125,168,0,0,0,0,0,0,0,0,0,0,1,0,0,0,0,0,0,0,0,0,0,0,0,1,0,0,0,0
UtilityControlRoom-COL-Z2T4N08,14,NONE,NONE,1.2e-05,0.001708,0.003808,0.0,84556,FALSE,0,13,12,13,12,125,200,109,152,16,16,0,32,0,0,0,0,0,0,0,0,0,0,0,0,0,0,0,0,0,0,0,0,0,0
UtilityControlRoom-COL-Z2T4N08,15,FALSE,NONE,3.1e-05,0.001448,0.005874,0.002741,7156,FALSE,0,13,12,13,11,125,168,117,144,0,0,0,16,0,0,0,0,0,0,0,0,0,0,0,0,0,0,16,0,0,1,0,0,0,0
UtilityControlRoom-COL-Z2T4N08,16,NONE,NONE,3.6e-05,0.00145,0.002689,0.0,137652,FALSE,0,13,12,13,11,125,168,125,168,0,0,0,0,0,0,0,0,0,0,0,0,0,0,0,0,0,0,0,0,0,1,0,0,0,0
UtilityControlRoom-COL-Z2T4N10,1,FALSE,NONE,3.6e-05,0.001781,0.002036,0.036913,7468,FALSE,0,13,12,13,11,155,210,135,170,0,40,0,20,0,0,0,0,0,0,0,0,0,0,0,0,0,0,0,0,0,1,0,0,0,0
UtilityControlRoom-COL-Z2T4N10,2,NONE,NONE,3.5e-05,0.001808,0.003818,0.0,228860,FALSE,0,13,12,13,11,155,210,104,120,0,40,1,40,0,0,0,0,0,0,0,0,0,0,0,0,0,0,40,0,0,1,0,0,0,0
UtilityControlRoom-COL-Z2T4N10,3,TRUE,NONE,3.6e-05,0.001917,0.002828,0.003744,7288,FALSE,0,13,12,13,11,155,210,155,210,0,0,0,0,0,0,0,0,0,0,0,0,0,0,0,0,0,0,0,0,0,1,0,0,0,0
UtilityControlRoom-COL-Z2T4N10,4,TRUE,NONE,3.7e-05,0.001887,0.002837,0.002779,7224,FALSE,0,13,12,13,11,155,210,75,90,0,60,0,40,0,0,0,0,0,0,0,0,0,0,0,0,0,0,80,0,0,1,0,0,0,0
UtilityControlRoom-COL-Z2T4N10,5,NONE,NONE,5e-06,0.002155,0.003765,0.0,144080,FALSE,0,13,12,13,12,155,250,155,210,0,0,0,40,0,0,0,0,0,0,0,0,0,0,0,0,0,0,0,0,0,0,0,0,0,0
UtilityControlRoom-COL-Z2T4N10,6,TRUE,NONE,3.1e-05,0.001838,0.002708,0.003095,7224,FALSE,0,13,12,13,11,155,210,75,90,0,60,0,40,0,0,0,0,0,0,0,0,0,0,0,0,0,0,80,0,0,1,0,0,0,0
UtilityControlRoom-COL-Z2T4N10,7,FALSE,NONE,2.8e-05,0.001811,0.002391,1.2948,11432,FALSE,0,13,12,13,11,155,210,135,170,0,40,0,20,0,0,0,0,0,0,0,0,0,0,0,0,0,0,0,0,0,1,0,0,0,0
UtilityControlRoom-COL-Z2T4N10,8,NONE,NONE,4.7e-05,0.002468,0.002938,0.0,125380,FALSE,0,13,12,13,11,155,210,154,210,0,0,1,0,0,0,0,0,0,0,0,0,0,0,0,0,0,0,0,0,0,1,0,0,0,0
UtilityControlRoom-COL-Z2T4N10,9,TRUE,NONE,3.5e-05,0.001813,0.002521,0.003473,7372,FALSE,0,13,12,13,11,155,210,85,120,0,60,0,20,0,0,0,0,0,0,0,0,0,0,0,0,0,0,60,0,0,1,0,0,0,0
UtilityControlRoom-COL-Z2T4N10,10,NONE,NONE,3.8e-05,0.002478,0.00506,0.0,192976,FALSE,0,13,12,13,11,155,210,124,180,0,20,1,0,0,0,0,0,0,0,0,0,0,0,0,0,0,0,60,0,0,1,0,0,0,0
UtilityControlRoom-COL-Z2T4N10,11,NONE,NONE,3.5e-05,0.00167,0.003064,0.0,357816,FALSE,0,13,12,13,11,155,210,154,210,0,0,1,0,0,0,0,0,0,0,0,0,0,0,0,0,0,0,0,0,0,1,0,0,0,0
UtilityControlRoom-COL-Z2T4N10,12,TRUE,NONE,1.5e-05,0.002324,0.006443,0.004184,7356,FALSE,0,13,12,13,12,155,250,145,180,0,0,0,60,0,0,0,0,0,0,0,0,0,0,0,0,0,0,20,0,0,0,0,0,0,0
UtilityControlRoom-COL-Z2T4N10,13,NONE,NONE,4.1e-05,0.002017,0.003383,0.0,183428,FALSE,0,13,12,13,11,155,210,154,210,0,0,1,0,0,0,0,0,0,0,0,0,0,0,0,0,0,0,0,0,0,1,0,0,0,0
UtilityControlRoom-COL-Z2T4N10,14,TRUE,NONE,3.6e-05,0.001731,0.00397,0.003345,7360,FALSE,0,13,12,13,11,155,210,105,120,0,0,0,40,0,0,0,0,0,0,0,0,0,0,0,0,0,0,100,0,0,1,0,0,0,0
UtilityControlRoom-COL-Z2T4N10,15,FALSE,NONE,3.6e-05,0.001636,0.003441,0.003257,7168,FALSE,0,13,12,13,11,155,210,64,80,0,40,1,40,0,0,0,0,0,0,0,0,0,0,0,0,0,0,100,0,0,1,0,0,0,0
UtilityControlRoom-COL-Z2T4N10,16,FALSE,NONE,3.5e-05,0.001764,0.003129,0.002794,7108,FALSE,0,13,12,13,11,155,210,84,120,0,60,1,20,0,0,0,0,0,0,0,0,0,0,0,0,0,0,60,0,0,1,0,0,0,0
UtilityControlRoom-COL-Z4T3N06,1,FALSE,NONE,3.7e-05,0.002332,0.007689,0.003332,7544,FALSE,0,13,12,13,11,157,282,133,234,0,96,0,24,0,0,0,0,0,0,0,0,0,0,0,0,0,0,0,0,0,1,0,0,0,0
UtilityControlRoom-COL-Z4T3N06,2,TRUE,NONE,4e-05,0.002458,0.005872,0.003411,7432,FALSE,0,13,12,13,11,157,282,127,228,6,96,0,24,0,0,0,0,0,0,0,0,0,0,0,0,0,0,0,0,0,1,0,0,0,0
UtilityControlRoom-COL-Z4T3N06,3,FALSE,NONE,4.5e-05,0.00391,0.016773,0.003485,7168,FALSE,0,13,12,13,11,157,282,55,132,0,288,0,48,0,0,0,0,0,0,0,0,0,0,0,0,0,0,24,0,0,1,0,0,0,0
UtilityControlRoom-COL-Z4T3N06,4,FALSE,NONE,6e-05,0.003447,0.005769,0.005529,7728,FALSE,0,13,12,13,11,157,282,133,234,0,96,0,24,0,0,0,0,0,0,0,0,0,0,0,0,0,0,0,0,0,1,0,0,0,0
UtilityControlRoom-COL-Z4T3N06,5,TRUE,NONE,3.4e-05,0.002842,0.022067,0.003236,7332,FALSE,0,13,12,13,11,157,282,151,252,0,0,0,24,0,0,0,0,0,0,0,0,0,0,0,0,0,0,24,0,0,1,0,0,0,0
UtilityControlRoom-COL-Z4T3N06,6,TRUE,NONE,3.3e-05,0.002566,0.002661,0.006354,7544,FALSE,0,13,12,13,11,157,282,151,276,6,0,0,0,0,0,0,0,0,0,0,0,0,0,0,0,0,0,0,0,0,1,0,0,0,0
UtilityControlRoom-COL-Z4T3N06,7,FALSE,NONE,3.5e-05,0.002519,0.025705,0.003728,7656,FALSE,0,13,12,13,11,157,282,103,204,0,48,0,24,0,0,0,0,0,0,0,0,0,0,0,0,0,0,48,0,0,1,0,0,0,0
UtilityControlRoom-COL-Z4T3N06,8,TRUE,NONE,3.2e-05,0.002485,0.008694,0.002764,7168,FALSE,0,13,12,13,11,157,282,73,150,6,144,0,48,0,0,0,0,0,0,0,0,0,0,0,0,0,0,48,0,0,1,0,0,0,0
UtilityControlRoom-COL-Z4T3N06,9,TRUE,NONE,3.2e-05,0.002771,0.012033,0.004513,7452,FALSE,0,13,12,13,11,157,282,157,282,0,0,0,0,0,0,0,0,0,0,0,0,0,0,0,0,0,0,0,0,0,1,0,0,0,0
UtilityControlRoom-COL-Z4T3N06,10,TRUE,NONE,3.7e-05,0.002699,0.009629,0.003582,7464,FALSE,0,13,12,13,11,157,282,103,180,0,144,0,48,0,0,0,0,0,0,0,0,0,0,0,0,0,0,24,0,0,1,0,0,0,0
UtilityControlRoom-COL-Z4T3N06,11,TRUE,NONE,3.3e-05,0.002466,0.006974,0.003152,7484,FALSE,0,13,12,13,11,157,282,133,234,0,96,0,24,0,0,0,0,0,0,0,0,0,0,0,0,0,0,0,0,0,1,0,0,0,0
UtilityControlRoom-COL-Z4T3N06,12,FALSE,NONE,3.8e-05,0.002463,0.009512,0.026532,7500,FALSE,0,13,12,13,11,157,282,79,156,0,144,0,48,0,0,0,0,0,0,0,0,0,0,0,0,0,0,48,0,0,1,0,0,0,0
UtilityControlRoom-COL-Z4T3N06,13,FALSE,NONE,3.8e-05,0.002524,0.006365,0.004176,7424,FALSE,0,13,12,13,11,157,282,127,228,6,96,0,24,0,0,0,0,0,0,0,0,0,0,0,0,0,0,0,0,0,1,0,0,0,0
UtilityControlRoom-COL-Z4T3N06,14,TRUE,NONE,0.000142,0.002888,0.024879,0.003312,7608,FALSE,0,13,12,13,11,157,282,151,252,0,0,0,24,0,0,0,0,0,0,0,0,0,0,0,0,0,0,24,0,0,1,0,0,0,0
UtilityControlRoom-COL-Z4T3N06,15,FALSE,NONE,3.6e-05,0.002539,0.00581,0.004054,7424,FALSE,0,13,12,13,11,157,282,127,228,6,96,0,24,0,0,0,0,0,0,0,0,0,0,0,0,0,0,0,0,0,1,0,0,0,0
UtilityControlRoom-COL-Z4T3N06,16,FALSE,NONE,3.5e-05,0.00264,0.027588,0.028916,7540,FALSE,0,13,12,13,11,157,282,151,252,0,0,0,24,0,0,0,0,0,0,0,0,0,0,0,0,0,0,24,0,0,1,0,0,0,0
UtilityControlRoom-COL-Z4T3N08,1,FALSE,NONE,3.8e-05,0.003241,0.013024,0.006836,7448,FALSE,0,13,12,13,11,207,376,94,232,32,72,0,32,0,0,0,0,0,0,0,0,1,0,0,0,0,0,192,0,0,1,0,0,0,0
UtilityControlRoom-COL-Z4T3N08,2,TRUE,NONE,3.9e-05,0.003185,0.008812,0.005033,7360,FALSE,0,13,12,13,11,207,376,127,264,0,8,0,32,0,0,0,0,0,0,0,0,0,0,0,0,0,0,224,0,0,1,0,0,0,0
UtilityControlRoom-COL-Z4T3N08,3,FALSE,NONE,3.2e-05,0.003123,0.011458,0.006788,8000,FALSE,0,13,12,13,11,207,376,207,376,0,0,0,0,0,0,0,0,0,0,0,0,0,0,0,0,0,0,0,0,0,1,0,0,0,0
UtilityControlRoom-COL-Z4T3N08,4,FALSE,NONE,3.5e-05,0.003048,0.018769,0.003219,7488,FALSE,0,13,12,13,11,207,376,127,264,0,32,0,32,0,0,0,0,0,0,0,0,0,0,0,0,0,0,224,0,0,1,0,0,0,0
UtilityControlRoom-COL-Z4T3N08,5,TRUE,NONE,4e-06,0.004233,0.014792,0.009611,8372,FALSE,0,13,12,13,12,207,504,207,376,0,0,0,128,0,0,0,0,0,0,0,0,0,0,0,0,0,0,0,0,0,0,0,0,0,0
UtilityControlRoom-COL-Z4T3N08,6,TRUE,NONE,3.3e-05,0.003431,0.010378,0.00347,8560,FALSE,0,13,12,13,11,207,376,207,376,0,0,0,0,0,0,0,0,0,0,0,0,0,0,0,0,0,0,0,0,0,1,0,0,0,0
UtilityControlRoom-COL-Z4T3N08,7,FALSE,NONE,4.5e-05,0.004438,0.010604,0.005175,8008,FALSE,0,13,12,13,11,207,376,207,376,0,0,0,0,0,0,0,0,0,0,0,0,0,0,0,0,0,0,0,0,0,1,0,0,0,0
UtilityControlRoom-COL-Z4T3N08,8,FALSE,NONE,3.6e-05,0.003267,0.020986,0.002814,7432,FALSE,0,13,12,13,11,207,376,135,272,0,32,0,32,0,0,0,0,0,0,0,0,0,0,0,0,0,0,224,0,0,1,0,0,0,0
UtilityControlRoom-COL-Z4T3N08,9,FALSE,NONE,3.4e-05,0.003227,0.020412,0.003235,7724,FALSE,0,13,12,13,11,207,376,199,368,0,0,0,0,0,0,0,0,0,0,0,0,0,0,0,0,0,0,32,0,0,1,0,0,0,0
UtilityControlRoom-COL-Z4T3N08,10,TRUE,NONE,3.9e-05,0.003813,0.013819,0.006449,7664,FALSE,0,13,12,13,11,207,376,94,232,32,72,0,32,0,0,0,0,0,0,0,0,1,0,0,0,0,0,192,0,0,1,0,0,0,0
UtilityControlRoom-COL-Z4T3N08,11,FALSE,NONE,3.4e-05,0.003271,0.020933,0.005006,7716,FALSE,0,13,12,13,11,207,376,199,368,0,0,0,0,0,0,0,0,0,0,0,0,0,0,0,0,0,0,32,0,0,1,0,0,0,0
UtilityControlRoom-COL-Z4T3N08,12,TRUE,NONE,3.5e-05,0.004007,0.020833,0.005497,7988,FALSE,0,13,12,13,11,207,376,199,368,0,0,0,0,0,0,0,0,0,0,0,0,0,0,0,0,0,0,32,0,0,1,0,0,0,0
UtilityControlRoom-COL-Z4T3N08,13,NONE,NONE,3e-05,0.003127,0.009438,0.0,135892,FALSE,0,13,12,13,11,207,376,207,376,0,0,0,0,0,0,0,0,0,0,0,0,0,0,0,0,0,0,0,0,0,1,0,0,0,0
UtilityControlRoom-COL-Z4T3N08,14,FALSE,NONE,2.7e-05,0.003298,0.010462,0.004385,8004,FALSE,0,13,12,13,11,207,376,207,376,0,0,0,0,0,0,0,0,0,0,0,0,0,0,0,0,0,0,0,0,0,1,0,0,0,0
UtilityControlRoom-COL-Z4T3N08,15,FALSE,NONE,2.7e-05,0.003208,0.010726,0.004669,7560,FALSE,0,13,12,13,11,207,376,207,376,0,0,0,0,0,0,0,0,0,0,0,0,0,0,0,0,0,0,0,0,0,1,0,0,0,0
UtilityControlRoom-COL-Z4T3N08,16,FALSE,NONE,3.5e-05,0.003037,0.020522,0.004577,7972,FALSE,0,13,12,13,11,207,376,199,368,0,0,0,0,0,0,0,0,0,0,0,0,0,0,0,0,0,0,32,0,0,1,0,0,0,0
UtilityControlRoom-COL-Z4T3N10,1,NONE,NONE,3.3e-05,0.003816,0.022077,0.0,68948,FALSE,0,13,12,13,11,257,470,257,470,0,0,0,0,0,0,0,0,0,0,0,0,0,0,0,0,0,0,0,0,0,1,0,0,0,0
UtilityControlRoom-COL-Z4T3N10,2,FALSE,NONE,3.4e-05,0.004157,0.019843,0.675293,8756,FALSE,0,13,12,13,11,257,470,257,470,0,0,0,0,0,0,0,0,0,0,0,0,0,0,0,0,0,0,0,0,0,1,0,0,0,0
UtilityControlRoom-COL-Z4T3N10,3,NONE,NONE,3.8e-05,0.004099,0.020029,0.0,351532,FALSE,0,13,12,13,11,257,470,257,470,0,0,0,0,0,0,0,0,0,0,0,0,0,0,0,0,0,0,0,0,0,1,0,0,0,0
UtilityControlRoom-COL-Z4T3N10,4,TRUE,NONE,3.2e-05,0.003867,0.019046,0.007406,7832,FALSE,0,13,12,13,11,257,470,257,470,0,0,0,0,0,0,0,0,0,0,0,0,0,0,0,0,0,0,0,0,0,1,0,0,0,0
UtilityControlRoom-COL-Z4T3N10,5,NONE,NONE,3.1e-05,0.003575,0.010663,0.0,211132,FALSE,0,13,12,13,11,257,470,217,390,0,160,0,40,0,0,0,0,0,0,0,0,0,0,0,0,0,0,0,0,0,1,0,0,0,0
UtilityControlRoom-COL-Z4T3N10,6,FALSE,NONE,3.3e-05,0.004108,0.000417,0.0,4812,TRUE,0,13,12,13,11,257,470,0,0,0,0,0,0,0,0,0,0,1,0,0,0,0,0,0,0,0,0,0,0,0,1,0,0,0,0
UtilityControlRoom-COL-Z4T3N10,7,TRUE,NONE,3.2e-05,0.003872,0.027195,0.003181,7904,FALSE,0,13,12,13,11,257,470,157,290,0,200,0,80,0,0,0,0,0,0,0,0,0,0,0,0,0,0,80,0,0,1,0,0,0,0
UtilityControlRoom-COL-Z4T3N10,8,TRUE,NONE,1.1e-05,0.005374,0.024489,0.005172,8476,FALSE,0,13,12,13,12,257,630,257,470,0,0,0,160,0,0,0,0,0,0,0,0,0,0,0,0,0,0,0,0,0,0,0,0,0,0
UtilityControlRoom-COL-Z4T3N10,9,TRUE,NONE,3.4e-05,0.003906,0.023312,0.003265,7852,FALSE,0,13,12,13,11,257,470,177,350,0,160,0,40,0,0,0,0,0,0,0,0,0,0,0,0,0,0,40,0,0,1,0,0,0,0
UtilityControlRoom-COL-Z4T3N10,10,TRUE,NONE,3.8e-05,0.00419,0.035578,0.004819,8032,FALSE,0,13,12,13,11,257,470,217,390,0,0,0,40,0,0,0,0,0,0,0,0,0,0,0,0,0,0,40,0,0,1,0,0,0,0
UtilityControlRoom-COL-Z4T3N10,11,FALSE,NONE,3.2e-05,0.004132,0.008942,0.656063,10120,FALSE,0,13,12,13,11,257,470,207,380,0,170,0,40,0,0,0,0,0,0,0,0,0,0,0,0,0,0,0,0,0,1,0,0,0,0
UtilityControlRoom-COL-Z4T3N10,12,NONE,NONE,3.4e-05,0.003946,0.020144,0.0,115720,FALSE,0,13,12,13,11,257,470,257,470,0,0,0,0,0,0,0,0,0,0,0,0,0,0,0,0,0,0,0,0,0,1,0,0,0,0
UtilityControlRoom-COL-Z4T3N10,13,FALSE,NONE,3.5e-05,0.004054,0.023666,0.003309,7584,FALSE,0,13,12,13,11,257,470,157,290,0,170,0,80,0,0,0,0,0,0,0,0,0,0,0,0,0,0,80,0,0,1,0,0,0,0
UtilityControlRoom-COL-Z4T3N10,14,NONE,NONE,3.3e-05,0.003867,0.047307,0.0,270392,FALSE,0,13,12,13,11,257,470,207,380,0,80,0,40,0,0,0,0,0,0,0,0,0,0,0,0,0,0,40,0,0,1,0,0,0,0
UtilityControlRoom-COL-Z4T3N10,15,NONE,NONE,3.7e-05,0.004004,0.020089,0.0,63996,FALSE,0,13,12,13,11,257,470,116,290,0,290,0,40,0,0,0,0,0,0,0,0,1,0,0,0,0,0,40,0,0,1,0,0,0,0
UtilityControlRoom-COL-Z4T3N10,16,TRUE,NONE,3.3e-05,0.003868,0.02953,0.002801,7908,FALSE,0,13,12,13,11,257,470,157,290,0,200,0,80,0,0,0,0,0,0,0,0,0,0,0,0,0,0,80,0,0,1,0,0,0,0
UtilityControlRoom-COL-Z4T4N02,1,FALSE,NONE,4.1e-05,0.000962,0.000131,0.0,4996,TRUE,0,13,12,13,11,57,94,0,0,0,0,0,0,0,0,0,0,1,0,0,0,0,0,0,0,0,0,0,0,0,1,0,0,0,0
UtilityControlRoom-COL-Z4T4N02,2,FALSE,NONE,2.6e-05,0.000842,0.000118,0.0,5008,TRUE,0,13,12,13,11,57,94,0,0,0,0,0,0,0,0,0,0,1,0,0,0,0,0,0,0,0,0,0,0,0,1,0,0,0,0
UtilityControlRoom-COL-Z4T4N02,3,TRUE,NONE,3.6e-05,0.001042,0.000916,0.00256,7016,FALSE,0,13,12,13,11,57,94,57,94,0,0,0,0,0,0,0,0,0,0,0,0,0,0,0,0,0,0,0,0,0,1,0,0,0,0
UtilityControlRoom-COL-Z4T4N02,4,TRUE,NONE,1.3e-05,0.001246,0.001933,0.089857,6872,FALSE,0,13,12,13,12,57,126,45,74,2,0,0,40,0,0,0,0,0,0,0,0,0,0,0,0,0,0,16,0,0,0,0,0,0,0
UtilityControlRoom-COL-Z4T4N02,5,FALSE,NONE,3.4e-05,0.000849,0.001782,0.126886,6948,FALSE,0,13,12,13,11,57,94,55,84,0,0,0,8,0,0,0,0,0,0,0,0,0,0,0,0,0,0,8,0,0,1,0,0,0,0
UtilityControlRoom-COL-Z4T4N02,6,TRUE,NONE,1.1e-05,0.001253,0.002452,0.190928,7196,FALSE,0,13,12,13,12,57,126,55,84,0,0,0,40,0,0,0,0,0,0,0,0,0,0,0,0,0,0,8,0,0,0,0,0,0,0
UtilityControlRoom-COL-Z4T4N02,7,FALSE,NONE,2.6e-05,0.000889,0.000146,0.0,5012,TRUE,0,13,12,13,11,57,94,0,0,0,0,0,0,0,0,0,0,1,0,0,0,0,0,0,0,0,0,0,0,0,1,0,0,0,0
UtilityControlRoom-COL-Z4T4N02,8,FALSE,NONE,3.1e-05,0.001003,0.000934,0.232415,6936,FALSE,0,13,12,13,11,57,94,57,94,0,0,0,0,0,0,0,0,0,0,0,0,0,0,0,0,0,0,0,0,0,1,0,0,0,0
UtilityControlRoom-COL-Z4T4N02,9,TRUE,NONE,1.1e-05,0.001213,0.001418,0.228345,6876,FALSE,0,13,12,13,12,57,126,57,94,0,0,0,32,0,0,0,0,0,0,0,0,0,0,0,0,0,0,0,0,0,0,0,0,0,0
UtilityControlRoom-COL-Z4T4N02,10,TRUE,NONE,1.2e-05,0.001209,0.001329,0.00454,7152,FALSE,0,13,12,13,12,57,126,57,94,0,0,0,32,0,0,0,0,0,0,0,0,0,0,0,0,0,0,0,0,0,0,0,0,0,0
UtilityControlRoom-COL-Z4T4N02,11,TRUE,NONE,4e-05,0.000887,0.000127,0.0,4976,TRUE,0,13,12,13,11,57,94,0,0,0,0,0,0,0,0,0,0,1,0,0,0,0,0,0,0,0,0,0,0,0,1,0,0,0,0
UtilityControlRoom-COL-Z4T4N02,12,FALSE,NONE,2.9e-05,0.000979,0.000133,0.0,5000,TRUE,0,13,12,13,11,57,94,0,0,0,0,0,0,0,0,0,0,1,0,0,0,0,0,0,0,0,0,0,0,0,1,0,0,0,0
UtilityControlRoom-COL-Z4T4N02,13,FALSE,NONE,3.6e-05,0.000974,0.000981,0.393601,6932,FALSE,0,13,12,13,11,57,94,57,94,0,0,0,0,0,0,0,0,0,0,0,0,0,0,0,0,0,0,0,0,0,1,0,0,0,0
UtilityControlRoom-COL-Z4T4N02,14,TRUE,NONE,3.7e-05,0.000898,0.000579,0.351764,7004,FALSE,0,13,12,13,11,57,94,55,92,2,0,0,0,0,0,0,0,0,0,0,0,0,0,0,0,0,0,0,0,0,1,0,0,0,0
UtilityControlRoom-COL-Z4T4N02,15,TRUE,NONE,3.5e-05,0.000959,0.000951,0.194835,6940,FALSE,0,13,12,13,11,57,94,57,94,0,0,0,0,0,0,0,0,0,0,0,0,0,0,0,0,0,0,0,0,0,1,0,0,0,0
UtilityControlRoom-COL-Z4T4N02,16,FALSE,NONE,4.2e-05,0.001051,0.002013,0.14527,7008,FALSE,0,13,12,13,11,57,94,55,84,0,0,0,8,0,0,0,0,0,0,0,0,0,0,0,0,0,0,8,0,0,1,0,0,0,0
UtilityControlRoom-COL-Z4T4N04,1,TRUE,NONE,4.3e-05,0.001773,0.006626,0.002889,7004,FALSE,0,13,12,13,11,107,188,67,132,16,20,0,16,0,0,0,0,0,0,0,0,0,0,0,0,0,0,32,0,0,1,0,0,0,0
UtilityControlRoom-COL-Z4T4N04,2,NONE,NONE,1.5e-05,0.002122,0.007423,0.0,71960,FALSE,0,13,12,13,12,107,252,107,188,0,0,0,64,0,0,0,0,0,0,0,0,0,0,0,0,0,0,0,0,0,0,0,0,0,0
UtilityControlRoom-COL-Z4T4N04,3,FALSE,NONE,2.7e-05,0.00172,0.005716,0.003362,7584,FALSE,0,13,12,13,11,107,188,107,188,0,0,0,0,0,0,0,0,0,0,0,0,0,0,0,0,0,0,0,0,0,1,0,0,0,0
UtilityControlRoom-COL-Z4T4N04,4,FALSE,NONE,3.2e-05,0.001694,0.004014,0.002396,7004,FALSE,0,13,12,13,11,107,188,67,132,16,20,0,16,0,0,0,0,0,0,0,0,0,0,0,0,0,0,32,0,0,1,0,0,0,0
UtilityControlRoom-COL-Z4T4N04,5,TRUE,NONE,3.6e-05,0.001639,0.004175,1.02,10204,FALSE,0,13,12,13,11,107,188,83,148,0,4,0,16,0,0,0,0,0,0,0,0,0,0,0,0,0,0,32,0,0,1,0,0,0,0
UtilityControlRoom-COL-Z4T4N04,6,FALSE,NONE,3.1e-05,0.001751,0.005733,2.61706,11996,FALSE,0,13,12,13,11,107,188,107,188,0,0,0,0,0,0,0,0,0,0,0,0,0,0,0,0,0,0,0,0,0,1,0,0,0,0
UtilityControlRoom-COL-Z4T4N04,7,FALSE,NONE,4.4e-05,0.00184,0.005061,0.002854,7332,FALSE,0,13,12,13,11,107,188,107,188,0,0,0,0,0,0,0,0,0,0,0,0,0,0,0,0,0,0,0,0,0,1,0,0,0,0
UtilityControlRoom-COL-Z4T4N04,8,TRUE,NONE,1.3e-05,0.002323,0.004886,13.5761,25036,FALSE,0,13,12,13,12,107,252,67,132,16,20,0,80,0,0,0,0,0,0,0,0,0,0,0,0,0,0,32,0,0,0,0,0,0,0
UtilityControlRoom-COL-Z4T4N04,9,TRUE,NONE,3.4e-05,0.001801,0.013882,0.002937,7008,FALSE,0,13,12,13,11,107,188,71,136,16,16,0,16,0,0,0,0,0,0,0,0,0,0,0,0,0,0,32,0,0,1,0,0,0,0
UtilityControlRoom-COL-Z4T4N04,10,TRUE,NONE,3.5e-05,0.001587,0.006819,0.003202,7172,FALSE,0,13,12,13,11,107,188,103,184,0,16,0,0,0,0,0,0,0,0,0,0,0,0,0,0,0,0,0,0,0,1,0,0,0,0
UtilityControlRoom-COL-Z4T4N04,11,NONE,NONE,3.7e-05,0.001993,0.002706,0.0,94584,FALSE,0,13,12,13,11,107,188,91,172,16,16,0,0,0,0,0,0,0,0,0,0,0,0,0,0,0,0,0,0,0,1,0,0,0,0
UtilityControlRoom-COL-Z4T4N04,12,TRUE,NONE,5.1e-05,0.001808,0.005105,0.003155,7452,FALSE,0,13,12,13,11,107,188,107,188,0,0,0,0,0,0,0,0,0,0,0,0,0,0,0,0,0,0,0,0,0,1,0,0,0,0
UtilityControlRoom-COL-Z4T4N04,13,FALSE,NONE,4e-05,0.001939,0.004123,0.002801,7004,FALSE,0,13,12,13,11,107,188,67,132,16,20,0,16,0,0,0,0,0,0,0,0,0,0,0,0,0,0,32,0,0,1,0,0,0,0
UtilityControlRoom-COL-Z4T4N04,14,TRUE,NONE,4.2e-05,0.00206,0.003275,28.0574,44392,FALSE,0,13,12,13,11,107,188,83,148,0,4,0,16,0,0,0,0,0,0,0,0,0,0,0,0,0,0,32,0,0,1,0,0,0,0
UtilityControlRoom-COL-Z4T4N04,15,NONE,NONE,3.6e-05,0.001564,0.005778,0.0,103152,FALSE,0,13,12,13,11,107,188,107,188,0,0,0,0,0,0,0,0,0,0,0,0,0,0,0,0,0,0,0,0,0,1,0,0,0,0
UtilityControlRoom-COL-Z4T4N04,16,FALSE,NONE,3.4e-05,0.001959,0.004386,0.003678,7004,FALSE,0,13,12,13,11,107,188,67,132,16,20,0,16,0,0,0,0,0,0,0,0,0,0,0,0,0,0,32,0,0,1,0,0,0,0
UtilityControlRoom-COL-Z4T4N06,1,FALSE,NONE,4.9e-05,0.003433,0.006451,0.005143,7572,FALSE,0,13,12,13,11,157,282,157,282,0,0,0,0,0,0,0,0,0,0,0,0,0,0,0,0,0,0,0,0,0,1,0,0,0,0
UtilityControlRoom-COL-Z4T4N06,2,FALSE,NONE,3.5e-05,0.002464,0.006687,0.002848,7268,FALSE,0,13,12,13,11,157,282,85,186,0,96,0,24,0,0,0,0,0,0,0,0,0,0,0,0,0,0,120,0,0,1,0,0,0,0
UtilityControlRoom-COL-Z4T4N06,3,TRUE,NONE,3.6e-05,0.002314,0.009492,0.003113,7268,FALSE,0,13,12,13,11,157,282,103,204,0,0,0,24,0,0,0,0,0,0,0,0,0,0,0,0,0,0,168,0,0,1,0,0,0,0
UtilityControlRoom-COL-Z4T4N06,4,NONE,NONE,2.5e-05,0.002534,0.00657,0.0,173168,FALSE,0,13,12,13,11,157,282,157,282,0,0,0,0,0,0,0,0,0,0,0,0,0,0,0,0,0,0,0,0,0,1,0,0,0,0
UtilityControlRoom-COL-Z4T4N06,5,FALSE,NONE,3.4e-05,0.002513,0.009503,0.00341,7536,FALSE,0,13,12,13,11,157,282,109,210,0,0,0,24,0,0,0,0,0,0,0,0,0,0,0,0,0,0,144,0,0,1,0,0,0,0
UtilityControlRoom-COL-Z4T4N06,6,FALSE,NONE,9.1e-05,0.003715,0.006471,0.003379,7868,FALSE,0,13,12,13,11,157,282,157,282,0,0,0,0,0,0,0,0,0,0,0,0,0,0,0,0,0,0,0,0,0,1,0,0,0,0
UtilityControlRoom-COL-Z4T4N06,7,NONE,NONE,6e-06,0.006173,0.006877,0.0,156876,FALSE,0,13,12,13,12,157,378,133,234,0,96,0,120,0,0,0,0,0,0,0,0,0,0,0,0,0,0,0,0,0,0,0,0,0,0
UtilityControlRoom-COL-Z4T4N06,8,TRUE,NONE,3.8e-05,0.003019,0.012797,3.8468,46368,FALSE,0,13,12,13,11,157,282,127,228,0,0,0,24,0,0,0,0,0,0,0,0,0,0,0,0,0,0,48,0,0,1,0,0,0,0
UtilityControlRoom-COL-Z4T4N06,9,FALSE,NONE,2.9e-05,0.002251,0.006596,0.00589,7592,FALSE,0,13,12,13,11,157,282,157,282,0,0,0,0,0,0,0,0,0,0,0,0,0,0,0,0,0,0,0,0,0,1,0,0,0,0
UtilityControlRoom-COL-Z4T4N06,10,NONE,NONE,3e-05,0.002265,0.006758,0.0,83232,FALSE,0,13,12,13,11,157,282,157,282,0,0,0,0,0,0,0,0,0,0,0,0,0,0,0,0,0,0,0,0,0,1,0,0,0,0
UtilityControlRoom-COL-Z4T4N06,11,TRUE,NONE,3.5e-05,0.00233,0.008368,0.003268,7260,FALSE,0,13,12,13,11,157,282,79,252,0,144,0,24,0,0,0,0,0,0,0,0,0,0,0,0,0,0,144,0,0,1,0,0,0,0
UtilityControlRoom-COL-Z4T4N06,12,NONE,NONE,3.6e-05,0.002306,0.011165,0.0,106396,FALSE,0,13,12,13,11,157,282,109,210,0,0,0,24,0,0,0,0,0,0,0,0,0,0,0,0,0,0,144,0,0,1,0,0,0,0
UtilityControlRoom-COL-Z4T4N06,13,TRUE,NONE,3.4e-05,0.00239,0.012443,0.004286,7476,FALSE,0,13,12,13,11,157,282,151,276,0,0,0,0,0,0,0,0,0,0,0,0,0,0,0,0,0,0,24,0,0,1,0,0,0,0
UtilityControlRoom-COL-Z4T4N06,14,TRUE,NONE,2.8e-05,0.002576,0.006576,0.002671,7532,FALSE,0,13,12,13,11,157,282,85,186,0,96,0,24,0,0,0,0,0,0,0,0,0,0,0,0,0,0,120,0,0,1,0,0,0,0
UtilityControlRoom-COL-Z4T4N06,15,TRUE,NONE,3.5e-05,0.002327,0.008459,0.002713,7268,FALSE,0,13,12,13,11,157,282,49,228,0,144,6,24,0,0,0,0,0,0,0,0,0,0,0,0,0,0,240,0,0,1,0,0,0,0
UtilityControlRoom-COL-Z4T4N06,16,FALSE,NONE,4e-05,0.002731,0.007305,0.006221,7732,FALSE,0,13,12,13,11,157,282,157,282,0,0,0,0,0,0,0,0,0,0,0,0,0,0,0,0,0,0,0,0,0,1,0,0,0,0
UtilityControlRoom-COL-Z4T4N08,1,FALSE,NONE,4.4e-05,0.002676,0.010806,0.002508,7644,FALSE,0,13,12,13,11,206,376,21,136,0,200,9,160,0,0,0,0,0,0,0,0,0,0,0,0,0,0,352,0,0,1,0,0,0,0
UtilityControlRoom-COL-Z4T4N08,2,FALSE,NONE,1.2e-05,0.004268,0.020619,0.004381,8520,FALSE,0,13,12,13,12,206,504,206,376,0,0,0,0,0,0,0,0,0,0,0,128,0,0,0,0,0,0,0,0,0,0,0,0,0,0
UtilityControlRoom-COL-Z4T4N08,3,FALSE,NONE,3.5e-05,0.003235,0.011401,0.003726,7960,FALSE,0,13,12,13,11,206,376,134,272,0,64,0,32,0,0,0,0,0,0,0,0,0,0,0,0,0,0,64,0,0,1,0,0,0,0
UtilityControlRoom-COL-Z4T4N08,4,FALSE,NONE,1.4e-05,0.004272,0.01499,0.004022,8252,FALSE,0,13,12,13,12,206,504,174,312,32,128,0,32,0,0,0,0,0,0,0,128,0,0,0,0,0,0,0,0,0,0,0,0,0,0
UtilityControlRoom-COL-Z4T4N08,5,TRUE,NONE,3.8e-05,0.00301,0.015395,0.002958,7532,FALSE,0,13,12,13,11,206,376,54,168,0,224,8,160,0,0,0,0,0,0,0,0,0,0,0,0,0,0,320,0,0,1,0,0,0,0
UtilityControlRoom-COL-Z4T4N08,6,TRUE,NONE,3.9e-05,0.00306,0.014818,0.002514,7760,FALSE,0,13,12,13,11,206,376,54,168,0,224,8,160,0,0,0,0,0,0,0,0,0,0,0,0,0,0,320,0,0,1,0,0,0,0
UtilityControlRoom-COL-Z4T4N08,7,FALSE,NONE,3.4e-05,0.002887,0.010573,0.003271,7876,FALSE,0,13,12,13,11,206,376,110,248,0,128,0,32,0,0,0,0,0,0,0,0,0,0,0,0,0,0,160,0,0,1,0,0,0,0
UtilityControlRoom-COL-Z4T4N08,8,FALSE,NONE,3.7e-05,0.003104,0.02365,0.002947,7452,FALSE,0,13,12,13,11,206,376,30,144,0,256,8,160,0,0,0,0,0,0,0,0,0,0,0,0,0,0,320,0,0,1,0,0,0,0
UtilityControlRoom-COL-Z4T4N08,9,TRUE,NONE,3.7e-05,0.003135,0.011043,0.004383,7528,FALSE,0,13,12,13,11,206,376,61,200,0,232,0,32,0,0,0,0,0,0,0,0,1,0,0,0,0,0,160,0,0,1,0,0,0,0
UtilityControlRoom-COL-Z4T4N08,10,FALSE,NONE,3.4e-05,0.003244,0.010551,0.00362,7896,FALSE,0,13,12,13,11,206,376,110,248,0,128,0,32,0,0,0,0,0,0,0,0,0,0,0,0,0,0,160,0,0,1,0,0,0,0
UtilityControlRoom-COL-Z4T4N08,11,FALSE,NONE,3.7e-05,0.003118,0.011578,0.003052,7532,FALSE,0,13,12,13,11,206,376,102,208,0,64,0,64,0,0,0,0,0,0,0,0,0,0,0,0,0,0,224,0,0,1,0,0,0,0
UtilityControlRoom-COL-Z4T4N08,12,FALSE,NONE,3.5e-05,0.003277,0.023499,0.002911,7644,FALSE,0,13,12,13,11,206,376,30,144,0,256,8,160,0,0,0,0,0,0,0,0,0,0,0,0,0,0,320,0,0,1,0,0,0,0
UtilityControlRoom-COL-Z4T4N08,13,TRUE,NONE,3.6e-05,0.003133,0.012967,0.002874,7640,FALSE,0,13,12,13,11,206,376,21,136,0,200,9,160,0,0,0,0,0,0,0,0,0,0,0,0,0,0,352,0,0,1,0,0,0,0
UtilityControlRoom-COL-Z4T4N08,14,FALSE,NONE,3.6e-05,0.003063,0.023512,0.002916,7644,FALSE,0,13,12,13,11,206,376,30,144,0,256,8,160,0,0,0,0,0,0,0,0,0,0,0,0,0,0,320,0,0,1,0,0,0,0
UtilityControlRoom-COL-Z4T4N08,15,NONE,NONE,1.6e-05,0.004478,0.021078,0.0,88388,FALSE,0,13,12,13,12,206,504,206,376,0,0,0,0,0,0,0,0,0,0,0,128,0,0,0,0,0,0,0,0,0,0,0,0,0,0
UtilityControlRoom-COL-Z4T4N08,16,TRUE,NONE,3.3e-05,0.003182,0.010963,0.00757,8252,FALSE,0,13,12,13,11,206,376,206,376,0,0,0,0,0,0,0,0,0,0,0,0,0,0,0,0,0,0,0,0,0,1,0,0,0,0
UtilityControlRoom-COL-Z4T4N10,1,NONE,NONE,3.8e-05,0.004812,0.035388,0.0,258820,FALSE,0,13,12,13,11,257,470,257,470,0,0,0,0,0,0,0,0,0,0,0,0,0,0,0,0,0,0,0,0,0,1,0,0,0,0
UtilityControlRoom-COL-Z4T4N10,2,FALSE,NONE,3.6e-05,0.003844,0.036524,0.005571,7888,FALSE,0,13,12,13,11,257,470,217,430,40,40,0,0,0,0,0,0,0,0,0,0,0,0,0,0,0,0,0,0,0,1,0,0,0,0
UtilityControlRoom-COL-Z4T4N10,3,NONE,NONE,1.3e-05,0.005613,0.043531,0.0,81028,FALSE,0,13,12,13,12,257,630,257,470,0,0,0,160,0,0,0,0,0,0,0,0,0,0,0,0,0,0,0,0,0,0,0,0,0,0
UtilityControlRoom-COL-Z4T4N10,4,FALSE,NONE,3.7e-05,0.00453,0.067242,0.003076,7700,FALSE,0,13,12,13,11,257,470,127,300,40,40,0,40,0,0,0,0,0,0,0,0,0,0,0,0,0,0,280,0,0,1,0,0,0,0
UtilityControlRoom-COL-Z4T4N10,5,NONE,NONE,3.3e-05,0.004386,0.024729,0.0,133184,FALSE,0,13,12,13,11,257,470,246,460,0,40,1,0,0,0,0,0,0,0,0,0,0,0,0,0,0,0,0,0,0,1,0,0,0,0
UtilityControlRoom-COL-Z4T4N10,6,TRUE,NONE,3.2e-05,0.004277,0.075804,0.004439,7900,FALSE,0,13,12,13,11,257,470,207,380,0,0,0,40,0,0,0,0,0,0,0,0,0,0,0,0,0,0,80,0,0,1,0,0,0,0
UtilityControlRoom-COL-Z4T4N10,7,TRUE,NONE,3.3e-05,0.004152,0.04112,0.003304,8024,FALSE,0,13,12,13,11,257,470,156,330,40,80,1,40,0,0,0,0,0,0,0,0,0,0,0,0,0,0,240,0,0,1,0,0,0,0
UtilityControlRoom-COL-Z4T4N10,8,TRUE,NONE,3.5e-05,0.003991,0.075309,0.004401,7864,FALSE,0,13,12,13,11,257,470,167,340,40,40,0,40,0,0,0,0,0,0,0,0,0,0,0,0,0,0,80,0,0,1,0,0,0,0
UtilityControlRoom-COL-Z4T4N10,9,FALSE,NONE,3.5e-05,0.004069,0.054001,0.006511,7824,FALSE,0,13,12,13,11,257,470,196,370,40,80,1,40,0,0,0,0,0,0,0,0,0,0,0,0,0,0,40,0,0,1,0,0,0,0
UtilityControlRoom-COL-Z4T4N10,10,FALSE,NONE,3.9e-05,0.004458,0.035283,0.352859,8228,FALSE,0,13,12,13,11,257,470,257,470,0,0,0,0,0,0,0,0,0,0,0,0,0,0,0,0,0,0,0,0,0,1,0,0,0,0
UtilityControlRoom-COL-Z4T4N10,11,FALSE,NONE,3.9e-05,0.004741,0.074404,0.004575,8388,FALSE,0,13,12,13,11,257,470,247,420,0,0,0,40,0,0,0,0,0,0,0,0,0,0,0,0,0,0,40,0,0,1,0,0,0,0
UtilityControlRoom-COL-Z4T4N10,12,NONE,NONE,3.6e-05,0.00404,0.075791,0.0,140176,FALSE,0,13,12,13,11,257,470,167,340,40,40,0,40,0,0,0,0,0,0,0,0,0,0,0,0,0,0,80,0,0,1,0,0,0,0
UtilityControlRoom-COL-Z4T4N10,13,TRUE,NONE,3e-05,0.004093,0.036708,0.0077,8008,FALSE,0,13,12,13,11,257,470,257,470,0,0,0,0,0,0,0,0,0,0,0,0,0,0,0,0,0,0,0,0,0,1,0,0,0,0
UtilityControlRoom-COL-Z4T4N10,14,NONE,NONE,3.5e-05,0.004044,0.034237,0.0,153008,FALSE,0,13,12,13,11,257,470,257,470,0,0,0,0,0,0,0,0,0,0,0,0,0,0,0,0,0,0,0,0,0,1,0,0,0,0
UtilityControlRoom-COL-Z4T4N10,15,FALSE,NONE,3.5e-05,0.003943,0.060593,0.003191,7704,FALSE,0,13,12,13,11,257,470,127,300,40,40,0,40,0,0,0,0,0,0,0,0,0,0,0,0,0,0,280,0,0,1,0,0,0,0
UtilityControlRoom-COL-Z4T4N10,16,TRUE,NONE,3.5e-05,0.003996,0.034512,0.005551,7980,FALSE,0,13,12,13,11,257,470,257,470,0,0,0,0,0,0,0,0,0,0,0,0,0,0,0,0,0,0,0,0,0,1,0,0,0,0
VehicularWifi-COL-none,1,TRUE,NONE,0.00015,0.054952,0.158614,0.006803,13804,FALSE,0,21,41,21,41,994,4396,557,1616,0,0,0,8,2792,0,0,0,1,0,0,0,656,0,0,0,0,0,16,0,0,0,0,0,0,0
VehicularWifi-COL-none,2,FALSE,NONE,0.000183,0.057977,0.010189,0.0,8468,TRUE,0,21,41,21,41,994,4396,0,0,0,0,0,0,0,0,0,0,1,0,0,0,0,0,0,0,0,0,0,0,0,0,0,0,0,0
VehicularWifi-COL-none,3,NONE,NONE,0.00015,0.053496,0.148683,0.0,168364,FALSE,0,21,41,21,41,994,4396,502,1600,0,21,0,8,2792,0,0,0,1,0,0,0,557,0,0,0,0,0,48,0,0,0,0,0,0,0
VehicularWifi-COL-none,4,FALSE,NONE,0.000116,0.047661,0.008724,0.0,8468,TRUE,0,21,41,21,41,994,4396,0,0,0,0,0,0,0,0,0,0,1,0,0,0,0,0,0,0,0,0,0,0,0,0,0,0,0,0
VehicularWifi-COL-none,5,FALSE,NONE,0.000174,0.051747,0.009547,0.0,8468,TRUE,0,21,41,21,41,994,4396,0,0,0,0,0,0,0,0,0,0,1,0,0,0,0,0,0,0,0,0,0,0,0,0,0,0,0,0
VehicularWifi-COL-none,6,TRUE,NONE,0.000145,0.04674,0.158383,0.006636,13676,FALSE,0,21,41,21,41,994,4396,524,1600,0,0,0,8,2792,0,0,0,1,0,0,0,605,0,0,0,0,0,48,0,0,0,0,0,0,0
VehicularWifi-COL-none,7,FALSE,NONE,0.000178,0.048444,0.008577,0.0,8468,TRUE,0,21,41,21,41,994,4396,0,0,0,0,0,0,0,0,0,0,1,0,0,0,0,0,0,0,0,0,0,0,0,0,0,0,0,0
VehicularWifi-COL-none,8,TRUE,NONE,0.000165,0.046161,0.147248,0.012,15420,FALSE,0,21,41,21,41,994,4396,539,1600,0,0,0,8,2792,0,0,0,1,0,0,0,650,0,0,0,0,0,48,0,0,0,0,0,0,0
VehicularWifi-COL-none,9,TRUE,NONE,0.000135,0.052506,0.009274,0.0,8468,TRUE,0,21,41,21,41,994,4396,0,0,0,0,0,0,0,0,0,0,1,0,0,0,0,0,0,0,0,0,0,0,0,0,0,0,0,0
VehicularWifi-COL-none,10,FALSE,NONE,0.000147,0.051932,0.008745,0.0,8700,TRUE,0,21,41,21,41,994,4396,0,0,0,0,0,0,0,0,0,0,1,0,0,0,0,0,0,0,0,0,0,0,0,0,0,0,0,0
VehicularWifi-COL-none,11,FALSE,NONE,0.000164,0.047544,0.008225,0.0,8472,TRUE,0,21,41,21,41,994,4396,0,0,0,0,0,0,0,0,0,0,1,0,0,0,0,0,0,0,0,0,0,0,0,0,0,0,0,0
VehicularWifi-COL-none,12,FALSE,NONE,0.000219,0.054513,0.009622,0.0,8732,TRUE,0,21,41,21,41,994,4396,0,0,0,0,0,0,0,0,0,0,1,0,0,0,0,0,0,0,0,0,0,0,0,0,0,0,0,0
VehicularWifi-COL-none,13,FALSE,NONE,0.000228,0.04771,0.008849,0.0,8468,TRUE,0,21,41,21,41,994,4396,0,0,0,0,0,0,0,0,0,0,1,0,0,0,0,0,0,0,0,0,0,0,0,0,0,0,0,0
VehicularWifi-COL-none,14,TRUE,NONE,0.000121,0.048004,0.158308,0.015942,13636,FALSE,0,21,41,21,41,994,4396,504,1600,0,0,0,8,2792,0,0,0,1,0,0,0,545,0,0,0,0,0,48,0,0,0,0,0,0,0
VehicularWifi-COL-none,15,TRUE,NONE,0.000148,0.046403,0.171444,0.017604,15348,FALSE,0,21,41,21,41,994,4396,516,1600,0,21,0,8,2792,0,0,0,1,0,0,0,613,0,0,0,0,0,48,0,0,0,0,0,0,0
VehicularWifi-COL-none,16,FALSE,NONE,0.000204,0.052617,0.010786,0.0,8472,TRUE,0,21,41,21,41,994,4396,0,0,0,0,0,0,0,0,0,0,1,0,0,0,0,0,0,0,0,0,0,0,0,0,0,0,0,0
